mode,set,day,timestamp,position_before,position_after,position_band,best_bid,best_ask,spread,mid_price,microprice,anchor_offset,richness_bucket,top_imbalance,micro_gap,pressure_bucket,ret1,shock,shock_bucket,order_count,actual_primary_label,actual_family,aggressive_buy_qty,aggressive_sell_qty,aggressive_qty,passive_buy_qty,passive_sell_qty,passive_inside_buy_qty,passive_inside_sell_qty,max_take_depth,exact_best_action,exact_best_family,exact_value,best_runner_up,ev_gap,actual_family_value,recoverable_value,hosted_ref_class,hosted_count,hosted_qty,hosted_markout_h10_avg
default,round1-day-0,0,300,0,0,flat_19,10000,10010,10,10005.0,10002.105263157895,5.0,rich,-0.5789473684210527,-2.894736842104976,sell_pressure,1.5,False,steady,1,passive_one_sided_sell,one_sided_mm,0,0,0,0,12,0,12,0,hold,hold,645.0,mm_join_12,0.0,645.0,0.0,passive_inside_sell,,,
default,round1-day-0,0,4800,-6,-6,flat_19,9998,10009,11,10003.5,9999.941176470587,3.5,rich,-0.6470588235294118,-3.5588235294126207,sell_pressure,1.5,False,steady,1,passive_one_sided_sell,one_sided_mm,0,0,0,0,12,0,12,0,hold,hold,-59373.0,mm_join_12,0.0,-59373.0,0.0,passive_inside_sell,,,
default,round1-day-0,0,8400,-7,-7,flat_19,9998,10008,10,10003.0,10000.142857142857,3.0,rich,-0.5714285714285714,-2.857142857143117,sell_pressure,2.5,False,steady,1,passive_one_sided_sell,one_sided_mm,0,0,0,0,12,0,12,0,hold,hold,-69407.0,mm_join_12,0.0,-69407.0,0.0,passive_inside_sell,,,
default,round1-day-0,0,9400,-7,-7,flat_19,9992,10002,10,9997.0,9999.894736842105,-3.0,cheap,0.5789473684210527,2.894736842104976,buy_pressure,-3.0,False,steady,1,passive_one_sided_buy,one_sided_mm,0,0,0,13,0,13,0,0,hold,hold,-69407.0,mm_join_12,0.0,-69407.0,0.0,passive_inside_buy,,,
default,round1-day-0,0,14200,-12,-12,flat_19,9999,10010,11,10004.5,10001.588235294117,4.5,rich,-0.5294117647058824,-2.911764705882888,sell_pressure,9.5,True,shock,1,passive_one_sided_sell,one_sided_mm,0,0,0,0,9,0,9,0,hold,hold,-119427.0,mm_join_12,0.0,-119427.0,0.0,passive_inside_sell,,,
default,round1-day-0,0,14400,-12,-12,flat_19,9994,10003,9,9998.5,10000.42857142857,-1.5,neutral,0.42857142857142855,1.928571428570649,buy_pressure,-3.5,True,shock,2,passive_two_sided,mm_inside,0,0,0,9,9,9,0,0,hold,hold,-119427.0,mm_join_12,0.0,-119427.0,0.0,,,,
default,round1-day-0,0,15900,-12,-12,flat_19,9993,10003,10,9998.0,10001.235294117647,-2.0,cheap,0.6470588235294118,3.235294117646845,buy_pressure,-1.5,False,steady,1,passive_one_sided_sell,one_sided_mm,0,0,0,0,12,0,0,0,hold,hold,-119427.0,mm_join_12,0.0,-119427.0,0.0,passive_inside_sell,,,
default,round1-day-0,0,16100,-12,-12,flat_19,9994,10003,9,9998.5,10001.8,-1.5,neutral,0.7333333333333333,3.2999999999992724,buy_pressure,-1.5,False,steady,2,passive_two_sided,mm_inside,0,0,0,12,12,12,0,0,hold,hold,-119427.0,mm_join_12,0.0,-119427.0,0.0,,,,
default,round1-day-0,0,18700,-19,-19,flat_19,9994,10003,9,9998.5,10001.875,-1.5,neutral,0.75,3.375,buy_pressure,-3.5,True,shock,2,passive_two_sided,mm_inside,0,0,0,9,9,9,0,0,hold,hold,-189441.0,mm_join_12,0.0,-189441.0,0.0,,,,
default,round1-day-0,0,20500,-26,-26,short_20_39,9990,10002,12,9996.0,10001.111111111111,-4.0,cheap,0.8518518518518519,5.111111111111313,buy_pressure,-4.0,True,shock,1,passive_one_sided_buy,one_sided_mm,0,0,0,10,0,10,0,0,hold,hold,-259462.0,mm_join_12,0.0,-259462.0,0.0,passive_inside_buy,,,
default,round1-day-0,0,21100,-26,-26,short_20_39,9998,10008,10,10003.0,9999.42857142857,3.0,rich,-0.7142857142857143,-3.571428571429351,sell_pressure,2.0,False,steady,1,passive_one_sided_sell,one_sided_mm,0,0,0,0,12,0,12,0,hold,hold,-259462.0,mm_join_12,0.0,-259462.0,0.0,passive_inside_sell,,,
default,round1-day-0,0,25100,-32,-32,short_20_39,9999,10009,10,10004.0,10001.777777777777,4.0,rich,-0.4444444444444444,-2.2222222222226264,sell_pressure,-5.0,True,shock,1,passive_one_sided_sell,one_sided_mm,0,0,0,0,9,0,9,0,hold,hold,-319480.0,mm_join_12,0.0,-319480.0,0.0,passive_inside_sell,,,
default,round1-day-0,0,29500,-17,-17,flat_19,9998,10011,13,10004.5,9999.181818181818,4.5,rich,-0.8181818181818182,-5.3181818181819835,sell_pressure,4.0,True,shock,1,passive_one_sided_sell,one_sided_mm,0,0,0,0,9,0,9,0,hold,hold,-169495.0,mm_join_12,0.0,-169495.0,0.0,passive_inside_sell,,,
default,round1-day-0,0,31400,-17,-17,flat_19,9998,10011,13,10004.5,10000.407407407407,4.5,rich,-0.6296296296296297,-4.092592592593064,sell_pressure,3.5,True,shock,1,passive_one_sided_sell,one_sided_mm,0,0,0,0,9,0,9,0,hold,hold,-169495.0,mm_join_12,0.0,-169495.0,0.0,passive_inside_sell,,,
default,round1-day-0,0,32200,-17,-17,flat_19,9999,10010,11,10004.5,10000.466666666667,4.5,rich,-0.7333333333333333,-4.033333333332848,sell_pressure,4.5,True,shock,1,passive_one_sided_sell,one_sided_mm,0,0,0,0,9,0,9,0,hold,hold,-169495.0,mm_join_12,0.0,-169495.0,0.0,passive_inside_sell,,,
default,round1-day-0,0,32500,-17,-17,flat_19,9993,10002,9,9997.5,10000.5,-2.5,cheap,0.6666666666666666,3.0,buy_pressure,-3.5,True,shock,1,passive_one_sided_buy,one_sided_mm,0,0,0,10,0,10,0,0,hold,hold,-169495.0,mm_join_12,0.0,-169495.0,0.0,passive_inside_buy,,,
default,round1-day-0,0,33600,-17,-17,flat_19,9999,10009,10,10004.0,10000.875,4.0,rich,-0.625,-3.125,sell_pressure,3.5,True,shock,1,passive_one_sided_sell,one_sided_mm,0,0,0,0,9,0,9,0,hold,hold,-169495.0,mm_join_12,0.0,-169495.0,0.0,passive_inside_sell,,,
default,round1-day-0,0,36300,-17,-17,flat_19,9992,10002,10,9997.0,9999.222222222223,-3.0,cheap,0.4444444444444444,2.2222222222226264,buy_pressure,-4.0,True,shock,1,passive_one_sided_buy,one_sided_mm,0,0,0,10,0,10,0,0,hold,hold,-169495.0,mm_join_12,0.0,-169495.0,0.0,passive_inside_buy,,,
default,round1-day-0,0,36400,-17,-17,flat_19,9992,10002,10,9997.0,9999.058823529413,-3.0,cheap,0.4117647058823529,2.0588235294126207,buy_pressure,0.0,False,steady,1,passive_one_sided_buy,one_sided_mm,0,0,0,13,0,13,0,0,hold,hold,-169495.0,mm_join_12,0.0,-169495.0,0.0,passive_inside_buy,,,
default,round1-day-0,0,42400,-17,-17,flat_19,9993,10002,9,9997.5,9999.6,-2.5,cheap,0.4666666666666667,2.100000000000364,buy_pressure,-3.5,True,shock,1,passive_one_sided_buy,one_sided_mm,0,0,0,10,0,10,0,0,hold,hold,-169495.0,mm_join_12,0.0,-169495.0,0.0,passive_inside_buy,,,
default,round1-day-0,0,46000,-7,-7,flat_19,9991,10001,10,9996.0,9998.64705882353,-4.0,cheap,0.5294117647058824,2.6470588235297328,buy_pressure,-4.0,True,shock,1,passive_one_sided_buy,one_sided_mm,0,0,0,10,0,10,0,0,buy_take1_16,take1,-69511.0,hold,4.0,-69515.0,4.0,passive_inside_buy,,,
default,round1-day-0,0,47200,-7,-7,flat_19,9991,10001,10,9996.0,9999.823529411764,-4.0,cheap,0.7647058823529411,3.823529411763957,buy_pressure,-4.0,True,shock,1,passive_one_sided_buy,one_sided_mm,0,0,0,10,0,10,0,0,buy_take1_16,take1,-69515.0,hold,2.0,-69517.0,2.0,passive_inside_buy,,,
default,round1-day-0,0,47700,-7,-7,flat_19,9990,10000,10,9995.0,9996.875,-5.0,cheap,0.375,1.875,buy_pressure,-4.5,True,shock,1,passive_one_sided_buy,one_sided_mm,0,0,0,10,0,10,0,0,buy_take1_16,take1,-69517.0,hold,10.0,-69527.0,10.0,passive_inside_buy,,,
default,round1-day-0,0,52400,-7,-7,flat_19,9990,10000,10,9995.0,9998.75,-5.0,cheap,0.75,3.75,buy_pressure,-4.0,True,shock,1,passive_one_sided_buy,one_sided_mm,0,0,0,10,0,10,0,0,buy_take1_16,take1,-69527.0,hold,4.0,-69531.0,4.0,passive_inside_buy,,,
default,round1-day-0,0,53700,-7,-7,flat_19,9999,10008,9,10003.5,10001.1,3.5,rich,-0.5333333333333333,-2.399999999999636,sell_pressure,5.5,True,shock,1,passive_one_sided_sell,one_sided_mm,0,0,0,0,9,0,9,0,hold,hold,-69531.0,mm_join_12,0.0,-69531.0,0.0,passive_inside_sell,,,
default,round1-day-0,0,56000,-7,-7,flat_19,9988,9997,9,9992.5,9995.615384615385,-7.5,cheap,0.6923076923076923,3.1153846153847553,buy_pressure,-11.5,True,shock,1,passive_one_sided_buy,one_sided_mm,0,0,0,10,0,10,0,0,buy_take1_16,take1,-69531.0,hold,10.0,-69541.0,10.0,passive_inside_buy,,,
default,round1-day-0,0,65600,2,2,flat_19,9995,10008,13,10001.5,9995.619047619048,1.5,neutral,-0.9047619047619048,-5.880952380952294,sell_pressure,4.5,True,shock,2,passive_two_sided,mm_inside,0,0,0,9,9,0,9,0,hold,hold,20373.0,mm_join_12,0.0,20373.0,0.0,,,,
default,round1-day-0,0,66400,2,2,flat_19,9994,10005,11,9999.5,9996.588235294117,-0.5,neutral,-0.5294117647058824,-2.911764705882888,sell_pressure,2.5,False,steady,1,passive_one_sided_sell,one_sided_mm,0,0,0,0,12,0,12,0,hold,hold,20373.0,mm_join_12,0.0,20373.0,0.0,passive_inside_sell,,,
default,round1-day-0,0,69600,15,15,flat_19,9994,10005,11,9999.5,9996.357142857143,-0.5,neutral,-0.5714285714285714,-3.142857142856883,sell_pressure,4.0,True,shock,1,passive_one_sided_sell,one_sided_mm,0,0,0,0,9,0,9,0,hold,hold,150295.0,mm_join_12,0.0,150295.0,0.0,passive_inside_sell,,,
default,round1-day-0,0,71600,22,22,long_20_39,9990,9999,9,9994.5,9997.941176470587,-5.5,cheap,0.7647058823529411,3.4411764705873793,buy_pressure,-3.5,True,shock,1,passive_one_sided_buy,one_sided_mm,0,0,0,10,0,10,0,0,buy_take1_16,take1,220260.0,hold,8.0,220252.0,8.0,passive_inside_buy,,,
default,round1-day-0,0,75900,22,22,long_20_39,9999,10009,10,10004.0,10002.333333333334,4.0,rich,-0.3333333333333333,-1.6666666666660603,mixed_pressure,3.0,False,steady,1,passive_one_sided_buy,one_sided_mm,0,0,0,12,0,0,0,0,hold,hold,220252.0,mm_join_12,0.0,220252.0,0.0,passive_inside_buy,,,
default,round1-day-0,0,76100,22,22,long_20_39,9993,10002,9,9997.5,10000.2,-2.5,cheap,0.6,2.7000000000007276,buy_pressure,-11.5,True,shock,1,passive_one_sided_buy,one_sided_mm,0,0,0,13,0,13,0,0,buy_take1_16,take1,220252.0,hold,3.0,220249.0,3.0,passive_inside_buy,,,
default,round1-day-0,0,79700,4,4,flat_19,9992,10004,12,9998.0,10003.111111111111,-2.0,cheap,0.8518518518518519,5.111111111111313,buy_pressure,-2.5,False,steady,1,passive_one_sided_sell,one_sided_mm,0,0,0,0,12,0,0,0,hold,hold,40165.0,mm_join_12,0.0,40165.0,0.0,passive_inside_sell,1,9,1.0
default,round1-day-0,0,80500,4,4,flat_19,9992,10004,12,9998.0,10001.692307692309,-2.0,cheap,0.6153846153846154,3.692307692308532,buy_pressure,-3.0,False,steady,1,passive_one_sided_sell,one_sided_mm,0,0,0,0,12,0,0,0,hold,hold,40165.0,mm_join_12,0.0,40165.0,0.0,passive_inside_sell,1,9,1.0
default,round1-day-0,0,84100,4,4,flat_19,9994,10005,11,9999.5,9996.357142857143,-0.5,neutral,-0.5714285714285714,-3.142857142856883,sell_pressure,3.5,True,shock,1,passive_one_sided_sell,one_sided_mm,0,0,0,0,9,0,9,0,hold,hold,40165.0,mm_join_12,0.0,40165.0,0.0,passive_inside_sell,,,
default,round1-day-0,0,85300,14,14,flat_19,9994,10005,11,9999.5,9996.315789473685,-0.5,neutral,-0.5789473684210527,-3.184210526314928,sell_pressure,3.0,False,steady,1,passive_one_sided_sell,one_sided_mm,0,0,0,0,12,0,12,0,hold,hold,140115.0,mm_join_12,0.0,140115.0,0.0,passive_inside_sell,,,
default,round1-day-0,0,87700,21,21,long_20_39,9988,10000,12,9994.0,9998.222222222223,-6.0,cheap,0.7037037037037037,4.222222222222626,buy_pressure,4.0,True,shock,1,passive_one_sided_buy,one_sided_mm,0,0,0,10,0,10,0,0,buy_take1_16,take1,210087.0,hold,12.0,210075.0,12.0,passive_inside_buy,,,
default,round1-day-0,0,89800,17,17,flat_19,10000,10010,10,10005.0,10002.105263157895,5.0,rich,-0.5789473684210527,-2.894736842104976,sell_pressure,2.0,False,steady,1,passive_one_sided_sell,one_sided_mm,0,0,0,0,12,0,12,0,hold,hold,170063.0,mm_join_12,0.0,170063.0,0.0,passive_inside_sell,,,
default,round1-day-0,0,91900,17,17,flat_19,10000,10011,11,10005.5,10003.055555555555,5.5,rich,-0.4444444444444444,-2.444444444445253,sell_pressure,2.0,False,steady,1,passive_one_sided_sell,one_sided_mm,0,0,0,0,12,0,12,0,hold,hold,170063.0,mm_join_12,0.0,170063.0,0.0,passive_inside_sell,,,
default,round1-day-0,0,92100,17,17,flat_19,10000,10010,10,10005.0,10002.777777777777,5.0,rich,-0.4444444444444444,-2.2222222222226264,sell_pressure,2.0,False,steady,1,passive_one_sided_sell,one_sided_mm,0,0,0,0,12,0,12,0,hold,hold,170063.0,mm_join_12,0.0,170063.0,0.0,passive_inside_sell,,,
default,round1-day-0,0,94000,17,17,flat_19,9994,10003,9,9998.5,10000.6,-1.5,neutral,0.4666666666666667,2.100000000000364,buy_pressure,-10.5,True,shock,2,passive_two_sided,mm_inside,0,0,0,12,12,12,12,0,hold,hold,170063.0,mm_join_12,0.0,170063.0,0.0,,,,
default,round1-day-0,0,95900,17,17,flat_19,9992,10002,10,9997.0,9999.777777777777,-3.0,cheap,0.5555555555555556,2.7777777777773736,buy_pressure,-5.0,True,shock,1,passive_one_sided_buy,one_sided_mm,0,0,0,13,0,13,0,0,buy_take1_16,take1,170059.0,hold,4.0,170055.0,4.0,passive_inside_buy,,,
default,round1-day-0,0,97600,17,17,flat_19,9992,10002,10,9997.0,9999.894736842105,-3.0,cheap,0.5789473684210527,2.894736842104976,buy_pressure,-3.0,False,steady,1,passive_one_sided_buy,one_sided_mm,0,0,0,13,0,13,0,0,buy_take1_16,take1,170055.0,hold,4.0,170051.0,4.0,passive_inside_buy,,,
default,round1-day-0,0,97800,17,17,flat_19,10002,10011,9,10006.5,10004.5,6.5,rich,-0.4444444444444444,-2.0,sell_pressure,-3.5,True,shock,1,passive_one_sided_sell,one_sided_mm,0,0,0,0,9,0,9,0,hold,hold,170051.0,mm_join_12,0.0,170051.0,0.0,passive_inside_sell,,,
default,round1-day-0,0,98400,10,10,flat_19,9998,10009,11,10003.5,9999.833333333334,3.5,rich,-0.6666666666666666,-3.6666666666660603,sell_pressure,3.5,True,shock,1,passive_one_sided_sell,one_sided_mm,0,0,0,0,9,0,9,0,hold,hold,100030.0,mm_join_12,0.0,100030.0,0.0,passive_inside_sell,,,
default,round1-day-1,-1,3100,10,10,flat_19,9991,10002,11,9996.5,9992.57142857143,-3.5,cheap,-0.7142857142857143,-3.928571428570649,sell_pressure,2.5,False,steady,1,passive_one_sided_sell,one_sided_mm,0,0,0,0,12,0,12,0,hold,hold,121632.0,mm_join_12,0.0,121632.0,0.0,passive_inside_sell,,,
default,round1-day-1,-1,3500,10,10,flat_19,9991,10004,13,9997.5,9992.733333333334,-2.5,cheap,-0.7333333333333333,-4.766666666666424,sell_pressure,5.5,True,shock,1,passive_one_sided_sell,one_sided_mm,0,0,0,0,9,0,9,0,hold,hold,121632.0,mm_join_12,0.0,121632.0,0.0,passive_inside_sell,,,
default,round1-day-1,-1,3800,10,10,flat_19,9991,10004,13,9997.5,9992.04,-2.5,cheap,-0.84,-5.459999999999127,sell_pressure,4.5,True,shock,1,passive_one_sided_sell,one_sided_mm,0,0,0,0,9,0,9,0,hold,hold,121632.0,mm_join_12,0.0,121632.0,0.0,passive_inside_sell,,,
default,round1-day-1,-1,6200,21,21,long_20_39,9986,9996,10,9991.0,9993.894736842105,-9.0,cheap,0.5789473684210527,2.894736842104976,buy_pressure,2.0,True,shock,1,passive_one_sided_buy,one_sided_mm,0,0,0,10,0,10,0,0,buy_take1_16,take1,231433.0,buy_take2_32,15.0,231413.0,20.0,passive_inside_buy,,,
default,round1-day-1,-1,6400,21,21,long_20_39,9992,10002,10,9997.0,9994.5,-3.0,cheap,-0.5,-2.5,sell_pressure,3.0,False,steady,1,passive_one_sided_sell,one_sided_mm,0,0,0,0,12,0,12,0,hold,hold,231413.0,mm_join_12,0.0,231413.0,0.0,passive_inside_sell,,,
default,round1-day-1,-1,9500,5,5,flat_19,9988,9998,10,9993.0,9995.142857142857,-7.0,cheap,0.42857142857142855,2.142857142856883,buy_pressure,-3.0,True,shock,1,passive_one_sided_buy,one_sided_mm,0,0,0,10,0,10,0,0,buy_take1_16,take1,71371.0,hold,12.0,71359.0,12.0,passive_inside_buy,,,
default,round1-day-1,-1,12300,-1,-1,flat_19,9994,10005,11,9999.5,9997.666666666666,-0.5,neutral,-0.3333333333333333,-1.8333333333339397,mixed_pressure,-5.5,True,shock,1,passive_one_sided_sell,one_sided_mm,0,0,0,0,12,0,12,0,hold,hold,11353.0,mm_join_12,0.0,11353.0,0.0,passive_inside_sell,,,
default,round1-day-1,-1,14700,-4,-4,flat_19,9991,10001,10,9996.0,9999.57142857143,-4.0,cheap,0.7142857142857143,3.571428571429351,buy_pressure,-3.0,False,steady,1,passive_one_sided_buy,one_sided_mm,0,0,0,13,0,13,0,0,hold,hold,-18705.0,mm_join_12,0.0,-18705.0,0.0,passive_inside_buy,,,
default,round1-day-1,-1,17800,-2,-2,flat_19,9994,10003,9,9998.5,10000.882352941177,-1.5,neutral,0.5294117647058824,2.3823529411765776,buy_pressure,-11.5,True,shock,2,passive_two_sided,mm_inside,0,0,0,12,12,12,0,0,hold,hold,1226.0,mm_join_12,0.0,1226.0,0.0,,,,
default,round1-day-1,-1,19800,-10,-10,flat_19,9998,10009,11,10003.5,10001.142857142857,3.5,rich,-0.42857142857142855,-2.357142857143117,sell_pressure,4.5,True,shock,1,passive_one_sided_sell,one_sided_mm,0,0,0,0,9,0,9,0,hold,hold,-78827.0,mm_join_12,0.0,-78827.0,0.0,passive_inside_sell,,,
default,round1-day-1,-1,23300,-19,-19,flat_19,9991,10001,10,9996.0,9999.333333333334,-4.0,cheap,0.6666666666666666,3.3333333333339397,buy_pressure,-3.0,False,steady,1,passive_one_sided_buy,one_sided_mm,0,0,0,13,0,13,0,0,hold,hold,-168928.0,mm_join_12,0.0,-168928.0,0.0,passive_inside_buy,,,
default,round1-day-1,-1,23700,-19,-19,flat_19,9991,10001,10,9996.0,9999.57142857143,-4.0,cheap,0.7142857142857143,3.571428571429351,buy_pressure,-2.5,False,steady,1,passive_one_sided_buy,one_sided_mm,0,0,0,13,0,13,0,0,hold,hold,-168928.0,mm_join_12,0.0,-168928.0,0.0,passive_inside_buy,,,
default,round1-day-1,-1,24000,-19,-19,flat_19,9997,10007,10,10002.0,9998.333333333334,2.0,rich,-0.7333333333333333,-3.6666666666660603,sell_pressure,3.0,False,steady,1,passive_one_sided_buy,one_sided_mm,0,0,0,12,0,0,0,0,hold,hold,-168928.0,mm_join_12,0.0,-168928.0,0.0,passive_inside_buy,,,
default,round1-day-1,-1,26500,-40,-40,short_40_59,9993,10002,9,9997.5,9999.5,-2.5,cheap,0.4444444444444444,2.0,buy_pressure,-2.5,False,steady,1,passive_one_sided_buy,one_sided_mm,0,0,0,13,0,13,0,0,hold,hold,-379081.0,mm_join_12,0.0,-379081.0,0.0,passive_inside_buy,,,
default,round1-day-1,-1,28300,-48,-48,short_40_59,9999,10009,10,10004.0,10001.857142857143,4.0,rich,-0.42857142857142855,-2.142857142856883,sell_pressure,3.0,False,steady,1,passive_one_sided_sell,one_sided_mm,0,0,0,0,9,0,9,0,hold,hold,-459105.0,mm_join_12,0.0,-459105.0,0.0,passive_inside_sell,,,
default,round1-day-1,-1,32500,-44,-44,short_40_59,9993,10003,10,9998.0,10001.333333333334,-2.0,cheap,0.6666666666666666,3.3333333333339397,buy_pressure,-3.0,False,steady,1,passive_one_sided_sell,one_sided_mm,0,0,0,0,9,0,0,0,hold,hold,-419105.0,mm_join_12,0.0,-419105.0,0.0,passive_inside_sell,,,
default,round1-day-1,-1,34900,-44,-44,short_40_59,9994,10003,9,9998.5,10001.714285714286,-1.5,neutral,0.7142857142857143,3.214285714286234,buy_pressure,-4.0,True,shock,2,passive_two_sided,mm_inside,0,0,0,11,6,11,0,0,hold,hold,-419105.0,mm_join_12,0.0,-419105.0,0.0,,,,
default,round1-day-1,-1,39900,-42,-42,short_40_59,9995,10004,9,9999.5,10002.615384615385,-0.5,neutral,0.6923076923076923,3.1153846153847553,buy_pressure,-4.5,True,shock,2,passive_two_sided,mm_inside,0,0,0,9,9,9,0,0,hold,hold,-399119.0,mm_join_12,0.0,-399119.0,0.0,,,,
default,round1-day-1,-1,46600,-46,-46,short_40_59,9997,10008,11,10002.5,9998.375,2.5,rich,-0.75,-4.125,sell_pressure,3.5,True,shock,2,passive_two_sided,mm_inside,0,0,0,11,6,11,6,0,hold,hold,-439179.0,mm_join_12,0.0,-439179.0,0.0,,,,
default,round1-day-1,-1,48600,-43,-43,short_40_59,9999,10010,11,10004.5,10002.4375,4.5,rich,-0.375,-2.0625,sell_pressure,2.5,False,steady,1,passive_one_sided_sell,one_sided_mm,0,0,0,0,9,0,9,0,hold,hold,-409252.0,mm_join_12,0.0,-409252.0,0.0,passive_inside_sell,,,
default,round1-day-1,-1,49000,-43,-43,short_40_59,9994,10004,10,9999.0,10001.058823529413,-1.0,neutral,0.4117647058823529,2.0588235294126207,buy_pressure,-1.5,False,steady,2,passive_two_sided,mm_inside,0,0,0,14,9,14,0,0,hold,hold,-409252.0,mm_join_12,0.0,-409252.0,0.0,,,,
default,round1-day-1,-1,51300,-54,-54,short_40_59,9995,10006,11,10000.5,9997.444444444445,0.5,neutral,-0.5555555555555556,-3.055555555554747,sell_pressure,3.5,True,shock,1,passive_one_sided_sell,one_sided_mm,0,0,0,0,6,0,6,0,hold,hold,-519315.0,mm_join_12,0.0,-519315.0,0.0,passive_inside_sell,,,
default,round1-day-1,-1,53400,-55,-53,short_40_59,9989,9999,10,9994.0,9997.75,-6.0,cheap,0.75,3.75,buy_pressure,-2.0,True,shock,2,clear_buy,take1,2,0,2,12,0,12,0,1,buy_take1_16,take1,-529380.0,hold,4.0,-529380.0,0.0,take_a1,,,
default,round1-day-1,-1,55400,-59,-56,short_40_59,9988,9998,10,9993.0,9996.0,-7.0,cheap,0.6,3.0,buy_pressure,-4.0,True,shock,2,clear_buy,take1,3,0,3,12,0,12,0,1,buy_take1_16,take1,-569400.0,hold,9.0,-569400.0,0.0,take_a1,,,
default,round1-day-1,-1,55900,-56,-51,short_40_59,9989,9998,9,9993.5,9995.5,-6.5,cheap,0.4444444444444444,2.0,buy_pressure,-2.5,True,shock,2,clear_buy,take1,5,0,5,12,0,12,0,1,buy_take1_16,take1,-539406.0,hold,15.0,-539406.0,0.0,take_a1,,,
default,round1-day-1,-1,57200,-57,-57,short_40_59,9991,10001,10,9996.0,9998.857142857143,-4.0,cheap,0.5714285714285714,2.857142857143117,buy_pressure,-3.0,False,steady,1,passive_one_sided_buy,one_sided_mm,0,0,0,15,0,15,0,0,hold,hold,-549440.0,mm_join_12,0.0,-549440.0,0.0,passive_inside_buy,,,
default,round1-day-1,-1,60200,-52,-48,short_40_59,9991,10000,9,9995.5,9998.105263157895,-4.5,cheap,0.5789473684210527,2.605263157895024,buy_pressure,-2.5,False,steady,2,clear_buy,take1,4,0,4,15,0,15,0,1,buy_take1_16,take1,-499527.0,hold,4.0,-499527.0,0.0,take_a1,,,
default,round1-day-1,-1,60500,-48,-48,short_40_59,9996,10006,10,10001.0,9998.631578947368,1.0,neutral,-0.47368421052631576,-2.3684210526316747,sell_pressure,3.0,False,steady,1,passive_one_sided_sell,one_sided_mm,0,0,0,0,9,0,9,0,hold,hold,-459527.0,mm_join_12,0.0,-459527.0,0.0,passive_inside_sell,,,
default,round1-day-1,-1,63900,-43,-43,short_40_59,9999,10008,9,10003.5,10001.48275862069,3.5,rich,-0.4482758620689655,-2.0172413793097803,sell_pressure,5.5,True,shock,1,passive_one_sided_sell,one_sided_mm,0,0,0,0,6,0,6,0,hold,hold,-409573.0,mm_join_12,0.0,-409573.0,0.0,passive_inside_sell,,,
default,round1-day-1,-1,65000,-35,-35,short_20_39,9994,10005,11,9999.5,9995.466666666667,-0.5,neutral,-0.7333333333333333,-4.033333333332848,sell_pressure,1.5,False,steady,2,passive_two_sided,mm_inside,0,0,0,12,12,12,12,0,hold,hold,-329621.0,mm_join_12,0.0,-329621.0,0.0,,,,
default,round1-day-1,-1,65500,-35,-35,short_20_39,9994,10007,13,10000.5,9995.677419354839,0.5,neutral,-0.7419354838709677,-4.822580645160997,sell_pressure,3.5,True,shock,1,passive_one_sided_sell,one_sided_mm,0,0,0,0,9,0,9,0,hold,hold,-329621.0,mm_join_12,0.0,-329621.0,0.0,passive_inside_sell,,,
default,round1-day-1,-1,67200,-35,-35,short_20_39,9995,10006,11,10000.5,9998.666666666666,0.5,neutral,-0.3333333333333333,-1.8333333333339397,mixed_pressure,-1.5,False,steady,2,passive_two_sided,mm_inside,0,0,0,12,12,12,12,0,hold,hold,-329621.0,mm_join_12,0.0,-329621.0,0.0,,,,
default,round1-day-1,-1,67400,-35,-35,short_20_39,9995,10005,10,10000.0,9996.42857142857,0.0,neutral,-0.7142857142857143,-3.571428571429351,sell_pressure,2.0,False,steady,1,passive_one_sided_sell,one_sided_mm,0,0,0,0,12,0,12,0,hold,hold,-329621.0,mm_join_12,0.0,-329621.0,0.0,passive_inside_sell,,,
default,round1-day-1,-1,69800,-35,-35,short_20_39,9991,10000,9,9995.5,9997.882352941177,-4.5,cheap,0.5294117647058824,2.3823529411765776,buy_pressure,-3.5,True,shock,1,passive_one_sided_buy,one_sided_mm,0,0,0,10,0,10,0,0,buy_take1_16,take1,-329621.0,hold,4.0,-329625.0,4.0,passive_inside_buy,,,
default,round1-day-1,-1,70400,-27,-27,short_20_39,9997,10010,13,10003.5,9998.344827586207,3.5,rich,-0.7931034482758621,-5.15517241379348,sell_pressure,4.5,True,shock,1,passive_one_sided_sell,one_sided_mm,0,0,0,0,9,0,9,0,hold,hold,-249689.0,mm_join_12,0.0,-249689.0,0.0,passive_inside_sell,,,
default,round1-day-1,-1,72500,-33,-33,short_20_39,9997,10007,10,10002.0,9998.42857142857,2.0,rich,-0.7142857142857143,-3.571428571429351,sell_pressure,2.0,False,steady,0,hold,hold,0,0,0,0,0,0,0,0,hold,hold,-309725.0,mm_join_12,0.0,-309725.0,0.0,,,,
default,round1-day-1,-1,72900,-26,-26,short_20_39,9992,10002,10,9997.0,9999.5,-3.0,cheap,0.5,2.5,buy_pressure,-4.0,True,shock,1,passive_one_sided_buy,one_sided_mm,0,0,0,10,0,10,0,0,hold,hold,-239746.0,mm_join_12,0.0,-239746.0,0.0,passive_inside_buy,,,
default,round1-day-1,-1,73800,-26,-26,short_20_39,9998,10009,11,10003.5,10000.444444444445,3.5,rich,-0.5555555555555556,-3.055555555554747,sell_pressure,-1.5,False,steady,1,passive_one_sided_sell,one_sided_mm,0,0,0,0,12,0,12,0,hold,hold,-239756.0,mm_join_12,0.0,-239756.0,0.0,passive_inside_sell,,,
default,round1-day-1,-1,81400,-25,-25,short_20_39,9994,10003,9,9998.5,10000.6,-1.5,neutral,0.4666666666666667,2.100000000000364,buy_pressure,-3.5,True,shock,2,passive_two_sided,mm_inside,0,0,0,9,9,9,0,0,hold,hold,-229953.0,mm_join_12,0.0,-229953.0,0.0,,,,
default,round1-day-1,-1,83200,-25,-29,short_20_39,10002,10011,9,10006.5,10003.241379310344,6.5,rich,-0.7241379310344828,-3.2586206896557997,sell_pressure,10006.5,True,shock,2,take_sell,take1,0,4,4,0,9,0,9,1,sell_take1_16,take1,-229953.0,hold,4.0,-229953.0,0.0,take_b1,,,
default,round1-day-1,-1,84800,-29,-29,short_20_39,9996,10005,9,10000.5,10002.923076923076,0.5,neutral,0.5384615384615384,2.4230769230762235,buy_pressure,-2.5,False,steady,2,passive_two_sided,mm_inside,0,0,0,12,12,12,0,0,hold,hold,-269961.0,mm_join_12,0.0,-269961.0,0.0,,,,
default,round1-day-1,-1,86400,-22,-22,short_20_39,10000,10011,11,10005.5,10002.933333333332,5.5,rich,-0.4666666666666667,-2.5666666666675155,sell_pressure,2.5,False,steady,1,passive_one_sided_sell,one_sided_mm,0,0,0,0,12,0,12,0,hold,hold,-199961.0,mm_join_12,0.0,-199961.0,0.0,passive_inside_sell,,,
default,round1-day-1,-1,90500,-34,-34,short_20_39,10001,10012,11,10006.5,10003.933333333332,6.5,rich,-0.4666666666666667,-2.5666666666675155,sell_pressure,2.5,True,shock,1,passive_one_sided_sell,one_sided_mm,0,0,0,0,9,0,9,0,hold,hold,-320093.0,mm_join_12,0.0,-320093.0,0.0,passive_inside_sell,,,
default,round1-day-1,-1,91900,-38,-38,short_20_39,10001,10011,10,10006.0,10002.875,6.0,rich,-0.625,-3.125,sell_pressure,-8.0,True,shock,1,passive_one_sided_sell,one_sided_mm,0,0,0,0,9,0,9,0,hold,hold,-360117.0,mm_join_12,0.0,-360117.0,0.0,passive_inside_sell,,,
default,round1-day-1,-1,97800,-43,-43,short_40_59,9997,10010,13,10003.5,9998.3,3.5,rich,-0.8,-5.200000000000728,sell_pressure,3.5,True,shock,1,passive_one_sided_sell,one_sided_mm,0,0,0,0,6,0,6,0,hold,hold,-410174.0,mm_join_12,0.0,-410174.0,0.0,passive_inside_sell,,,
default,round1-day-1,-1,108200,-14,-14,flat_19,9997,10008,11,10002.5,9998.29411764706,2.5,rich,-0.7647058823529411,-4.2058823529405345,sell_pressure,4.0,True,shock,1,passive_one_sided_sell,one_sided_mm,0,0,0,0,9,0,9,0,hold,hold,-120487.0,mm_join_12,0.0,-120487.0,0.0,passive_inside_sell,,,
default,round1-day-1,-1,111900,-14,-14,flat_19,9999,10009,10,10004.0,10000.42857142857,4.0,rich,-0.7142857142857143,-3.571428571429351,sell_pressure,1.5,False,steady,1,passive_one_sided_sell,one_sided_mm,0,0,0,0,12,0,12,0,hold,hold,-120487.0,mm_join_12,0.0,-120487.0,0.0,passive_inside_sell,,,
default,round1-day-1,-1,112400,-14,-14,flat_19,9993,10002,9,9997.5,9999.923076923076,-2.5,cheap,0.5384615384615384,2.4230769230762235,buy_pressure,-3.5,True,shock,1,passive_one_sided_buy,one_sided_mm,0,0,0,10,0,10,0,0,hold,hold,-120487.0,mm_join_12,0.0,-120487.0,0.0,passive_inside_buy,,,
default,round1-day-1,-1,113600,-10,-19,flat_19,10002,10011,9,10006.5,10004.454545454546,6.5,rich,-0.45454545454545453,-2.0454545454540494,sell_pressure,6.5,True,shock,2,take_sell,take1,0,9,9,0,9,0,9,1,sell_take1_16,take1,-80495.0,hold,9.0,-80495.0,0.0,take_b1,,,
default,round1-day-1,-1,120200,-20,-20,short_20_39,9992,10001,9,9996.5,9999.8,-3.5,cheap,0.7333333333333333,3.2999999999992724,buy_pressure,-2.5,False,steady,1,passive_one_sided_buy,one_sided_mm,0,0,0,13,0,13,0,0,buy_take1_16,take1,-180652.0,hold,2.0,-180654.0,2.0,passive_inside_buy,,,
default,round1-day-1,-1,122500,-20,-20,short_20_39,9997,10007,10,10002.0,9999.307692307691,2.0,rich,-0.5384615384615384,-2.692307692308532,sell_pressure,4.0,True,shock,1,passive_one_sided_buy,one_sided_mm,0,0,0,9,0,0,0,0,hold,hold,-180654.0,mm_join_12,0.0,-180654.0,0.0,passive_inside_buy,,,
default,round1-day-1,-1,122800,-20,-20,short_20_39,9991,10001,10,9996.0,9998.142857142857,-4.0,cheap,0.42857142857142855,2.142857142856883,buy_pressure,-1.5,False,steady,1,passive_one_sided_buy,one_sided_mm,0,0,0,13,0,13,0,0,buy_take1_16,take1,-180654.0,buy_take2_32,0.0,-180658.0,4.0,passive_inside_buy,,,
default,round1-day-1,-1,127500,-15,-15,flat_19,9993,10006,13,9999.5,9994.575757575758,-0.5,neutral,-0.7575757575757576,-4.924242424242038,sell_pressure,3.5,True,shock,1,passive_one_sided_sell,one_sided_mm,0,0,0,0,9,0,9,0,hold,hold,-130886.0,mm_join_12,0.0,-130886.0,0.0,passive_inside_sell,,,
default,round1-day-1,-1,128300,-15,-15,flat_19,9992,10003,11,9997.5,9993.57142857143,-2.5,cheap,-0.7142857142857143,-3.928571428570649,sell_pressure,3.5,True,shock,1,passive_one_sided_sell,one_sided_mm,0,0,0,0,9,0,9,0,hold,hold,-130886.0,mm_join_12,0.0,-130886.0,0.0,passive_inside_sell,,,
default,round1-day-1,-1,128700,-15,-15,flat_19,9993,10003,10,9998.0,9995.777777777777,-2.0,cheap,-0.4444444444444444,-2.2222222222226264,sell_pressure,3.0,False,steady,1,passive_one_sided_sell,one_sided_mm,0,0,0,0,12,0,12,0,hold,hold,-130886.0,mm_join_12,0.0,-130886.0,0.0,passive_inside_sell,,,
default,round1-day-1,-1,130000,-12,-12,flat_19,9992,10005,13,9998.5,9993.911764705883,-1.5,neutral,-0.7058823529411765,-4.588235294117112,sell_pressure,4.5,True,shock,1,passive_one_sided_sell,one_sided_mm,0,0,0,0,9,0,9,0,hold,hold,-100922.0,mm_join_12,0.0,-100922.0,0.0,passive_inside_sell,,,
default,round1-day-1,-1,130200,-10,-10,flat_19,9992,10003,11,9997.5,9994.357142857143,-2.5,cheap,-0.5714285714285714,-3.142857142856883,sell_pressure,3.5,True,shock,1,passive_one_sided_sell,one_sided_mm,0,0,0,0,9,0,9,0,hold,hold,-80948.0,mm_join_12,0.0,-80948.0,0.0,passive_inside_sell,,,
default,round1-day-1,-1,130600,-7,-7,flat_19,9984,9996,12,9990.0,9994.5,-10.0,cheap,0.75,4.5,buy_pressure,1.0,True,shock,1,passive_one_sided_buy,one_sided_mm,0,0,0,10,0,10,0,0,buy_take1_16,take1,-51032.0,buy_take2_32,0.0,-51050.0,18.0,passive_inside_buy,,,
default,round1-day-1,-1,130700,-7,-7,flat_19,9992,10003,11,9997.5,9994.315789473685,-2.5,cheap,-0.5789473684210527,-3.184210526314928,sell_pressure,7.5,True,shock,1,passive_one_sided_sell,one_sided_mm,0,0,0,0,9,0,9,0,hold,hold,-51050.0,mm_join_12,0.0,-51050.0,0.0,passive_inside_sell,,,
default,round1-day-1,-1,132600,-14,-14,flat_19,9994,10004,10,9999.0,9996.35294117647,-1.0,neutral,-0.5294117647058824,-2.6470588235297328,sell_pressure,3.0,False,steady,1,passive_one_sided_sell,one_sided_mm,0,0,0,0,12,0,12,0,hold,hold,-121103.0,mm_join_12,0.0,-121103.0,0.0,passive_inside_sell,,,
default,round1-day-1,-1,135100,-10,-10,flat_19,9989,9999,10,9994.0,9997.666666666666,-6.0,cheap,0.7333333333333333,3.6666666666660603,buy_pressure,-4.0,True,shock,1,passive_one_sided_buy,one_sided_mm,0,0,0,10,0,10,0,0,buy_take1_16,take1,-81127.0,hold,6.0,-81133.0,6.0,passive_inside_buy,,,
default,round1-day-1,-1,136400,-5,-5,flat_19,9989,9999,10,9994.0,9996.5,-6.0,cheap,0.5,2.5,buy_pressure,1.5,True,shock,1,passive_one_sided_buy,one_sided_mm,0,0,0,10,0,10,0,0,buy_take1_16,take1,-31158.0,hold,12.0,-31170.0,12.0,passive_inside_buy,,,
default,round1-day-1,-1,141700,1,1,flat_19,9997,10010,13,10003.5,9999.407407407407,3.5,rich,-0.6296296296296297,-4.092592592593064,sell_pressure,3.5,True,shock,1,passive_one_sided_sell,one_sided_mm,0,0,0,0,9,0,9,0,hold,hold,28776.0,mm_join_12,0.0,28776.0,0.0,passive_inside_sell,,,
default,round1-day-1,-1,147000,-23,-23,short_20_39,9998,10011,13,10004.5,10000.241379310344,4.5,rich,-0.6551724137931034,-4.2586206896558,sell_pressure,3.5,True,shock,1,passive_one_sided_sell,one_sided_mm,0,0,0,0,9,0,9,0,hold,hold,-211469.0,mm_join_12,0.0,-211469.0,0.0,passive_inside_sell,,,
default,round1-day-1,-1,149300,-14,-14,flat_19,9998,10008,10,10003.0,10000.105263157895,3.0,rich,-0.5789473684210527,-2.894736842104976,sell_pressure,2.0,False,steady,1,passive_one_sided_sell,one_sided_mm,0,0,0,0,12,0,12,0,hold,hold,-121559.0,mm_join_12,0.0,-121559.0,0.0,passive_inside_sell,,,
default,round1-day-1,-1,149600,-14,-14,flat_19,10003,10012,9,10007.5,10005.25,7.5,rich,-0.5,-2.25,sell_pressure,7.0,True,shock,1,passive_one_sided_sell,one_sided_mm,0,0,0,0,9,0,9,0,sell_take1_16,take1,-121559.0,hold,10.0,-121569.0,10.0,passive_inside_sell,,,
default,round1-day-1,-1,154300,-1,-1,flat_19,9994,10003,9,9998.5,10000.6,-1.5,neutral,0.4666666666666667,2.100000000000364,buy_pressure,-1.5,False,steady,2,passive_two_sided,mm_inside,0,0,0,12,12,12,0,0,hold,hold,8327.0,mm_join_12,0.0,8327.0,0.0,,,,
default,round1-day-1,-1,154800,-1,-1,flat_19,9999,10009,10,10004.0,10001.666666666666,4.0,rich,-0.4666666666666667,-2.3333333333339397,sell_pressure,3.0,False,steady,1,passive_one_sided_sell,one_sided_mm,0,0,0,0,12,0,12,0,hold,hold,8327.0,mm_join_12,0.0,8327.0,0.0,passive_inside_sell,,,
default,round1-day-1,-1,156200,-1,-1,flat_19,9994,10004,10,9999.0,10002.75,-1.0,neutral,0.75,3.75,buy_pressure,-4.5,True,shock,1,passive_one_sided_buy,one_sided_mm,0,0,0,9,0,9,0,0,hold,hold,8327.0,mm_join_12,0.0,8327.0,0.0,passive_inside_buy,,,
default,round1-day-1,-1,157500,-1,-1,flat_19,9994,10003,9,9998.5,10000.1875,-1.5,neutral,0.375,1.6875,buy_pressure,-3.5,True,shock,2,passive_two_sided,mm_inside,0,0,0,9,9,9,0,0,hold,hold,8327.0,mm_join_12,0.0,8327.0,0.0,,,,
default,round1-day-1,-1,162500,-15,-15,flat_19,9992,10001,9,9996.5,9999.714285714286,-3.5,cheap,0.7142857142857143,3.214285714286234,buy_pressure,-3.5,True,shock,1,passive_one_sided_buy,one_sided_mm,0,0,0,10,0,10,0,0,buy_take1_16,take1,-131850.0,hold,2.0,-131852.0,2.0,passive_inside_buy,,,
default,round1-day-1,-1,162700,-15,-15,flat_19,9997,10007,10,10002.0,9998.42857142857,2.0,rich,-0.7142857142857143,-3.571428571429351,sell_pressure,2.0,False,steady,1,passive_one_sided_buy,one_sided_mm,0,0,0,12,0,0,0,0,hold,hold,-131852.0,mm_join_12,0.0,-131852.0,0.0,passive_inside_buy,,,
default,round1-day-1,-1,163100,-15,-15,flat_19,9992,10002,10,9997.0,10000.125,-3.0,cheap,0.625,3.125,buy_pressure,-3.0,False,steady,1,passive_one_sided_buy,one_sided_mm,0,0,0,13,0,13,0,0,hold,hold,-131852.0,mm_join_12,0.0,-131852.0,0.0,passive_inside_buy,,,
default,round1-day-1,-1,167200,-7,-7,flat_19,10001,10010,9,10005.5,10002.8,5.5,rich,-0.6,-2.7000000000007276,sell_pressure,5.5,True,shock,1,passive_one_sided_sell,one_sided_mm,0,0,0,0,9,0,9,0,hold,hold,-51884.0,mm_join_12,0.0,-51884.0,0.0,passive_inside_sell,,,
default,round1-day-1,-1,168900,-7,-7,flat_19,9996,10006,10,10001.0,9998.35294117647,1.0,neutral,-0.5294117647058824,-2.6470588235297328,sell_pressure,3.0,False,steady,2,passive_two_sided,mm_inside,0,0,0,12,12,12,12,0,hold,hold,-51884.0,mm_join_12,0.0,-51884.0,0.0,,,,
default,round1-day-1,-1,172500,-1,-1,flat_19,9992,10001,9,9996.5,9999.714285714286,-3.5,cheap,0.7142857142857143,3.214285714286234,buy_pressure,-2.5,False,steady,1,passive_one_sided_buy,one_sided_mm,0,0,0,13,0,13,0,0,buy_take1_16,take1,8030.0,hold,2.0,8028.0,2.0,passive_inside_buy,,,
default,round1-day-1,-1,173000,-1,-1,flat_19,9997,10008,11,10002.5,9999.75,2.5,rich,-0.5,-2.75,sell_pressure,2.5,False,steady,1,passive_one_sided_sell,one_sided_mm,0,0,0,0,12,0,12,0,hold,hold,8028.0,mm_join_12,0.0,8028.0,0.0,passive_inside_sell,,,
default,round1-day-1,-1,177800,11,11,flat_19,9997,10007,10,10002.0,9999.105263157895,2.0,rich,-0.5789473684210527,-2.894736842104976,sell_pressure,11.0,True,shock,1,passive_one_sided_buy,one_sided_mm,0,0,0,12,0,0,0,0,hold,hold,127965.0,mm_join_12,0.0,127965.0,0.0,passive_inside_buy,,,
default,round1-day-1,-1,179300,11,5,flat_19,10002,10011,9,10006.5,10003.5,6.5,rich,-0.6666666666666666,-3.0,sell_pressure,7.5,True,shock,2,clear_sell,take1,0,6,6,0,9,0,9,1,hold,hold,127965.0,mm_join_12,0.0,127965.0,0.0,take_b1,,,
default,round1-day-1,-1,183800,-9,-9,flat_19,9995,10004,9,9999.5,10002.3125,-0.5,neutral,0.625,2.8125,buy_pressure,3.5,True,shock,2,passive_two_sided,mm_inside,0,0,0,9,9,9,0,0,hold,hold,-72183.0,mm_join_12,0.0,-72183.0,0.0,,,,
default,round1-day-1,-1,184800,-15,-15,flat_19,10001,10011,10,10006.0,10002.333333333334,6.0,rich,-0.7333333333333333,-3.6666666666660603,sell_pressure,-6.0,True,shock,1,passive_one_sided_sell,one_sided_mm,0,0,0,0,9,0,9,0,hold,hold,-132243.0,mm_join_12,0.0,-132243.0,0.0,passive_inside_sell,,,
default,round1-day-1,-1,187400,-15,-15,flat_19,10001,10012,11,10006.5,10003.75,6.5,rich,-0.5,-2.75,sell_pressure,3.5,True,shock,1,passive_one_sided_sell,one_sided_mm,0,0,0,0,9,0,9,0,hold,hold,-132243.0,mm_join_12,0.0,-132243.0,0.0,passive_inside_sell,,,
default,round1-day-1,-1,187700,-15,-15,flat_19,10000,10013,13,10006.5,10001.677419354839,6.5,rich,-0.7419354838709677,-4.822580645160997,sell_pressure,3.5,True,shock,1,passive_one_sided_sell,one_sided_mm,0,0,0,0,9,0,9,0,hold,hold,-132243.0,mm_join_12,0.0,-132243.0,0.0,passive_inside_sell,,,
default,round1-day-1,-1,189800,-20,-20,short_20_39,10000,10011,11,10005.5,10002.588235294117,5.5,rich,-0.5294117647058824,-2.911764705882888,sell_pressure,2.5,False,steady,1,passive_one_sided_sell,one_sided_mm,0,0,0,0,12,0,12,0,hold,hold,-182263.0,mm_join_12,0.0,-182263.0,0.0,passive_inside_sell,,,
default,round1-day-1,-1,191300,-20,-20,short_20_39,10001,10012,11,10006.5,10004.235294117647,6.5,rich,-0.4117647058823529,-2.264705882353155,sell_pressure,2.5,True,shock,1,passive_one_sided_sell,one_sided_mm,0,0,0,0,9,0,9,0,hold,hold,-182263.0,mm_join_12,0.0,-182263.0,0.0,passive_inside_sell,,,
default,round1-day-1,-1,191500,-14,-14,flat_19,9996,10005,9,10000.5,10003.714285714286,0.5,neutral,0.7142857142857143,3.214285714286234,buy_pressure,-3.5,True,shock,2,passive_two_sided,mm_inside,0,0,0,9,9,9,0,0,hold,hold,-122281.0,mm_join_12,0.0,-122281.0,0.0,,,,
default,round1-day-1,-1,192300,-8,-8,flat_19,9997,10006,9,10001.5,10004.941176470587,1.5,neutral,0.7647058823529411,3.4411764705873793,buy_pressure,-3.5,True,shock,2,passive_two_sided,mm_inside,0,0,0,9,9,9,0,0,hold,hold,-62299.0,mm_join_12,0.0,-62299.0,0.0,,,,
default,round1-day-1,-1,195800,-5,-5,flat_19,10001,10014,13,10007.5,10002.181818181818,7.5,rich,-0.8181818181818182,-5.3181818181819835,sell_pressure,3.5,True,shock,1,passive_one_sided_sell,one_sided_mm,0,0,0,0,9,0,9,0,hold,hold,-32314.0,mm_join_12,0.0,-32314.0,0.0,passive_inside_sell,,,
default,round1-day-1,-1,200200,-35,-35,short_20_39,9994,10004,10,9999.0,10001.692307692309,-1.0,neutral,0.5384615384615384,2.692307692308532,buy_pressure,-3.0,False,steady,1,passive_one_sided_buy,one_sided_mm,0,0,0,12,0,12,0,0,hold,hold,-332454.0,mm_join_12,0.0,-332454.0,0.0,passive_inside_buy,,,
default,round1-day-1,-1,200700,-35,-35,short_20_39,10000,10010,10,10005.0,10002.5,5.0,rich,-0.5,-2.5,sell_pressure,3.0,False,steady,1,passive_one_sided_sell,one_sided_mm,0,0,0,0,12,0,12,0,hold,hold,-332454.0,mm_join_12,0.0,-332454.0,0.0,passive_inside_sell,,,
default,round1-day-1,-1,201900,-35,-35,short_20_39,9992,10002,10,9997.0,9999.894736842105,-3.0,cheap,0.5789473684210527,2.894736842104976,buy_pressure,-4.0,True,shock,1,passive_one_sided_buy,one_sided_mm,0,0,0,10,0,10,0,0,hold,hold,-332454.0,mm_join_12,0.0,-332454.0,0.0,passive_inside_buy,,,
default,round1-day-1,-1,202400,-35,-35,short_20_39,9998,10008,10,10003.0,9999.666666666666,3.0,rich,-0.6666666666666666,-3.3333333333339397,sell_pressure,1.5,False,steady,1,passive_one_sided_sell,one_sided_mm,0,0,0,0,12,0,12,0,hold,hold,-332454.0,mm_join_12,0.0,-332454.0,0.0,passive_inside_sell,,,
default,round1-day-1,-1,204200,-29,-29,short_20_39,9991,10001,10,9996.0,9999.333333333334,-4.0,cheap,0.6666666666666666,3.3333333333339397,buy_pressure,-3.0,False,steady,1,passive_one_sided_buy,one_sided_mm,0,0,0,13,0,13,0,0,buy_take1_16,take1,-272502.0,hold,2.0,-272504.0,2.0,passive_inside_buy,,,
default,round1-day-1,-1,204400,-29,-29,short_20_39,9991,10000,9,9995.5,9997.35294117647,-4.5,cheap,0.4117647058823529,1.8529411764702672,buy_pressure,-3.5,True,shock,1,passive_one_sided_buy,one_sided_mm,0,0,0,10,0,10,0,0,buy_take1_16,take1,-272504.0,hold,10.0,-272514.0,10.0,passive_inside_buy,,,
default,round1-day-1,-1,204800,-19,-19,flat_19,9991,10001,10,9996.0,9998.894736842105,-4.0,cheap,0.5789473684210527,2.894736842104976,buy_pressure,-3.0,False,steady,1,passive_one_sided_buy,one_sided_mm,0,0,0,13,0,13,0,0,buy_take1_16,take1,-172554.0,hold,6.0,-172560.0,6.0,passive_inside_buy,,,
default,round1-day-1,-1,204900,-19,-19,flat_19,10001,10010,9,10005.5,10002.161290322581,5.5,rich,-0.7419354838709677,-3.338709677418592,sell_pressure,9.5,True,shock,1,passive_one_sided_sell,one_sided_mm,0,0,0,0,9,0,9,0,hold,hold,-172560.0,mm_join_12,0.0,-172560.0,0.0,passive_inside_sell,,,
default,round1-day-1,-1,211600,-22,-22,short_20_39,9991,10003,12,9997.0,10001.0,-3.0,cheap,0.6666666666666666,4.0,buy_pressure,-4.0,True,shock,1,passive_one_sided_buy,one_sided_mm,0,0,0,10,0,10,0,0,hold,hold,-202669.0,mm_join_12,0.0,-202669.0,0.0,passive_inside_buy,,,
default,round1-day-1,-1,214400,-22,-22,short_20_39,9993,10003,10,9998.0,10001.75,-2.0,cheap,0.75,3.75,buy_pressure,-2.5,False,steady,1,passive_one_sided_sell,one_sided_mm,0,0,0,0,12,0,0,0,hold,hold,-202669.0,mm_join_12,0.0,-202669.0,0.0,passive_inside_sell,,,
default,round1-day-1,-1,214800,-22,-22,short_20_39,9991,10003,12,9997.0,10001.222222222223,-3.0,cheap,0.7037037037037037,4.222222222222626,buy_pressure,-4.0,True,shock,1,passive_one_sided_buy,one_sided_mm,0,0,0,10,0,10,0,0,hold,hold,-202669.0,mm_join_12,0.0,-202669.0,0.0,passive_inside_buy,,,
default,round1-day-1,-1,216500,-26,-26,short_20_39,9992,10002,10,9997.0,9999.5,-3.0,cheap,0.5,2.5,buy_pressure,-2.0,False,steady,1,passive_one_sided_buy,one_sided_mm,0,0,0,13,0,13,0,0,buy_take1_16,take1,-242697.0,hold,3.0,-242700.0,3.0,passive_inside_buy,,,
default,round1-day-1,-1,216800,-26,-26,short_20_39,9993,10003,10,9998.0,10000.368421052632,-2.0,cheap,0.47368421052631576,2.3684210526316747,buy_pressure,-3.0,False,steady,0,hold,hold,0,0,0,0,0,0,0,0,hold,hold,-242700.0,mm_join_12,0.0,-242700.0,0.0,,,,
default,round1-day-1,-1,221800,-29,-29,short_20_39,9992,10004,12,9998.0,10002.8,-2.0,cheap,0.8,4.799999999999272,buy_pressure,-5.0,True,shock,1,passive_one_sided_sell,one_sided_mm,0,0,0,0,9,0,0,0,hold,hold,-272958.0,mm_join_12,0.0,-272958.0,0.0,passive_inside_sell,1,9,1.0
default,round1-day-1,-1,225800,-33,-33,short_20_39,10002,10013,11,10007.5,10004.0625,7.5,rich,-0.625,-3.4375,sell_pressure,4.0,True,shock,1,passive_one_sided_sell,one_sided_mm,0,0,0,0,9,0,9,0,hold,hold,-312998.0,mm_join_12,0.0,-312998.0,0.0,passive_inside_sell,,,
default,round1-day-1,-1,226700,-25,-25,short_20_39,10002,10013,11,10007.5,10004.894736842105,7.5,rich,-0.47368421052631576,-2.605263157895024,sell_pressure,8.5,True,shock,1,passive_one_sided_sell,one_sided_mm,0,0,0,0,9,0,9,0,hold,hold,-232982.0,mm_join_12,0.0,-232982.0,0.0,passive_inside_sell,,,
default,round1-day-1,-1,232600,-17,-17,flat_19,9999,10009,10,10004.0,10001.666666666666,4.0,rich,-0.4666666666666667,-2.3333333333339397,sell_pressure,-5.0,True,shock,1,passive_one_sided_sell,one_sided_mm,0,0,0,0,9,0,9,0,hold,hold,-153005.0,mm_join_12,0.0,-153005.0,0.0,passive_inside_sell,,,
default,round1-day-1,-1,238200,-27,-27,short_20_39,9994,10004,10,9999.0,10002.0,-1.0,neutral,0.6,3.0,buy_pressure,-4.0,True,shock,1,passive_one_sided_buy,one_sided_mm,0,0,0,9,0,9,0,0,hold,hold,-253107.0,mm_join_12,0.0,-253107.0,0.0,passive_inside_buy,,,
default,round1-day-1,-1,238400,-27,-27,short_20_39,10000,10011,11,10005.5,10001.941176470587,5.5,rich,-0.6470588235294118,-3.5588235294126207,sell_pressure,2.5,False,steady,1,passive_one_sided_sell,one_sided_mm,0,0,0,0,12,0,12,0,hold,hold,-253107.0,mm_join_12,0.0,-253107.0,0.0,passive_inside_sell,,,
default,round1-day-1,-1,238700,-27,-27,short_20_39,9995,10005,10,10000.0,10003.333333333334,0.0,neutral,0.6666666666666666,3.3333333333339397,buy_pressure,-3.0,False,steady,1,passive_one_sided_buy,one_sided_mm,0,0,0,12,0,12,0,0,hold,hold,-253107.0,mm_join_12,0.0,-253107.0,0.0,passive_inside_buy,,,
default,round1-day-1,-1,243500,-53,-53,short_40_59,9993,10003,10,9998.0,10000.777777777777,-2.0,cheap,0.5555555555555556,2.7777777777773736,buy_pressure,-3.0,False,steady,1,passive_one_sided_sell,one_sided_mm,0,0,0,0,9,0,0,0,hold,hold,-513305.0,mm_join_12,0.0,-513305.0,0.0,passive_inside_sell,,,
default,round1-day-1,-1,249600,-71,-71,short_60_plus,9993,10003,10,9998.0,10000.333333333334,-2.0,cheap,0.4666666666666667,2.3333333333339397,buy_pressure,-4.5,True,shock,1,passive_one_sided_sell,one_sided_mm,0,0,0,0,6,0,0,0,hold,hold,-693557.0,mm_join_12,0.0,-693557.0,0.0,passive_inside_sell,,,
default,round1-day-1,-1,249700,-71,-71,short_60_plus,9999,10012,13,10005.5,10000.793103448275,5.5,rich,-0.7241379310344828,-4.70689655172464,sell_pressure,7.5,True,shock,1,passive_one_sided_sell,one_sided_mm,0,0,0,0,6,0,6,0,hold,hold,-693557.0,mm_join_12,0.0,-693557.0,0.0,passive_inside_sell,,,
default,round1-day-1,-1,255900,-72,-72,short_60_plus,9999,10009,10,10004.0,10002.333333333334,4.0,rich,-0.3333333333333333,-1.6666666666660603,mixed_pressure,4.0,True,shock,1,passive_one_sided_sell,one_sided_mm,0,0,0,0,6,0,6,0,hold,hold,-703783.0,mm_join_12,0.0,-703783.0,0.0,passive_inside_sell,,,
default,round1-day-1,-1,261200,-72,-72,short_60_plus,10002,10012,10,10007.0,10003.666666666666,7.0,rich,-0.6666666666666666,-3.3333333333339397,sell_pressure,1.0,True,shock,2,passive_two_sided,mm_inside,0,0,0,11,6,0,6,0,hold,hold,-703811.0,mm_join_12,0.0,-703811.0,0.0,,,,
default,round1-day-1,-1,261500,-72,-72,short_60_plus,9993,10005,12,9999.0,10002.6,-1.0,neutral,0.6,3.600000000000364,buy_pressure,6.0,True,shock,2,passive_two_sided,mm_inside,0,0,0,14,8,14,0,0,buy_take1_16,take1,-703811.0,hold,15.0,-703826.0,15.0,,,,
default,round1-day-1,-1,263800,-79,-79,short_60_plus,9991,10003,12,9997.0,10002.172413793103,-3.0,cheap,0.8620689655172413,5.17241379310326,buy_pressure,-5.0,True,shock,1,passive_one_sided_buy,one_sided_mm,0,0,0,12,0,12,0,0,hold,hold,-773935.0,mm_join_12,0.0,-773935.0,0.0,passive_inside_buy,,,
default,round1-day-1,-1,265900,-70,-70,short_60_plus,9992,10002,10,9997.0,9999.64705882353,-3.0,cheap,0.5294117647058824,2.6470588235297328,buy_pressure,-3.0,False,steady,1,passive_one_sided_buy,one_sided_mm,0,0,0,15,0,15,0,0,buy_take1_16,take1,-683958.0,hold,4.0,-683962.0,4.0,passive_inside_buy,,,
default,round1-day-1,-1,266300,-70,-70,short_60_plus,9997,10007,10,10002.0,9999.35294117647,2.0,rich,-0.5294117647058824,-2.6470588235297328,sell_pressure,2.0,False,steady,1,passive_one_sided_sell,one_sided_mm,0,0,0,0,9,0,9,0,hold,hold,-683962.0,mm_join_12,0.0,-683962.0,0.0,passive_inside_sell,,,
default,round1-day-1,-1,269500,-60,-56,short_60_plus,9988,10000,12,9994.0,9998.451612903225,-6.0,cheap,0.7419354838709677,4.451612903225396,buy_pressure,-5.0,True,shock,2,clear_buy,take1,4,0,4,12,0,12,0,1,buy_take1_16,take1,-583998.0,hold,12.0,-583998.0,0.0,take_a1,,,
default,round1-day-1,-1,274000,-50,-50,short_40_59,9994,10007,13,10000.5,9995.575757575758,0.5,neutral,-0.7575757575757576,-4.924242424242038,sell_pressure,2.5,False,steady,1,passive_one_sided_sell,one_sided_mm,0,0,0,0,9,0,9,0,hold,hold,-484042.0,mm_join_12,0.0,-484042.0,0.0,passive_inside_sell,,,
default,round1-day-1,-1,278700,-42,-42,short_40_59,9996,10007,11,10001.5,9997.833333333334,1.5,neutral,-0.6666666666666666,-3.6666666666660603,sell_pressure,2.5,False,steady,2,passive_two_sided,mm_inside,0,0,0,12,12,12,12,0,hold,hold,-404157.0,mm_join_12,0.0,-404157.0,0.0,,,,
default,round1-day-1,-1,279700,-42,-42,short_40_59,9997,10008,11,10002.5,9999.0625,2.5,rich,-0.625,-3.4375,sell_pressure,3.5,True,shock,1,passive_one_sided_sell,one_sided_mm,0,0,0,0,9,0,9,0,hold,hold,-404157.0,mm_join_12,0.0,-404157.0,0.0,passive_inside_sell,,,
default,round1-day-1,-1,283800,-39,-39,short_20_39,10000,10009,9,10004.5,10002.1,4.5,rich,-0.5333333333333333,-2.399999999999636,sell_pressure,7.5,True,shock,1,passive_one_sided_sell,one_sided_mm,0,0,0,0,9,0,9,0,hold,hold,-374308.0,mm_join_12,0.0,-374308.0,0.0,passive_inside_sell,,,
default,round1-day-1,-1,285900,-45,-45,short_40_59,9996,10009,13,10002.5,9997.130434782608,2.5,rich,-0.8260869565217391,-5.369565217391937,sell_pressure,5.0,True,shock,1,passive_one_sided_sell,one_sided_mm,0,0,0,0,6,0,6,0,hold,hold,-434344.0,mm_join_12,0.0,-434344.0,0.0,passive_inside_sell,,,
default,round1-day-1,-1,288600,-40,-40,short_40_59,9999,10008,9,10003.5,10001.4,3.5,rich,-0.4666666666666667,-2.100000000000364,sell_pressure,5.5,True,shock,1,passive_one_sided_sell,one_sided_mm,0,0,0,0,9,0,9,0,hold,hold,-384394.0,mm_join_12,0.0,-384394.0,0.0,passive_inside_sell,,,
default,round1-day-1,-1,290100,-30,-30,short_20_39,9994,10005,11,9999.5,9996.538461538461,-0.5,neutral,-0.5384615384615384,-2.9615384615390212,sell_pressure,1.5,False,steady,1,passive_one_sided_sell,one_sided_mm,0,0,0,0,12,0,12,0,hold,hold,-284494.0,mm_join_12,0.0,-284494.0,0.0,passive_inside_sell,,,
default,round1-day-1,-1,290600,-24,-24,short_20_39,9994,10004,10,9999.0,9996.666666666666,-1.0,neutral,-0.4666666666666667,-2.3333333333339397,sell_pressure,3.0,False,steady,1,passive_one_sided_sell,one_sided_mm,0,0,0,0,12,0,12,0,hold,hold,-224560.0,mm_join_12,0.0,-224560.0,0.0,passive_inside_sell,,,
default,round1-day-1,-1,296900,-14,-14,flat_19,9995,10005,10,10000.0,9997.307692307691,0.0,neutral,-0.5384615384615384,-2.692307692308532,sell_pressure,3.0,False,steady,1,passive_one_sided_sell,one_sided_mm,0,0,0,0,12,0,12,0,hold,hold,-124666.0,mm_join_12,0.0,-124666.0,0.0,passive_inside_sell,,,
default,round1-day-1,-1,297200,-14,-14,flat_19,9989,9998,9,9993.5,9996.714285714286,-6.5,cheap,0.7142857142857143,3.214285714286234,buy_pressure,-3.5,True,shock,1,passive_one_sided_buy,one_sided_mm,0,0,0,10,0,10,0,0,buy_take1_16,take1,-124666.0,hold,10.0,-124676.0,10.0,passive_inside_buy,,,
default,round1-day-1,-1,301500,-14,-14,flat_19,9997,10007,10,10002.0,9998.875,2.0,rich,-0.625,-3.125,sell_pressure,3.0,False,steady,1,passive_one_sided_buy,one_sided_mm,0,0,0,12,0,0,0,0,hold,hold,-124676.0,mm_join_12,0.0,-124676.0,0.0,passive_inside_buy,,,
default,round1-day-1,-1,301600,-14,-14,flat_19,9992,10001,9,9996.5,9999.3125,-3.5,cheap,0.625,2.8125,buy_pressure,-5.5,True,shock,1,passive_one_sided_buy,one_sided_mm,0,0,0,10,0,10,0,0,buy_take1_16,take1,-124676.0,buy_take2_32,0.0,-124682.0,6.0,passive_inside_buy,,,
default,round1-day-1,-1,305200,-7,-7,flat_19,9991,10001,10,9996.0,9998.5,-4.0,cheap,0.5,2.5,buy_pressure,-13.0,True,shock,1,passive_one_sided_buy,one_sided_mm,0,0,0,10,0,10,0,0,buy_take1_16,take1,-54724.0,hold,10.0,-54734.0,10.0,passive_inside_buy,,,
default,round1-day-1,-1,305400,-7,-7,flat_19,9998,10008,10,10003.0,9999.666666666666,3.0,rich,-0.6666666666666666,-3.3333333333339397,sell_pressure,3.0,False,steady,1,passive_one_sided_sell,one_sided_mm,0,0,0,0,12,0,12,0,hold,hold,-54734.0,mm_join_12,0.0,-54734.0,0.0,passive_inside_sell,,,
default,round1-day-1,-1,307600,2,2,flat_19,9995,10004,9,9999.5,10002.07142857143,-0.5,neutral,0.5714285714285714,2.571428571429351,buy_pressure,-3.0,False,steady,2,passive_two_sided,mm_inside,0,0,0,12,12,12,0,0,hold,hold,35203.0,mm_join_12,0.0,35203.0,0.0,,,,
default,round1-day-1,-1,308400,-1,-1,flat_19,9995,10004,9,9999.5,10001.75,-0.5,neutral,0.5,2.25,buy_pressure,-3.5,True,shock,2,passive_two_sided,mm_inside,0,0,0,9,9,9,0,0,hold,hold,5131.0,mm_join_12,0.0,5131.0,0.0,,,,
default,round1-day-1,-1,309100,-1,-1,flat_19,9995,10005,10,10000.0,10002.333333333334,0.0,neutral,0.4666666666666667,2.3333333333339397,buy_pressure,-3.0,False,steady,1,passive_one_sided_buy,one_sided_mm,0,0,0,12,0,12,0,0,hold,hold,5131.0,mm_join_12,0.0,5131.0,0.0,passive_inside_buy,,,
default,round1-day-1,-1,312300,13,13,flat_19,10001,10011,10,10006.0,10002.176470588236,6.0,rich,-0.7647058823529411,-3.823529411763957,sell_pressure,3.0,True,shock,1,passive_one_sided_sell,one_sided_mm,0,0,0,0,9,0,9,0,hold,hold,145069.0,mm_join_12,0.0,145069.0,0.0,passive_inside_sell,,,
default,round1-day-1,-1,313200,11,11,flat_19,9996,10006,10,10001.0,10004.666666666666,1.0,neutral,0.7333333333333333,3.6666666666660603,buy_pressure,-4.5,True,shock,1,passive_one_sided_buy,one_sided_mm,0,0,0,9,0,9,0,0,hold,hold,125005.0,mm_join_12,0.0,125005.0,0.0,passive_inside_buy,,,
default,round1-day-1,-1,316000,11,11,flat_19,10001,10011,10,10006.0,10003.857142857143,6.0,rich,-0.42857142857142855,-2.142857142856883,sell_pressure,2.0,True,shock,1,passive_one_sided_sell,one_sided_mm,0,0,0,0,9,0,9,0,hold,hold,124908.0,mm_join_12,0.0,124908.0,0.0,passive_inside_sell,,,
default,round1-day-1,-1,316800,11,11,flat_19,10001,10012,11,10006.5,10004.055555555555,6.5,rich,-0.4444444444444444,-2.444444444445253,sell_pressure,2.5,True,shock,1,passive_one_sided_sell,one_sided_mm,0,0,0,0,9,0,9,0,hold,hold,124908.0,mm_join_12,0.0,124908.0,0.0,passive_inside_sell,,,
default,round1-day-1,-1,316900,11,11,flat_19,9996,10005,9,10000.5,10003.2,0.5,neutral,0.6,2.7000000000007276,buy_pressure,-6.0,True,shock,2,passive_two_sided,mm_inside,0,0,0,9,9,9,0,0,hold,hold,124908.0,mm_join_12,0.0,124908.0,0.0,,,,
default,round1-day-1,-1,317600,11,2,flat_19,10005,10014,9,10009.5,10007.382352941177,9.5,rich,-0.47058823529411764,-2.1176470588234224,sell_pressure,16.5,True,shock,2,clear_sell,take1,0,9,9,0,9,0,9,1,sell_take1_16,take1,124908.0,hold,6.0,124908.0,0.0,take_b1,,,
default,round1-day-1,-1,318600,2,-6,flat_19,10006,10015,9,10010.5,10008.322580645161,10.5,rich,-0.4838709677419355,-2.177419354839003,sell_pressure,6.5,True,shock,2,clear_sell,take1,0,8,8,0,9,0,9,1,sell_take1_16,take1,34863.0,hold,13.0,34863.0,0.0,take_b1,,,
default,round1-day-1,-1,321200,-16,-16,flat_19,10003,10014,11,10008.5,10005.588235294117,8.5,rich,-0.5294117647058824,-2.911764705882888,sell_pressure,4.0,True,shock,1,passive_one_sided_sell,one_sided_mm,0,0,0,0,9,0,9,0,hold,hold,-145305.0,mm_join_12,0.0,-145305.0,0.0,passive_inside_sell,,,
default,round1-day-1,-1,321300,-16,-16,flat_19,10004,10014,10,10009.0,10006.777777777777,9.0,rich,-0.4444444444444444,-2.2222222222226264,sell_pressure,0.5,True,shock,1,passive_one_sided_sell,one_sided_mm,0,0,0,0,9,0,9,0,hold,hold,-145305.0,mm_join_12,0.0,-145305.0,0.0,passive_inside_sell,,,
default,round1-day-1,-1,321600,-16,-16,flat_19,9998,10008,10,10003.0,10005.5,3.0,rich,0.5,2.5,buy_pressure,-3.0,False,steady,1,passive_one_sided_buy,one_sided_mm,0,0,0,12,0,12,0,0,hold,hold,-145305.0,mm_join_12,0.0,-145305.0,0.0,passive_inside_buy,,,
default,round1-day-1,-1,322400,-16,-16,flat_19,10004,10015,11,10009.5,10006.0625,9.5,rich,-0.625,-3.4375,sell_pressure,2.5,True,shock,1,passive_one_sided_sell,one_sided_mm,0,0,0,0,9,0,9,0,hold,hold,-145305.0,mm_join_12,0.0,-145305.0,0.0,passive_inside_sell,,,
default,round1-day-1,-1,325600,-12,-12,flat_19,10004,10017,13,10010.5,10005.911764705883,10.5,rich,-0.7058823529411765,-4.588235294117112,sell_pressure,4.0,True,shock,1,passive_one_sided_sell,one_sided_mm,0,0,0,0,9,0,9,0,hold,hold,-105342.0,mm_join_12,0.0,-105342.0,0.0,passive_inside_sell,,,
default,round1-day-1,-1,326500,-15,-15,flat_19,9996,10008,12,10002.0,10007.172413793103,2.0,rich,0.8620689655172413,5.17241379310326,buy_pressure,-5.0,True,shock,1,passive_one_sided_buy,one_sided_mm,0,0,0,9,0,9,0,0,hold,hold,-135393.0,mm_join_12,0.0,-135393.0,0.0,passive_inside_buy,,,
default,round1-day-1,-1,327600,-15,-25,flat_19,10008,10017,9,10012.5,10010.5,12.5,rich,-0.4444444444444444,-2.0,sell_pressure,7.5,True,shock,2,take_sell,take1,0,10,10,0,9,0,9,1,sell_take1_16,take1,-135393.0,hold,37.0,-135393.0,0.0,take_b1,,,
default,round1-day-1,-1,328200,-25,-25,short_20_39,9997,10009,12,10003.0,10007.95652173913,3.0,rich,0.8260869565217391,4.956521739130039,buy_pressure,-3.5,True,shock,1,passive_one_sided_buy,one_sided_mm,0,0,0,9,0,9,0,0,hold,hold,-235473.0,mm_join_12,0.0,-235473.0,0.0,passive_inside_buy,,,
default,round1-day-1,-1,329300,-25,-25,short_20_39,10001,10010,9,10005.5,10008.941176470587,5.5,rich,0.7647058823529411,3.4411764705873793,buy_pressure,-4.5,True,shock,2,passive_two_sided,mm_inside,0,0,0,9,9,9,0,0,hold,hold,-235473.0,mm_join_12,0.0,-235473.0,0.0,,,,
default,round1-day-1,-1,329800,-30,-30,short_20_39,10005,10016,11,10010.5,10006.941176470587,10.5,rich,-0.6470588235294118,-3.5588235294126207,sell_pressure,-5.5,True,shock,1,passive_one_sided_sell,one_sided_mm,0,0,0,0,9,0,9,0,hold,hold,-285528.0,mm_join_12,0.0,-285528.0,0.0,passive_inside_sell,,,
default,round1-day-1,-1,330300,-22,-22,short_20_39,10001,10010,9,10005.5,10008.411764705883,5.5,rich,0.6470588235294118,2.911764705882888,buy_pressure,-1.5,False,steady,2,passive_two_sided,mm_inside,0,0,0,12,12,12,0,0,hold,hold,-205520.0,mm_join_12,0.0,-205520.0,0.0,,,,
default,round1-day-1,-1,333600,-22,-22,short_20_39,10005,10016,11,10010.5,10006.466666666667,10.5,rich,-0.7333333333333333,-4.033333333332848,sell_pressure,3.5,True,shock,1,passive_one_sided_sell,one_sided_mm,0,0,0,0,9,0,9,0,hold,hold,-205560.0,mm_join_12,0.0,-205560.0,0.0,passive_inside_sell,,,
default,round1-day-1,-1,338400,-71,-71,short_60_plus,9998,10008,10,10003.0,10005.058823529413,3.0,rich,0.4117647058823529,2.0588235294126207,buy_pressure,-3.0,False,steady,2,passive_two_sided,mm_inside,0,0,0,14,9,14,0,0,hold,hold,-696159.0,mm_join_12,0.0,-696159.0,0.0,,,,
default,round1-day-1,-1,338600,-71,-71,short_60_plus,9998,10008,10,10003.0,10005.058823529413,3.0,rich,0.4117647058823529,2.0588235294126207,buy_pressure,-4.0,True,shock,2,passive_two_sided,mm_inside,0,0,0,11,6,11,0,0,hold,hold,-696159.0,mm_join_12,0.0,-696159.0,0.0,,,,
default,round1-day-1,-1,340200,-71,-71,short_60_plus,10004,10015,11,10009.5,10005.833333333334,9.5,rich,-0.6666666666666666,-3.6666666666660603,sell_pressure,2.5,True,shock,2,passive_two_sided,mm_inside,0,0,0,11,6,0,6,0,hold,hold,-696159.0,mm_join_12,0.0,-696159.0,0.0,,,,
default,round1-day-1,-1,342600,-71,-71,short_60_plus,10004,10014,10,10009.0,10006.857142857143,9.0,rich,-0.42857142857142855,-2.142857142856883,sell_pressure,2.5,True,shock,2,passive_two_sided,mm_inside,0,0,0,11,6,0,6,0,hold,hold,-696159.0,mm_join_12,0.0,-696159.0,0.0,,,,
default,round1-day-1,-1,343500,-71,-71,short_60_plus,10000,10009,9,10004.5,10007.5,4.5,rich,0.6666666666666666,3.0,buy_pressure,-11.5,True,shock,2,passive_two_sided,mm_inside,0,0,0,11,6,11,0,0,hold,hold,-696159.0,mm_join_12,0.0,-696159.0,0.0,,,,
default,round1-day-1,-1,345200,-71,-71,short_60_plus,10004,10015,11,10009.5,10005.375,9.5,rich,-0.75,-4.125,sell_pressure,4.0,True,shock,2,passive_two_sided,mm_inside,0,0,0,11,6,0,6,0,hold,hold,-696159.0,mm_join_12,0.0,-696159.0,0.0,,,,
default,round1-day-1,-1,350300,-73,-73,short_60_plus,9994,10004,10,9999.0,10001.777777777777,-1.0,neutral,0.5555555555555556,2.7777777777773736,buy_pressure,-4.0,True,shock,2,passive_two_sided,mm_inside,0,0,0,11,6,11,0,0,hold,hold,-716297.0,mm_join_12,0.0,-716297.0,0.0,,,,
default,round1-day-1,-1,351700,-73,-78,short_60_plus,10003,10012,9,10007.5,10004.5,7.5,rich,-0.6666666666666666,-3.0,sell_pressure,5.5,True,shock,3,take_sell,take1,0,5,5,11,2,0,2,1,hold,hold,-716297.0,mm_join_12,0.0,-716325.0,28.0,take_b1,,,
default,round1-day-1,-1,352800,-80,-80,short_60_plus,9999,10012,13,10005.5,10000.56,5.5,rich,-0.76,-4.940000000000509,sell_pressure,5.0,True,shock,1,passive_one_sided_buy,one_sided_mm,0,0,0,11,0,11,0,0,hold,hold,-786360.0,mm_join_12,0.0,-786360.0,0.0,passive_inside_buy,,,
default,round1-day-1,-1,354900,-70,-67,short_60_plus,9991,10000,9,9995.5,9998.5,-4.5,cheap,0.6666666666666666,3.0,buy_pressure,-3.5,True,shock,2,clear_buy,take1,3,0,3,12,0,12,0,1,buy_take1_16,take1,-686440.0,hold,9.0,-686440.0,0.0,take_a1,,,
default,round1-day-1,-1,356300,-74,-74,short_60_plus,9998,10011,13,10004.5,9999.625,4.5,rich,-0.75,-4.875,sell_pressure,12.5,True,shock,1,passive_one_sided_sell,one_sided_mm,0,0,0,0,6,0,6,0,mm_inside_12,mm_inside,-726482.0,mm_inside_20,0.0,-726482.0,0.0,passive_inside_sell,,,
default,round1-day-1,-1,356500,-69,-66,short_60_plus,9992,10001,9,9996.5,9999.3125,-3.5,cheap,0.625,2.8125,buy_pressure,-3.5,True,shock,2,clear_buy,take1,3,0,3,12,0,12,0,1,buy_take1_16,take1,-676533.0,hold,6.0,-676533.0,0.0,take_a1,,,
default,round1-day-1,-1,357300,-66,-63,short_60_plus,9991,10000,9,9995.5,9998.411764705883,-4.5,cheap,0.6470588235294118,2.911764705882888,buy_pressure,-2.5,False,steady,2,clear_buy,take1,3,0,3,15,0,15,0,1,buy_take1_16,take1,-646530.0,hold,9.0,-646530.0,0.0,take_a1,,,
default,round1-day-1,-1,357700,-63,-63,short_60_plus,9996,10009,13,10002.5,9997.5,2.5,rich,-0.7692307692307693,-5.0,sell_pressure,2.5,False,steady,2,passive_two_sided,mm_inside,0,0,0,14,9,14,9,0,hold,hold,-616530.0,mm_join_12,0.0,-616530.0,0.0,,,,
default,round1-day-1,-1,358000,-63,-59,short_60_plus,9997,10010,13,10003.5,9998.925925925925,3.5,rich,-0.7037037037037037,-4.574074074074815,sell_pressure,5.5,True,shock,2,passive_two_sided,mm_inside,0,0,0,11,6,11,6,0,mm_inside_12,mm_inside,-616530.0,mm_inside_20,0.0,-616530.0,0.0,,,,
default,round1-day-1,-1,358900,-69,-69,short_60_plus,9997,10007,10,10002.0,9999.5,2.0,rich,-0.5,-2.5,sell_pressure,2.5,False,steady,2,passive_two_sided,mm_inside,0,0,0,14,9,14,9,0,hold,hold,-676598.0,mm_join_12,0.0,-676598.0,0.0,,,,
default,round1-day-1,-1,361100,-55,-55,short_40_59,9998,10009,11,10003.5,10000.444444444445,3.5,rich,-0.5555555555555556,-3.055555555554747,sell_pressure,4.5,True,shock,1,passive_one_sided_sell,one_sided_mm,0,0,0,0,6,0,6,0,hold,hold,-536698.0,mm_join_12,0.0,-536698.0,0.0,passive_inside_sell,,,
default,round1-day-1,-1,361800,-55,-64,short_40_59,10003,10012,9,10007.5,10005.53125,7.5,rich,-0.4375,-1.96875,sell_pressure,6.5,True,shock,3,take_sell,take1,0,9,9,11,6,0,6,1,hold,hold,-536698.0,mm_join_12,0.0,-536704.0,6.0,take_b1,,,
default,round1-day-1,-1,362000,-64,-64,short_60_plus,9999,10010,11,10004.5,10000.57142857143,4.5,rich,-0.7142857142857143,-3.928571428570649,sell_pressure,3.5,True,shock,1,passive_one_sided_sell,one_sided_mm,0,0,0,0,6,0,6,0,hold,hold,-626731.0,mm_join_12,0.0,-626731.0,0.0,passive_inside_sell,,,
default,round1-day-1,-1,367600,-71,-71,short_60_plus,9991,10003,12,9997.0,10001.153846153846,-3.0,cheap,0.6923076923076923,4.153846153845734,buy_pressure,-4.0,True,shock,1,passive_one_sided_buy,one_sided_mm,0,0,0,12,0,12,0,0,buy_take1_16,take1,-696768.0,hold,8.0,-696776.0,8.0,passive_inside_buy,,,
default,round1-day-1,-1,371600,-61,-61,short_60_plus,9997,10008,11,10002.5,9999.444444444445,2.5,rich,-0.5555555555555556,-3.055555555554747,sell_pressure,3.5,True,shock,1,passive_one_sided_sell,one_sided_mm,0,0,0,0,6,0,6,0,hold,hold,-596794.0,mm_join_12,0.0,-596794.0,0.0,passive_inside_sell,,,
default,round1-day-1,-1,372100,-61,-61,short_60_plus,9998,10008,10,10003.0,9999.875,3.0,rich,-0.625,-3.125,sell_pressure,-5.0,True,shock,1,passive_one_sided_sell,one_sided_mm,0,0,0,0,9,0,9,0,hold,hold,-596794.0,mm_join_12,0.0,-596794.0,0.0,passive_inside_sell,,,
default,round1-day-1,-1,375200,-59,-59,short_40_59,9993,10003,10,9998.0,10001.823529411764,-2.0,cheap,0.7647058823529411,3.823529411763957,buy_pressure,-4.0,True,shock,1,passive_one_sided_sell,one_sided_mm,0,0,0,0,6,0,0,0,buy_take1_16,take1,-576918.0,hold,16.0,-576934.0,16.0,passive_inside_sell,,,
default,round1-day-1,-1,381000,-76,-76,short_60_plus,10001,10012,11,10006.5,10002.833333333334,6.5,rich,-0.6666666666666666,-3.6666666666660603,sell_pressure,2.5,True,shock,1,passive_one_sided_sell,one_sided_mm,0,0,0,0,4,0,4,0,hold,hold,-747175.0,mm_join_12,0.0,-747175.0,0.0,passive_inside_sell,,,
default,round1-day-1,-1,383800,-80,-80,short_60_plus,9998,10009,11,10003.5,10000.315789473685,3.5,rich,-0.5789473684210527,-3.184210526314928,sell_pressure,3.5,True,shock,0,hold,hold,0,0,0,0,0,0,0,0,hold,hold,-787186.0,mm_join_12,0.0,-787186.0,0.0,,,,
default,round1-day-1,-1,384600,-80,-80,short_60_plus,10004,10013,9,10008.5,10006.076923076924,8.5,rich,-0.5384615384615384,-2.4230769230762235,sell_pressure,6.5,True,shock,1,passive_one_sided_buy,one_sided_mm,0,0,0,11,0,0,0,0,hold,hold,-787186.0,mm_join_12,0.0,-787186.0,0.0,passive_inside_buy,,,
default,round1-day-1,-1,385500,-80,-80,short_60_plus,10000,10013,13,10006.5,10002.166666666666,6.5,rich,-0.6666666666666666,-4.33333333333394,sell_pressure,4.5,True,shock,0,hold,hold,0,0,0,0,0,0,0,0,hold,hold,-787186.0,mm_join_12,0.0,-787186.0,0.0,,,,
default,round1-day-1,-1,388700,-65,-65,short_60_plus,9995,10004,9,9999.5,10001.75,-0.5,neutral,0.5,2.25,buy_pressure,-4.0,True,shock,2,passive_two_sided,mm_inside,0,0,0,11,6,11,0,0,hold,hold,-637240.0,mm_join_12,0.0,-637240.0,0.0,,,,
default,round1-day-1,-1,396100,-47,-47,short_40_59,10004,10014,10,10009.0,10006.0,9.0,rich,-0.6,-3.0,sell_pressure,1.0,True,shock,2,passive_two_sided,mm_inside,0,0,0,11,6,0,6,0,sell_take1_16,take1,-457269.0,hold,6.0,-457275.0,6.0,,,,
default,round1-day-1,-1,397200,-47,-47,short_40_59,9996,10008,12,10002.0,10006.125,2.0,rich,0.6875,4.125,buy_pressure,-4.0,True,shock,2,passive_two_sided,mm_inside,0,0,0,11,6,11,0,0,hold,hold,-457275.0,mm_join_12,0.0,-457275.0,0.0,,,,
default,round1-day-1,-1,401600,-41,-41,short_40_59,10004,10014,10,10009.0,10006.777777777777,9.0,rich,-0.4444444444444444,-2.2222222222226264,sell_pressure,2.0,True,shock,1,passive_one_sided_sell,one_sided_mm,0,0,0,0,9,0,9,0,sell_take1_16,take1,-397319.0,hold,10.0,-397329.0,10.0,passive_inside_sell,,,
default,round1-day-1,-1,402400,-41,-41,short_40_59,9998,10007,9,10002.5,10004.75,2.5,rich,0.5,2.25,buy_pressure,-4.5,True,shock,2,passive_two_sided,mm_inside,0,0,0,9,9,9,0,0,hold,hold,-397329.0,mm_join_12,0.0,-397329.0,0.0,,,,
default,round1-day-1,-1,402600,-41,-41,short_40_59,9998,10007,9,10002.5,10004.6,2.5,rich,0.4666666666666667,2.100000000000364,buy_pressure,-3.5,True,shock,2,passive_two_sided,mm_inside,0,0,0,9,9,9,0,0,hold,hold,-397329.0,mm_join_12,0.0,-397329.0,0.0,,,,
default,round1-day-1,-1,402900,-41,-41,short_40_59,9997,10007,10,10002.0,10004.5,2.0,rich,0.5,2.5,buy_pressure,-2.0,False,steady,1,passive_one_sided_buy,one_sided_mm,0,0,0,12,0,12,0,0,hold,hold,-397329.0,mm_join_12,0.0,-397329.0,0.0,passive_inside_buy,,,
default,round1-day-1,-1,403600,-41,-41,short_40_59,10003,10013,10,10008.0,10004.875,8.0,rich,-0.625,-3.125,sell_pressure,1.5,True,shock,1,passive_one_sided_sell,one_sided_mm,0,0,0,0,9,0,9,0,sell_take1_16,take1,-397329.0,hold,3.0,-397332.0,3.0,passive_inside_sell,,,
default,round1-day-1,-1,406900,-32,-32,short_20_39,9999,10010,11,10004.5,10000.833333333334,4.5,rich,-0.6666666666666666,-3.6666666666660603,sell_pressure,2.5,False,steady,1,passive_one_sided_sell,one_sided_mm,0,0,0,0,12,0,12,0,hold,hold,-307417.0,mm_join_12,0.0,-307417.0,0.0,passive_inside_sell,,,
default,round1-day-1,-1,409600,-37,-37,short_20_39,9998,10009,11,10003.5,9999.833333333334,3.5,rich,-0.6666666666666666,-3.6666666666660603,sell_pressure,1.5,False,steady,1,passive_one_sided_sell,one_sided_mm,0,0,0,0,12,0,12,0,hold,hold,-357562.0,mm_join_12,0.0,-357562.0,0.0,passive_inside_sell,,,
default,round1-day-1,-1,410800,-37,-37,short_20_39,9997,10008,11,10002.5,10000.235294117647,2.5,rich,-0.4117647058823529,-2.264705882353155,sell_pressure,2.5,False,steady,1,passive_one_sided_sell,one_sided_mm,0,0,0,0,12,0,12,0,hold,hold,-357562.0,mm_join_12,0.0,-357562.0,0.0,passive_inside_sell,,,
default,round1-day-1,-1,414800,-34,-34,short_20_39,9994,10003,9,9998.5,10000.1875,-1.5,neutral,0.375,1.6875,buy_pressure,-3.5,True,shock,2,passive_two_sided,mm_inside,0,0,0,9,9,9,0,0,hold,hold,-327685.0,mm_join_12,0.0,-327685.0,0.0,,,,
default,round1-day-1,-1,415800,-39,-39,short_20_39,10000,10010,10,10005.0,10001.25,5.0,rich,-0.75,-3.75,sell_pressure,5.0,True,shock,1,passive_one_sided_sell,one_sided_mm,0,0,0,0,9,0,9,0,hold,hold,-377740.0,mm_join_12,0.0,-377740.0,0.0,passive_inside_sell,,,
default,round1-day-1,-1,418100,-39,-39,short_20_39,9999,10009,10,10004.0,10001.631578947368,4.0,rich,-0.47368421052631576,-2.3684210526316747,sell_pressure,3.0,False,steady,1,passive_one_sided_sell,one_sided_mm,0,0,0,0,12,0,12,0,hold,hold,-377740.0,mm_join_12,0.0,-377740.0,0.0,passive_inside_sell,,,
default,round1-day-1,-1,420100,-44,-44,short_40_59,9991,10001,10,9996.0,9998.058823529413,-4.0,cheap,0.4117647058823529,2.0588235294126207,buy_pressure,-4.0,True,shock,1,passive_one_sided_buy,one_sided_mm,0,0,0,12,0,12,0,0,buy_take1_16,take1,-427780.0,hold,5.0,-427785.0,5.0,passive_inside_buy,,,
default,round1-day-1,-1,420300,-44,-44,short_40_59,9988,10000,12,9994.0,9999.0,-6.0,cheap,0.8333333333333334,5.0,buy_pressure,-13.0,True,shock,1,passive_one_sided_buy,one_sided_mm,0,0,0,12,0,12,0,0,buy_take1_16,take1,-427785.0,hold,4.0,-427789.0,4.0,passive_inside_buy,,,
default,round1-day-1,-1,422900,-40,-40,short_40_59,9998,10009,11,10003.5,10000.357142857143,3.5,rich,-0.5714285714285714,-3.142857142856883,sell_pressure,2.5,False,steady,1,passive_one_sided_sell,one_sided_mm,0,0,0,0,12,0,12,0,hold,hold,-387801.0,mm_join_12,0.0,-387801.0,0.0,passive_inside_sell,,,
default,round1-day-1,-1,424400,-26,-20,short_20_39,9994,10004,10,9999.0,10002.666666666666,-1.0,neutral,0.7333333333333333,3.6666666666660603,buy_pressure,-3.0,False,steady,1,passive_one_sided_buy,one_sided_mm,0,0,0,12,0,12,0,0,mm_inside_12,mm_inside,-247869.0,mm_inside_20,0.0,-247869.0,0.0,passive_inside_buy,,,
default,round1-day-1,-1,424700,-20,-20,short_20_39,9994,10003,9,9998.5,10000.35294117647,-1.5,neutral,0.4117647058823529,1.8529411764702672,buy_pressure,-5.0,True,shock,2,passive_two_sided,mm_inside,0,0,0,9,9,9,0,0,hold,hold,-187899.0,mm_join_12,0.0,-187899.0,0.0,,,,
default,round1-day-1,-1,426300,-23,-19,short_20_39,9991,10003,12,9997.0,10002.076923076924,-3.0,cheap,0.8461538461538461,5.0769230769237765,buy_pressure,-5.0,True,shock,1,passive_one_sided_buy,one_sided_mm,0,0,0,10,0,10,0,0,mm_inside_12,mm_inside,-217923.0,mm_inside_20,0.0,-217923.0,0.0,passive_inside_buy,,,
default,round1-day-1,-1,431400,-23,-23,short_20_39,9998,10007,9,10002.5,10005.411764705883,2.5,rich,0.6470588235294118,2.911764705882888,buy_pressure,-3.5,True,shock,2,passive_two_sided,mm_inside,0,0,0,9,9,9,0,0,hold,hold,-218075.0,mm_join_12,0.0,-218075.0,0.0,,,,
default,round1-day-1,-1,433600,-19,-19,flat_19,9997,10006,9,10001.5,10003.35294117647,1.5,neutral,0.4117647058823529,1.8529411764702672,buy_pressure,-2.5,False,steady,2,passive_two_sided,mm_inside,0,0,0,12,12,12,0,0,hold,hold,-178087.0,mm_join_12,0.0,-178087.0,0.0,,,,
default,round1-day-1,-1,434200,-19,-19,flat_19,9996,10006,10,10001.0,10003.058823529413,1.0,neutral,0.4117647058823529,2.0588235294126207,buy_pressure,-3.0,False,steady,1,passive_one_sided_buy,one_sided_mm,0,0,0,12,0,12,0,0,hold,hold,-178087.0,mm_join_12,0.0,-178087.0,0.0,passive_inside_buy,,,
default,round1-day-1,-1,434300,-19,-19,flat_19,9996,10006,10,10001.0,10004.125,1.0,neutral,0.625,3.125,buy_pressure,0.0,False,steady,1,passive_one_sided_buy,one_sided_mm,0,0,0,12,0,12,0,0,hold,hold,-178087.0,mm_join_12,0.0,-178087.0,0.0,passive_inside_buy,,,
default,round1-day-1,-1,438300,-21,-21,short_20_39,10003,10014,11,10008.5,10005.444444444445,8.5,rich,-0.5555555555555556,-3.055555555554747,sell_pressure,2.5,True,shock,1,passive_one_sided_sell,one_sided_mm,0,0,0,0,9,0,9,0,sell_take1_16,take1,-198151.0,hold,4.0,-198155.0,4.0,passive_inside_sell,,,
default,round1-day-1,-1,438400,-21,-21,short_20_39,10003,10014,11,10008.5,10004.466666666667,8.5,rich,-0.7333333333333333,-4.033333333332848,sell_pressure,0.0,True,shock,1,passive_one_sided_sell,one_sided_mm,0,0,0,0,9,0,9,0,sell_take1_16,take1,-198155.0,hold,2.0,-198157.0,2.0,passive_inside_sell,,,
default,round1-day-1,-1,441900,-20,-20,short_20_39,10004,10014,10,10009.0,10005.875,9.0,rich,-0.625,-3.125,sell_pressure,1.5,True,shock,1,passive_one_sided_sell,one_sided_mm,0,0,0,0,9,0,9,0,sell_take1_16,take1,-188228.0,hold,6.0,-188234.0,6.0,passive_inside_sell,,,
default,round1-day-1,-1,443900,-20,-20,short_20_39,9997,10007,10,10002.0,10005.461538461539,2.0,rich,0.6923076923076923,3.4615384615390212,buy_pressure,-2.0,False,steady,1,passive_one_sided_buy,one_sided_mm,0,0,0,12,0,12,0,0,hold,hold,-188234.0,mm_join_12,0.0,-188234.0,0.0,passive_inside_buy,,,
default,round1-day-1,-1,444600,-17,-17,flat_19,9998,10007,9,10002.5,10004.5,2.5,rich,0.4444444444444444,2.0,buy_pressure,-3.5,True,shock,2,passive_two_sided,mm_inside,0,0,0,9,9,9,0,0,hold,hold,-158240.0,mm_join_12,0.0,-158240.0,0.0,,,,
default,round1-day-1,-1,444700,-17,-17,flat_19,9998,10007,9,10002.5,10004.35294117647,2.5,rich,0.4117647058823529,1.8529411764702672,buy_pressure,0.0,False,steady,2,passive_two_sided,mm_inside,0,0,0,12,12,12,0,0,hold,hold,-158240.0,mm_join_12,0.0,-158240.0,0.0,,,,
default,round1-day-1,-1,447600,-17,-17,flat_19,9997,10007,10,10002.0,10004.777777777777,2.0,rich,0.5555555555555556,2.7777777777773736,buy_pressure,-2.5,False,steady,1,passive_one_sided_buy,one_sided_mm,0,0,0,12,0,12,0,0,hold,hold,-158240.0,mm_join_12,0.0,-158240.0,0.0,passive_inside_buy,,,
default,round1-day-1,-1,448500,-17,-17,flat_19,9994,10006,12,10000.0,10003.931034482759,0.0,neutral,0.6551724137931034,3.9310344827590598,buy_pressure,3.0,False,steady,1,passive_one_sided_buy,one_sided_mm,0,0,0,12,0,12,0,0,hold,hold,-158240.0,mm_join_12,0.0,-158240.0,0.0,passive_inside_buy,,,
default,round1-day-1,-1,451100,-17,-17,flat_19,10001,10012,11,10006.5,10002.833333333334,6.5,rich,-0.6666666666666666,-3.6666666666660603,sell_pressure,2.5,True,shock,1,passive_one_sided_sell,one_sided_mm,0,0,0,0,9,0,9,0,hold,hold,-158240.0,mm_join_12,0.0,-158240.0,0.0,passive_inside_sell,,,
default,round1-day-1,-1,453300,-10,-10,flat_19,10002,10012,10,10007.0,10004.307692307691,7.0,rich,-0.5384615384615384,-2.692307692308532,sell_pressure,4.0,True,shock,1,passive_one_sided_sell,one_sided_mm,0,0,0,0,9,0,9,0,hold,hold,-88226.0,mm_join_12,0.0,-88226.0,0.0,passive_inside_sell,,,
default,round1-day-1,-1,455900,-16,-16,flat_19,9991,10003,12,9997.0,10001.222222222223,-3.0,cheap,0.7037037037037037,4.222222222222626,buy_pressure,-5.0,True,shock,1,passive_one_sided_buy,one_sided_mm,0,0,0,10,0,10,0,0,hold,hold,-148304.0,mm_join_12,0.0,-148304.0,0.0,passive_inside_buy,,,
default,round1-day-1,-1,457900,-16,-25,flat_19,10003,10012,9,10007.5,10005.53125,7.5,rich,-0.4375,-1.96875,sell_pressure,4.0,True,shock,2,take_sell,take1,0,9,9,0,9,0,9,1,sell_take1_16,take1,-148304.0,hold,9.0,-148304.0,0.0,take_b1,,,
default,round1-day-1,-1,458400,-25,-25,short_20_39,9999,10010,11,10004.5,10001.2,4.5,rich,-0.6,-3.2999999999992724,sell_pressure,2.0,False,steady,1,passive_one_sided_sell,one_sided_mm,0,0,0,0,12,0,12,0,hold,hold,-238331.0,mm_join_12,0.0,-238331.0,0.0,passive_inside_sell,,,
default,round1-day-1,-1,459800,-25,-25,short_20_39,10000,10013,13,10006.5,10001.392857142857,6.5,rich,-0.7857142857142857,-5.107142857143117,sell_pressure,3.5,True,shock,1,passive_one_sided_sell,one_sided_mm,0,0,0,0,9,0,9,0,hold,hold,-238331.0,mm_join_12,0.0,-238331.0,0.0,passive_inside_sell,,,
default,round1-day-1,-1,460700,-25,-25,short_20_39,10001,10012,11,10006.5,10004.142857142857,6.5,rich,-0.42857142857142855,-2.357142857143117,sell_pressure,2.5,True,shock,1,passive_one_sided_sell,one_sided_mm,0,0,0,0,9,0,9,0,hold,hold,-238331.0,mm_join_12,0.0,-238331.0,0.0,passive_inside_sell,,,
default,round1-day-1,-1,462600,-25,-25,short_20_39,10002,10012,10,10007.0,10003.538461538461,7.0,rich,-0.6923076923076923,-3.4615384615390212,sell_pressure,3.0,True,shock,1,passive_one_sided_sell,one_sided_mm,0,0,0,0,9,0,9,0,hold,hold,-238331.0,mm_join_12,0.0,-238331.0,0.0,passive_inside_sell,,,
default,round1-day-1,-1,464700,-29,-29,short_20_39,10001,10011,10,10006.0,10003.0,6.0,rich,-0.6,-3.0,sell_pressure,3.0,True,shock,1,passive_one_sided_sell,one_sided_mm,0,0,0,0,9,0,9,0,hold,hold,-278351.0,mm_join_12,0.0,-278351.0,0.0,passive_inside_sell,,,
default,round1-day-1,-1,469200,-34,-34,short_20_39,9999,10010,11,10004.5,10001.315789473685,4.5,rich,-0.5789473684210527,-3.184210526314928,sell_pressure,2.5,False,steady,1,passive_one_sided_sell,one_sided_mm,0,0,0,0,12,0,12,0,hold,hold,-328384.0,mm_join_12,0.0,-328384.0,0.0,passive_inside_sell,,,
default,round1-day-1,-1,469900,-34,-34,short_20_39,9999,10010,11,10004.5,10000.692307692309,4.5,rich,-0.6923076923076923,-3.807692307691468,sell_pressure,3.5,True,shock,1,passive_one_sided_sell,one_sided_mm,0,0,0,0,9,0,9,0,hold,hold,-328384.0,mm_join_12,0.0,-328384.0,0.0,passive_inside_sell,,,
default,round1-day-1,-1,471300,-34,-34,short_20_39,9999,10010,11,10004.5,10001.588235294117,4.5,rich,-0.5294117647058824,-2.911764705882888,sell_pressure,2.5,False,steady,1,passive_one_sided_sell,one_sided_mm,0,0,0,0,12,0,12,0,hold,hold,-328384.0,mm_join_12,0.0,-328384.0,0.0,passive_inside_sell,,,
default,round1-day-1,-1,472800,-34,-34,short_20_39,9998,10009,11,10003.5,10000.75,3.5,rich,-0.5,-2.75,sell_pressure,3.5,True,shock,1,passive_one_sided_sell,one_sided_mm,0,0,0,0,9,0,9,0,hold,hold,-328384.0,mm_join_12,0.0,-328384.0,0.0,passive_inside_sell,,,
default,round1-day-1,-1,473200,-34,-34,short_20_39,9993,10002,9,9997.5,9999.0,-2.5,cheap,0.3333333333333333,1.5,mixed_pressure,-11.5,True,shock,1,passive_one_sided_sell,one_sided_mm,0,0,0,0,12,0,0,0,hold,hold,-328384.0,mm_join_12,0.0,-328384.0,0.0,passive_inside_sell,,,
default,round1-day-1,-1,477500,-43,-43,short_40_59,9993,10003,10,9998.0,10001.125,-2.0,cheap,0.625,3.125,buy_pressure,-2.0,False,steady,1,passive_one_sided_sell,one_sided_mm,0,0,0,0,9,0,0,0,hold,hold,-418465.0,mm_join_12,0.0,-418465.0,0.0,passive_inside_sell,,,
default,round1-day-1,-1,480300,-33,-33,short_20_39,9989,10001,12,9995.0,9999.615384615385,-5.0,cheap,0.7692307692307693,4.615384615384755,buy_pressure,-5.0,True,shock,1,passive_one_sided_buy,one_sided_mm,0,0,0,10,0,10,0,0,buy_take1_16,take1,-318525.0,hold,3.0,-318528.0,3.0,passive_inside_buy,,,
default,round1-day-1,-1,480400,-33,-33,short_20_39,9997,10007,10,10002.0,9998.25,2.0,rich,-0.75,-3.75,sell_pressure,7.0,True,shock,0,hold,hold,0,0,0,0,0,0,0,0,hold,hold,-318528.0,mm_join_12,0.0,-318528.0,0.0,,,,
default,round1-day-1,-1,480700,-33,-33,short_20_39,9998,10011,13,10004.5,10000.407407407407,4.5,rich,-0.6296296296296297,-4.092592592593064,sell_pressure,4.5,True,shock,1,passive_one_sided_sell,one_sided_mm,0,0,0,0,9,0,9,0,hold,hold,-318528.0,mm_join_12,0.0,-318528.0,0.0,passive_inside_sell,,,
default,round1-day-1,-1,481200,-33,-33,short_20_39,9999,10009,10,10004.0,10001.666666666666,4.0,rich,-0.4666666666666667,-2.3333333333339397,sell_pressure,3.0,False,steady,1,passive_one_sided_sell,one_sided_mm,0,0,0,0,12,0,12,0,hold,hold,-318528.0,mm_join_12,0.0,-318528.0,0.0,passive_inside_sell,,,
default,round1-day-1,-1,481400,-33,-33,short_20_39,9994,10003,9,9998.5,10000.0,-1.5,neutral,0.3333333333333333,1.5,mixed_pressure,-3.5,True,shock,2,passive_two_sided,mm_inside,0,0,0,9,9,9,0,0,hold,hold,-318528.0,mm_join_12,0.0,-318528.0,0.0,,,,
default,round1-day-1,-1,481500,-33,-33,short_20_39,9993,10003,10,9998.0,10000.5,-2.0,cheap,0.5,2.5,buy_pressure,-0.5,False,steady,1,passive_one_sided_sell,one_sided_mm,0,0,0,0,12,0,0,0,hold,hold,-318528.0,mm_join_12,0.0,-318528.0,0.0,passive_inside_sell,,,
default,round1-day-1,-1,482100,-33,-33,short_20_39,9994,10003,9,9998.5,10001.615384615385,-1.5,neutral,0.6923076923076923,3.1153846153847553,buy_pressure,-2.5,False,steady,2,passive_two_sided,mm_inside,0,0,0,12,12,12,0,0,hold,hold,-318528.0,mm_join_12,0.0,-318528.0,0.0,,,,
default,round1-day-1,-1,483500,-33,-33,short_20_39,9992,10002,10,9997.0,9999.857142857143,-3.0,cheap,0.5714285714285714,2.857142857143117,buy_pressure,-5.0,True,shock,1,passive_one_sided_buy,one_sided_mm,0,0,0,10,0,10,0,0,hold,hold,-318528.0,mm_join_12,0.0,-318528.0,0.0,passive_inside_buy,,,
default,round1-day-1,-1,484900,-37,-37,short_20_39,9993,10002,9,9997.5,9999.75,-2.5,cheap,0.5,2.25,buy_pressure,-3.5,True,shock,1,passive_one_sided_buy,one_sided_mm,0,0,0,10,0,10,0,0,hold,hold,-358560.0,mm_join_12,0.0,-358560.0,0.0,passive_inside_buy,,,
default,round1-day-1,-1,485100,-37,-37,short_20_39,9993,10003,10,9998.0,10001.75,-2.0,cheap,0.75,3.75,buy_pressure,-3.0,False,steady,1,passive_one_sided_sell,one_sided_mm,0,0,0,0,12,0,0,0,hold,hold,-358560.0,mm_join_12,0.0,-358560.0,0.0,passive_inside_sell,,,
default,round1-day-1,-1,486600,-43,-43,short_40_59,9994,10003,9,9998.5,10000.75,-1.5,neutral,0.5,2.25,buy_pressure,-2.5,False,steady,2,passive_two_sided,mm_inside,0,0,0,14,9,14,0,0,hold,hold,-418574.0,mm_join_12,0.0,-418574.0,0.0,,,,
default,round1-day-1,-1,488000,-59,-59,short_40_59,9995,10005,10,10000.0,10001.666666666666,0.0,neutral,0.3333333333333333,1.6666666666660603,mixed_pressure,-3.0,False,steady,2,passive_two_sided,mm_inside,0,0,0,14,9,14,0,0,hold,hold,-578656.0,mm_join_12,0.0,-578656.0,0.0,,,,
default,round1-day-1,-1,492100,-52,-52,short_40_59,10000,10010,10,10005.0,10001.176470588236,5.0,rich,-0.7647058823529411,-3.823529411763957,sell_pressure,-5.0,True,shock,1,passive_one_sided_sell,one_sided_mm,0,0,0,0,6,0,6,0,hold,hold,-508737.0,mm_join_12,0.0,-508737.0,0.0,passive_inside_sell,,,
default,round1-day-1,-1,492300,-52,-52,short_40_59,10000,10011,11,10005.5,10001.833333333334,5.5,rich,-0.6666666666666666,-3.6666666666660603,sell_pressure,2.5,False,steady,1,passive_one_sided_sell,one_sided_mm,0,0,0,0,9,0,9,0,hold,hold,-508737.0,mm_join_12,0.0,-508737.0,0.0,passive_inside_sell,,,
default,round1-day-1,-1,493400,-47,-57,short_40_59,10006,10015,9,10010.5,10008.307692307691,10.5,rich,-0.48717948717948717,-2.192307692308532,sell_pressure,-1.5,True,shock,3,take_sell,take1,0,10,10,11,6,0,6,1,sell_take1_16,take1,-458757.0,hold,38.0,-458757.0,0.0,take_b1,,,
default,round1-day-1,-1,494100,-57,-57,short_40_59,9998,10007,9,10002.5,10004.923076923076,2.5,rich,0.5384615384615384,2.4230769230762235,buy_pressure,-3.5,True,shock,2,passive_two_sided,mm_inside,0,0,0,11,6,11,0,0,hold,hold,-558817.0,mm_join_12,0.0,-558817.0,0.0,,,,
default,round1-day-1,-1,495100,-57,-57,short_40_59,9997,10006,9,10001.5,10004.411764705883,1.5,neutral,0.6470588235294118,2.911764705882888,buy_pressure,3.5,True,shock,2,passive_two_sided,mm_inside,0,0,0,14,9,14,0,0,hold,hold,-558817.0,mm_join_12,0.0,-558817.0,0.0,,,,
default,round1-day-1,-1,495500,-57,-57,short_40_59,10003,10013,10,10008.0,10006.125,8.0,rich,-0.375,-1.875,sell_pressure,4.0,True,shock,2,passive_two_sided,mm_inside,0,0,0,11,6,0,6,0,sell_take1_16,take1,-558817.0,hold,3.0,-558820.0,3.0,,,,
default,round1-day-1,-1,497500,-51,-51,short_40_59,10001,10012,11,10006.5,10002.833333333334,6.5,rich,-0.6666666666666666,-3.6666666666660603,sell_pressure,3.0,True,shock,1,passive_one_sided_sell,one_sided_mm,0,0,0,0,6,0,6,0,hold,hold,-498916.0,mm_join_12,0.0,-498916.0,0.0,passive_inside_sell,,,
default,round1-day-1,-1,498000,-37,-37,short_20_39,9994,10006,12,10000.0,10004.285714285714,0.0,neutral,0.7142857142857143,4.285714285713766,buy_pressure,-4.0,True,shock,1,passive_one_sided_buy,one_sided_mm,0,0,0,9,0,9,0,0,hold,hold,-358902.0,mm_join_12,0.0,-358902.0,0.0,passive_inside_buy,,,
default,round1-day-1,-1,500600,-42,-42,short_40_59,10001,10011,10,10006.0,10003.857142857143,6.0,rich,-0.42857142857142855,-2.142857142856883,sell_pressure,3.0,True,shock,1,passive_one_sided_sell,one_sided_mm,0,0,0,0,9,0,9,0,hold,hold,-408952.0,mm_join_12,0.0,-408952.0,0.0,passive_inside_sell,,,
default,round1-day-1,-1,501100,-42,-42,short_40_59,10000,10013,13,10006.5,10001.625,6.5,rich,-0.75,-4.875,sell_pressure,3.5,True,shock,1,passive_one_sided_sell,one_sided_mm,0,0,0,0,9,0,9,0,hold,hold,-408952.0,mm_join_12,0.0,-408952.0,0.0,passive_inside_sell,,,
default,round1-day-1,-1,506400,-29,-29,short_20_39,9998,10011,13,10004.5,9999.911764705883,4.5,rich,-0.7058823529411765,-4.588235294117112,sell_pressure,3.5,True,shock,1,passive_one_sided_sell,one_sided_mm,0,0,0,0,9,0,9,0,hold,hold,-278996.0,mm_join_12,0.0,-278996.0,0.0,passive_inside_sell,,,
default,round1-day-1,-1,507300,-35,-35,short_20_39,9993,10003,10,9998.0,10001.57142857143,-2.0,cheap,0.7142857142857143,3.571428571429351,buy_pressure,-4.5,True,shock,1,passive_one_sided_sell,one_sided_mm,0,0,0,0,9,0,0,0,hold,hold,-339049.0,mm_join_12,0.0,-339049.0,0.0,passive_inside_sell,,,
default,round1-day-1,-1,507600,-35,-35,short_20_39,9999,10012,13,10005.5,9999.866666666667,5.5,rich,-0.8666666666666667,-5.633333333333212,sell_pressure,3.5,True,shock,1,passive_one_sided_sell,one_sided_mm,0,0,0,0,9,0,9,0,hold,hold,-339049.0,mm_join_12,0.0,-339049.0,0.0,passive_inside_sell,,,
default,round1-day-1,-1,507800,-35,-35,short_20_39,9992,10004,12,9998.0,10002.222222222223,-2.0,cheap,0.7037037037037037,4.222222222222626,buy_pressure,-4.0,True,shock,1,passive_one_sided_sell,one_sided_mm,0,0,0,0,9,0,0,0,hold,hold,-339049.0,mm_join_12,0.0,-339049.0,0.0,passive_inside_sell,1,9,1.0
default,round1-day-1,-1,508100,-35,-35,short_20_39,10001,10011,10,10006.0,10002.333333333334,6.0,rich,-0.7333333333333333,-3.6666666666660603,sell_pressure,3.0,True,shock,1,passive_one_sided_sell,one_sided_mm,0,0,0,0,9,0,9,0,hold,hold,-339049.0,mm_join_12,0.0,-339049.0,0.0,passive_inside_sell,,,
default,round1-day-1,-1,509300,-35,-35,short_20_39,9995,10004,9,9999.5,10002.0,-0.5,neutral,0.5555555555555556,2.5,buy_pressure,-2.0,False,steady,2,passive_two_sided,mm_inside,0,0,0,12,12,12,0,0,hold,hold,-339049.0,mm_join_12,0.0,-339049.0,0.0,,,,
default,round1-day-1,-1,512400,-40,-40,short_40_59,9996,10005,9,10000.5,10002.5,0.5,neutral,0.4444444444444444,2.0,buy_pressure,-8.0,True,shock,2,passive_two_sided,mm_inside,0,0,0,9,9,9,0,0,hold,hold,-389142.0,mm_join_12,0.0,-389142.0,0.0,,,,
default,round1-day-1,-1,512600,-40,-40,short_40_59,10002,10012,10,10007.0,10004.631578947368,7.0,rich,-0.47368421052631576,-2.3684210526316747,sell_pressure,3.0,True,shock,1,passive_one_sided_sell,one_sided_mm,0,0,0,0,9,0,9,0,hold,hold,-389142.0,mm_join_12,0.0,-389142.0,0.0,passive_inside_sell,,,
default,round1-day-1,-1,513500,-40,-40,short_40_59,10002,10012,10,10007.0,10003.875,7.0,rich,-0.625,-3.125,sell_pressure,4.0,True,shock,1,passive_one_sided_sell,one_sided_mm,0,0,0,0,9,0,9,0,hold,hold,-389142.0,mm_join_12,0.0,-389142.0,0.0,passive_inside_sell,,,
default,round1-day-1,-1,513900,-38,-43,short_20_39,10005,10014,9,10009.5,10006.73076923077,9.5,rich,-0.6153846153846154,-2.7692307692304894,sell_pressure,10.5,True,shock,2,take_sell,take1,0,5,5,0,9,0,9,1,sell_take1_16,take1,-369154.0,hold,15.0,-369154.0,0.0,take_b1,,,
default,round1-day-1,-1,514800,-43,-43,short_40_59,9996,10006,10,10001.0,10003.368421052632,1.0,neutral,0.47368421052631576,2.3684210526316747,buy_pressure,-3.0,False,steady,1,passive_one_sided_buy,one_sided_mm,0,0,0,14,0,14,0,0,hold,hold,-419179.0,mm_join_12,0.0,-419179.0,0.0,passive_inside_buy,,,
default,round1-day-1,-1,515100,-43,-43,short_40_59,10002,10013,11,10007.5,10004.0625,7.5,rich,-0.625,-3.4375,sell_pressure,2.5,True,shock,1,passive_one_sided_sell,one_sided_mm,0,0,0,0,6,0,6,0,hold,hold,-419179.0,mm_join_12,0.0,-419179.0,0.0,passive_inside_sell,,,
default,round1-day-1,-1,515300,-43,-43,short_40_59,9996,10006,10,10001.0,10003.058823529413,1.0,neutral,0.4117647058823529,2.0588235294126207,buy_pressure,-3.0,False,steady,1,passive_one_sided_buy,one_sided_mm,0,0,0,14,0,14,0,0,hold,hold,-419179.0,mm_join_12,0.0,-419179.0,0.0,passive_inside_buy,,,
default,round1-day-1,-1,515400,-43,-43,short_40_59,9996,10005,9,10000.5,10002.6,0.5,neutral,0.4666666666666667,2.100000000000364,buy_pressure,-0.5,False,steady,2,passive_two_sided,mm_inside,0,0,0,14,9,14,0,0,hold,hold,-419179.0,mm_join_12,0.0,-419179.0,0.0,,,,
default,round1-day-1,-1,516400,-43,-43,short_40_59,10002,10012,10,10007.0,10003.333333333334,7.0,rich,-0.7333333333333333,-3.6666666666660603,sell_pressure,2.0,True,shock,1,passive_one_sided_sell,one_sided_mm,0,0,0,0,6,0,6,0,hold,hold,-419179.0,mm_join_12,0.0,-419179.0,0.0,passive_inside_sell,,,
default,round1-day-1,-1,518200,-49,-49,short_40_59,9996,10006,10,10001.0,10004.333333333334,1.0,neutral,0.6666666666666666,3.3333333333339397,buy_pressure,-3.5,True,shock,2,passive_two_sided,mm_inside,0,0,0,11,6,11,0,0,hold,hold,-479251.0,mm_join_12,0.0,-479251.0,0.0,,,,
default,round1-day-1,-1,523100,-44,-44,short_40_59,10002,10012,10,10007.0,10005.333333333334,7.0,rich,-0.3333333333333333,-1.6666666666660603,mixed_pressure,3.0,True,shock,1,passive_one_sided_buy,one_sided_mm,0,0,0,11,0,0,0,0,hold,hold,-429321.0,mm_join_12,0.0,-429321.0,0.0,passive_inside_buy,,,
default,round1-day-1,-1,523700,-44,-44,short_40_59,9993,10005,12,9999.0,10003.56,-1.0,neutral,0.76,4.559999999999491,buy_pressure,-12.0,True,shock,2,passive_two_sided,mm_inside,0,0,0,14,9,14,0,0,hold,hold,-429321.0,mm_join_12,0.0,-429321.0,0.0,,,,
default,round1-day-1,-1,523800,-44,-44,short_40_59,10001,10014,13,10007.5,10002.969696969696,7.5,rich,-0.696969696969697,-4.530303030303912,sell_pressure,8.5,True,shock,1,passive_one_sided_sell,one_sided_mm,0,0,0,0,6,0,6,0,hold,hold,-429321.0,mm_join_12,0.0,-429321.0,0.0,passive_inside_sell,,,
default,round1-day-1,-1,524700,-54,-54,short_40_59,9995,10005,10,10000.0,10002.142857142857,0.0,neutral,0.42857142857142855,2.142857142856883,buy_pressure,-3.0,False,steady,2,passive_two_sided,mm_inside,0,0,0,14,9,14,0,0,hold,hold,-529431.0,mm_join_12,0.0,-529431.0,0.0,,,,
default,round1-day-1,-1,526300,-49,-49,short_40_59,9994,10004,10,9999.0,10002.333333333334,-1.0,neutral,0.6666666666666666,3.3333333333339397,buy_pressure,-4.0,True,shock,2,passive_two_sided,mm_inside,0,0,0,11,6,11,0,0,hold,hold,-479451.0,mm_join_12,0.0,-479451.0,0.0,,,,
default,round1-day-1,-1,527500,-49,-49,short_40_59,9993,10005,12,9999.0,10003.615384615385,-1.0,neutral,0.7692307692307693,4.615384615384755,buy_pressure,-4.0,True,shock,2,passive_two_sided,mm_inside,0,0,0,11,6,11,0,0,hold,hold,-479451.0,mm_join_12,0.0,-479451.0,0.0,,,,
default,round1-day-1,-1,528500,-54,-54,short_40_59,10000,10010,10,10005.0,10002.631578947368,5.0,rich,-0.47368421052631576,-2.3684210526316747,sell_pressure,3.0,False,steady,1,passive_one_sided_sell,one_sided_mm,0,0,0,0,9,0,9,0,hold,hold,-529501.0,mm_join_12,0.0,-529501.0,0.0,passive_inside_sell,,,
default,round1-day-1,-1,533600,-71,-71,short_60_plus,9995,10004,9,9999.5,10001.0,-0.5,neutral,0.3333333333333333,1.5,mixed_pressure,-4.5,True,shock,2,passive_two_sided,mm_inside,0,0,0,11,6,11,0,0,hold,hold,-699603.0,mm_join_12,0.0,-699603.0,0.0,,,,
default,round1-day-1,-1,535300,-69,-69,short_60_plus,9994,10004,10,9999.0,10001.058823529413,-1.0,neutral,0.4117647058823529,2.0588235294126207,buy_pressure,-3.0,False,steady,2,passive_two_sided,mm_inside,0,0,0,14,9,14,0,0,hold,hold,-679613.0,mm_join_12,0.0,-679613.0,0.0,,,,
default,round1-day-1,-1,537300,-60,-60,short_60_plus,9993,10003,10,9998.0,10000.777777777777,-2.0,cheap,0.5555555555555556,2.7777777777773736,buy_pressure,-3.0,False,steady,1,passive_one_sided_sell,one_sided_mm,0,0,0,0,9,0,0,0,hold,hold,-589658.0,mm_join_12,0.0,-589658.0,0.0,passive_inside_sell,,,
default,round1-day-1,-1,538300,-60,-58,short_60_plus,9991,10001,10,9996.0,9999.666666666666,-4.0,cheap,0.7333333333333333,3.6666666666660603,buy_pressure,-3.0,False,steady,2,clear_buy,take1,2,0,2,15,0,15,0,1,buy_take1_16,take1,-589658.0,hold,2.0,-589658.0,0.0,take_a1,,,
default,round1-day-1,-1,546700,-47,-47,short_40_59,9986,9998,12,9992.0,9996.545454545454,-8.0,cheap,0.7575757575757576,4.545454545454049,buy_pressure,-5.0,True,shock,1,passive_one_sided_buy,one_sided_mm,0,0,0,12,0,12,0,0,buy_take1_16,take1,-459819.0,hold,16.0,-459835.0,16.0,passive_inside_buy,,,
default,round1-day-1,-1,549100,-45,-45,short_40_59,9989,9999,10,9994.0,9996.5,-6.0,cheap,0.5,2.5,buy_pressure,-4.0,True,shock,1,passive_one_sided_buy,one_sided_mm,0,0,0,12,0,12,0,0,buy_take1_16,take1,-439909.0,hold,12.0,-439921.0,12.0,passive_inside_buy,,,
default,round1-day-1,-1,552200,-55,-55,short_40_59,9996,10009,13,10002.5,9997.392857142857,2.5,rich,-0.7857142857142857,-5.107142857143117,sell_pressure,4.5,True,shock,2,passive_two_sided,mm_inside,0,0,0,11,6,11,6,0,hold,hold,-539961.0,mm_join_12,0.0,-539961.0,0.0,,,,
default,round1-day-1,-1,553300,-55,-55,short_40_59,9996,10006,10,10001.0,9997.176470588236,1.0,neutral,-0.7647058823529411,-3.823529411763957,sell_pressure,3.0,False,steady,1,passive_one_sided_sell,one_sided_mm,0,0,0,0,9,0,9,0,hold,hold,-539961.0,mm_join_12,0.0,-539961.0,0.0,passive_inside_sell,,,
default,round1-day-1,-1,555500,-55,-55,short_40_59,9997,10007,10,10002.0,9999.857142857143,2.0,rich,-0.42857142857142855,-2.142857142856883,sell_pressure,3.5,True,shock,1,passive_one_sided_sell,one_sided_mm,0,0,0,0,6,0,6,0,hold,hold,-539961.0,mm_join_12,0.0,-539961.0,0.0,passive_inside_sell,,,
default,round1-day-1,-1,556800,-55,-50,short_40_59,9990,10000,10,9995.0,9997.368421052632,-5.0,cheap,0.47368421052631576,2.3684210526316747,buy_pressure,-12.0,True,shock,2,clear_buy,take1,5,0,5,12,0,12,0,1,buy_take1_16,take1,-539961.0,hold,10.0,-539961.0,0.0,take_a1,,,
default,round1-day-1,-1,558100,-50,-48,short_40_59,9989,9999,10,9994.0,9997.333333333334,-6.0,cheap,0.6666666666666666,3.3333333333339397,buy_pressure,-3.0,True,shock,2,clear_buy,take1,2,0,2,12,0,12,0,1,buy_take1_16,take1,-489961.0,hold,6.0,-489961.0,0.0,take_a1,,,
default,round1-day-1,-1,558700,-48,-44,short_40_59,9990,9999,9,9994.5,9996.882352941177,-5.5,cheap,0.5294117647058824,2.3823529411765776,buy_pressure,-2.5,False,steady,2,clear_buy,take1,4,0,4,15,0,15,0,1,buy_take1_16,take1,-469963.0,hold,12.0,-469963.0,0.0,take_a1,,,
default,round1-day-1,-1,559500,-44,-44,short_40_59,9988,9998,10,9993.0,9995.777777777777,-7.0,cheap,0.5555555555555556,2.7777777777773736,buy_pressure,-5.0,True,shock,1,passive_one_sided_buy,one_sided_mm,0,0,0,12,0,12,0,0,buy_take1_16,take1,-429967.0,hold,16.0,-429983.0,16.0,passive_inside_buy,,,
default,round1-day-1,-1,559700,-44,-44,short_40_59,9989,9998,9,9993.5,9995.923076923076,-6.5,cheap,0.5384615384615384,2.4230769230762235,buy_pressure,-3.5,True,shock,1,passive_one_sided_buy,one_sided_mm,0,0,0,12,0,12,0,0,buy_take1_16,take1,-429983.0,hold,12.0,-429995.0,12.0,passive_inside_buy,,,
default,round1-day-1,-1,562800,-42,-42,short_40_59,9993,10006,13,9999.5,9994.5,-0.5,neutral,-0.7692307692307693,-5.0,sell_pressure,3.5,True,shock,1,passive_one_sided_sell,one_sided_mm,0,0,0,0,9,0,9,0,hold,hold,-410015.0,mm_join_12,0.0,-410015.0,0.0,passive_inside_sell,,,
default,round1-day-1,-1,564200,-42,-42,short_40_59,9987,9997,10,9992.0,9993.875,-8.0,cheap,0.375,1.875,buy_pressure,-4.0,True,shock,1,passive_one_sided_buy,one_sided_mm,0,0,0,10,0,10,0,0,buy_take1_16,take1,-410015.0,hold,25.0,-410040.0,25.0,passive_inside_buy,,,
default,round1-day-1,-1,565100,-38,-38,short_20_39,9993,10004,11,9998.5,9995.588235294117,-1.5,neutral,-0.5294117647058824,-2.911764705882888,sell_pressure,2.5,False,steady,1,passive_one_sided_sell,one_sided_mm,0,0,0,0,12,0,12,0,hold,hold,-370088.0,mm_join_12,0.0,-370088.0,0.0,passive_inside_sell,,,
default,round1-day-1,-1,565300,-38,-38,short_20_39,9993,10004,11,9998.5,9995.357142857143,-1.5,neutral,-0.5714285714285714,-3.142857142856883,sell_pressure,4.0,True,shock,1,passive_one_sided_sell,one_sided_mm,0,0,0,0,9,0,9,0,hold,hold,-370088.0,mm_join_12,0.0,-370088.0,0.0,passive_inside_sell,,,
default,round1-day-1,-1,566500,-32,-32,short_20_39,9993,10004,11,9998.5,9995.538461538461,-1.5,neutral,-0.5384615384615384,-2.9615384615390212,sell_pressure,-4.5,True,shock,1,passive_one_sided_sell,one_sided_mm,0,0,0,0,12,0,12,0,hold,hold,-310130.0,mm_join_12,0.0,-310130.0,0.0,passive_inside_sell,,,
default,round1-day-1,-1,566900,-32,-32,short_20_39,9993,10004,11,9998.5,9996.4375,-1.5,neutral,-0.375,-2.0625,sell_pressure,4.0,True,shock,2,passive_two_sided,mm_inside,0,0,0,9,9,9,0,0,hold,hold,-310130.0,mm_join_12,0.0,-310130.0,0.0,,,,
default,round1-day-1,-1,571100,-13,-13,flat_19,9993,10002,9,9997.5,10000.3125,-2.5,cheap,0.625,2.8125,buy_pressure,-2.5,False,steady,1,passive_one_sided_buy,one_sided_mm,0,0,0,13,0,13,0,0,hold,hold,-120236.0,mm_join_12,0.0,-120236.0,0.0,passive_inside_buy,,,
default,round1-day-1,-1,572300,-18,-18,flat_19,9997,10007,10,10002.0,10000.333333333334,2.0,rich,-0.3333333333333333,-1.6666666666660603,mixed_pressure,-5.0,True,shock,1,passive_one_sided_buy,one_sided_mm,0,0,0,12,0,0,0,0,hold,hold,-170271.0,mm_join_12,0.0,-170271.0,0.0,passive_inside_buy,,,
default,round1-day-1,-1,573700,-19,-19,flat_19,9991,10001,10,9996.0,9999.333333333334,-4.0,cheap,0.6666666666666666,3.3333333333339397,buy_pressure,-3.0,False,steady,1,passive_one_sided_buy,one_sided_mm,0,0,0,13,0,13,0,0,buy_take1_16,take1,-180350.0,hold,3.0,-180353.0,3.0,passive_inside_buy,,,
default,round1-day-1,-1,574200,-19,-19,flat_19,9993,10002,9,9997.5,9999.923076923076,-2.5,cheap,0.5384615384615384,2.4230769230762235,buy_pressure,-4.0,True,shock,1,passive_one_sided_buy,one_sided_mm,0,0,0,10,0,10,0,0,hold,hold,-180353.0,mm_join_12,0.0,-180353.0,0.0,passive_inside_buy,,,
default,round1-day-1,-1,577600,-18,-18,flat_19,9997,10010,13,10003.5,9998.695652173914,3.5,rich,-0.7391304347826086,-4.804347826086087,sell_pressure,5.0,True,shock,1,passive_one_sided_sell,one_sided_mm,0,0,0,0,9,0,9,0,hold,hold,-170386.0,mm_join_12,0.0,-170386.0,0.0,passive_inside_sell,,,
default,round1-day-1,-1,580500,-12,-12,flat_19,9996,10006,10,10001.0,9998.666666666666,1.0,neutral,-0.4666666666666667,-2.3333333333339397,sell_pressure,3.5,True,shock,1,passive_one_sided_sell,one_sided_mm,0,0,0,0,9,0,9,0,hold,hold,-110404.0,mm_join_12,0.0,-110404.0,0.0,passive_inside_sell,,,
default,round1-day-1,-1,580700,-12,-12,flat_19,9996,10007,11,10001.5,9997.833333333334,1.5,neutral,-0.6666666666666666,-3.6666666666660603,sell_pressure,2.5,False,steady,1,passive_one_sided_sell,one_sided_mm,0,0,0,0,12,0,12,0,hold,hold,-110404.0,mm_join_12,0.0,-110404.0,0.0,passive_inside_sell,,,
default,round1-day-1,-1,581300,-6,-6,flat_19,9997,10007,10,10002.0,9999.105263157895,2.0,rich,-0.5789473684210527,-2.894736842104976,sell_pressure,-5.0,True,shock,1,passive_one_sided_buy,one_sided_mm,0,0,0,12,0,12,0,0,hold,hold,-50464.0,mm_join_12,0.0,-50464.0,0.0,passive_inside_buy,,,
default,round1-day-1,-1,586900,-14,-14,flat_19,9998,10011,13,10004.5,9999.344827586207,4.5,rich,-0.7931034482758621,-5.15517241379348,sell_pressure,3.5,True,shock,1,passive_one_sided_sell,one_sided_mm,0,0,0,0,9,0,9,0,hold,hold,-130496.0,mm_join_12,0.0,-130496.0,0.0,passive_inside_sell,,,
default,round1-day-1,-1,587400,-20,-20,short_20_39,9998,10008,10,10003.0,10000.0,3.0,rich,-0.6,-3.0,sell_pressure,3.0,False,steady,1,passive_one_sided_sell,one_sided_mm,0,0,0,0,12,0,12,0,hold,hold,-190538.0,mm_join_12,0.0,-190538.0,0.0,passive_inside_sell,,,
default,round1-day-1,-1,588000,-20,-20,short_20_39,9997,10010,13,10003.5,9998.925925925925,3.5,rich,-0.7037037037037037,-4.574074074074815,sell_pressure,4.5,True,shock,1,passive_one_sided_sell,one_sided_mm,0,0,0,0,9,0,9,0,hold,hold,-190538.0,mm_join_12,0.0,-190538.0,0.0,passive_inside_sell,,,
default,round1-day-1,-1,588200,-20,-20,short_20_39,9990,10002,12,9996.0,10001.454545454546,-4.0,cheap,0.9090909090909091,5.454545454545951,buy_pressure,-3.0,False,steady,1,passive_one_sided_buy,one_sided_mm,0,0,0,13,0,13,0,0,hold,hold,-190538.0,mm_join_12,0.0,-190538.0,0.0,passive_inside_buy,,,
default,round1-day-1,-1,591900,-10,-10,flat_19,9993,10002,9,9997.5,10000.5,-2.5,cheap,0.6666666666666666,3.0,buy_pressure,-11.5,True,shock,1,passive_one_sided_buy,one_sided_mm,0,0,0,13,0,13,0,0,hold,hold,-90596.0,mm_join_12,0.0,-90596.0,0.0,passive_inside_buy,,,
default,round1-day-1,-1,594500,1,1,flat_19,9994,10005,11,9999.5,9997.142857142857,-0.5,neutral,-0.42857142857142855,-2.357142857143117,sell_pressure,2.5,False,steady,1,passive_one_sided_sell,one_sided_mm,0,0,0,0,12,0,12,0,hold,hold,19309.0,mm_join_12,0.0,19309.0,0.0,passive_inside_sell,,,
default,round1-day-1,-1,595300,1,1,flat_19,9995,10006,11,10000.5,9996.692307692309,0.5,neutral,-0.6923076923076923,-3.807692307691468,sell_pressure,3.5,True,shock,1,passive_one_sided_sell,one_sided_mm,0,0,0,0,9,0,9,0,hold,hold,19309.0,mm_join_12,0.0,19309.0,0.0,passive_inside_sell,,,
default,round1-day-1,-1,596200,10,10,flat_19,9989,9999,10,9994.0,9996.894736842105,-6.0,cheap,0.5789473684210527,2.894736842104976,buy_pressure,-5.0,True,shock,1,passive_one_sided_buy,one_sided_mm,0,0,0,10,0,10,0,0,buy_take1_16,take1,109228.0,hold,14.0,109214.0,14.0,passive_inside_buy,,,
default,round1-day-1,-1,597200,1,1,flat_19,9995,10006,11,10000.5,9996.941176470587,0.5,neutral,-0.6470588235294118,-3.5588235294126207,sell_pressure,2.5,False,steady,1,passive_one_sided_sell,one_sided_mm,0,0,0,0,12,0,12,0,hold,hold,19191.0,mm_join_12,0.0,19191.0,0.0,passive_inside_sell,,,
default,round1-day-1,-1,600100,3,3,flat_19,9998,10008,10,10003.0,9999.666666666666,3.0,rich,-0.6666666666666666,-3.3333333333339397,sell_pressure,3.0,False,steady,1,passive_one_sided_sell,one_sided_mm,0,0,0,0,12,0,12,0,hold,hold,39069.0,mm_join_12,0.0,39069.0,0.0,passive_inside_sell,,,
default,round1-day-1,-1,602100,3,3,flat_19,10001,10010,9,10005.5,10002.058823529413,5.5,rich,-0.7647058823529411,-3.4411764705873793,sell_pressure,4.5,True,shock,1,passive_one_sided_sell,one_sided_mm,0,0,0,0,9,0,9,0,hold,hold,39069.0,mm_join_12,0.0,39069.0,0.0,passive_inside_sell,,,
default,round1-day-1,-1,602300,3,3,flat_19,9997,10008,11,10002.5,10000.666666666666,2.5,rich,-0.3333333333333333,-1.8333333333339397,mixed_pressure,4.0,True,shock,1,passive_one_sided_buy,one_sided_mm,0,0,0,9,0,0,0,0,hold,hold,39069.0,mm_join_12,0.0,39069.0,0.0,passive_inside_buy,,,
default,round1-day-1,-1,602400,3,3,flat_19,9992,10001,9,9996.5,9999.615384615385,-3.5,cheap,0.6923076923076923,3.1153846153847553,buy_pressure,-6.0,True,shock,1,passive_one_sided_buy,one_sided_mm,0,0,0,10,0,10,0,0,buy_take1_16,take1,39069.0,hold,6.0,39063.0,6.0,passive_inside_buy,,,
default,round1-day-1,-1,603100,3,3,flat_19,9997,10007,10,10002.0,9998.176470588236,2.0,rich,-0.7647058823529411,-3.823529411763957,sell_pressure,1.0,False,steady,1,passive_one_sided_buy,one_sided_mm,0,0,0,12,0,0,0,0,hold,hold,39063.0,mm_join_12,0.0,39063.0,0.0,passive_inside_buy,,,
default,round1-day-1,-1,606400,4,4,flat_19,9997,10007,10,10002.0,9998.666666666666,2.0,rich,-0.6666666666666666,-3.3333333333339397,sell_pressure,3.0,False,steady,1,passive_one_sided_buy,one_sided_mm,0,0,0,12,0,0,0,0,hold,hold,48986.0,mm_join_12,0.0,48986.0,0.0,passive_inside_buy,,,
default,round1-day-1,-1,606600,4,4,flat_19,9996,10007,11,10001.5,9999.4375,1.5,neutral,-0.375,-2.0625,sell_pressure,2.5,False,steady,1,passive_one_sided_sell,one_sided_mm,0,0,0,0,12,0,12,0,hold,hold,48986.0,mm_join_12,0.0,48986.0,0.0,passive_inside_sell,,,
default,round1-day-1,-1,609900,2,2,flat_19,9994,10003,9,9998.5,10000.882352941177,-1.5,neutral,0.5294117647058824,2.3823529411765776,buy_pressure,-2.5,False,steady,2,passive_two_sided,mm_inside,0,0,0,12,12,12,0,0,buy_take1_16,take1,28972.0,hold,4.0,28968.0,4.0,,,,
default,round1-day-1,-1,611900,6,6,flat_19,9995,10007,12,10001.0,10005.615384615385,1.0,neutral,0.7692307692307693,4.615384615384755,buy_pressure,10001.0,True,shock,1,passive_one_sided_buy,one_sided_mm,0,0,0,12,0,12,0,0,hold,hold,68860.0,mm_join_12,0.0,68860.0,0.0,passive_inside_buy,,,
default,round1-day-1,-1,613700,6,6,flat_19,9996,10005,9,10000.5,10002.35294117647,0.5,neutral,0.4117647058823529,1.8529411764702672,buy_pressure,-3.5,True,shock,2,passive_two_sided,mm_inside,0,0,0,9,9,9,0,0,hold,hold,68860.0,mm_join_12,0.0,68860.0,0.0,,,,
default,round1-day-1,-1,615600,11,11,flat_19,9995,10005,10,10000.0,10002.058823529413,0.0,neutral,0.4117647058823529,2.0588235294126207,buy_pressure,-2.5,False,steady,1,passive_one_sided_buy,one_sided_mm,0,0,0,12,0,12,0,0,hold,hold,118840.0,mm_join_12,0.0,118840.0,0.0,passive_inside_buy,,,
default,round1-day-1,-1,615700,11,7,flat_19,10005,10014,9,10009.5,10006.44,9.5,rich,-0.68,-3.0599999999994907,sell_pressure,9.5,True,shock,2,clear_sell,take1,0,4,4,0,9,0,9,1,sell_take1_16,take1,118840.0,hold,4.0,118840.0,0.0,take_b1,,,
default,round1-day-1,-1,617400,12,12,flat_19,9991,10003,12,9997.0,10001.588235294117,-3.0,cheap,0.7647058823529411,4.588235294117112,buy_pressure,-6.5,True,shock,1,passive_one_sided_buy,one_sided_mm,0,0,0,10,0,10,0,0,buy_take1_16,take1,128815.0,hold,4.0,128811.0,4.0,passive_inside_buy,,,
default,round1-day-1,-1,617500,12,12,flat_19,9994,10003,9,9998.5,10000.5,-1.5,neutral,0.4444444444444444,2.0,buy_pressure,1.5,False,steady,2,passive_two_sided,mm_inside,0,0,0,12,12,12,0,0,buy_take1_16,take1,128811.0,hold,5.0,128806.0,5.0,,,,
default,round1-day-1,-1,619200,6,6,flat_19,9999,10010,11,10004.5,10001.315789473685,4.5,rich,-0.5789473684210527,-3.184210526314928,sell_pressure,-4.5,True,shock,1,passive_one_sided_sell,one_sided_mm,0,0,0,0,9,0,9,0,hold,hold,68752.0,mm_join_12,0.0,68752.0,0.0,passive_inside_sell,,,
default,round1-day-1,-1,622700,21,21,long_20_39,10001,10011,10,10006.0,10002.25,6.0,rich,-0.75,-3.75,sell_pressure,2.0,True,shock,1,passive_one_sided_sell,one_sided_mm,0,0,0,0,9,0,9,0,hold,hold,218713.0,mm_join_12,0.0,218713.0,0.0,passive_inside_sell,,,
default,round1-day-1,-1,624000,19,19,flat_19,10002,10012,10,10007.0,10004.666666666666,7.0,rich,-0.4666666666666667,-2.3333333333339397,sell_pressure,-5.0,True,shock,1,passive_one_sided_sell,one_sided_mm,0,0,0,0,9,0,9,0,hold,hold,198705.0,mm_join_12,0.0,198705.0,0.0,passive_inside_sell,,,
default,round1-day-1,-1,624900,19,19,flat_19,9996,10005,9,10000.5,10003.2,0.5,neutral,0.6,2.7000000000007276,buy_pressure,-3.0,False,steady,2,passive_two_sided,mm_inside,0,0,0,12,12,12,0,0,hold,hold,198705.0,mm_join_12,0.0,198705.0,0.0,,,,
default,round1-day-1,-1,625500,19,19,flat_19,9994,10004,10,9999.0,10001.5,-1.0,neutral,0.5,2.5,buy_pressure,-3.0,False,steady,1,passive_one_sided_buy,one_sided_mm,0,0,0,12,0,12,0,0,hold,hold,198705.0,mm_join_12,0.0,198705.0,0.0,passive_inside_buy,,,
default,round1-day-1,-1,628800,16,16,flat_19,9999,10010,11,10004.5,10001.933333333332,4.5,rich,-0.4666666666666667,-2.5666666666675155,sell_pressure,2.5,False,steady,1,passive_one_sided_sell,one_sided_mm,0,0,0,0,12,0,12,0,hold,hold,168617.0,mm_join_12,0.0,168617.0,0.0,passive_inside_sell,,,
default,round1-day-1,-1,636500,21,15,long_20_39,10002,10013,11,10007.5,10003.29411764706,7.5,rich,-0.7647058823529411,-4.2058823529405345,sell_pressure,2.5,True,shock,1,passive_one_sided_sell,one_sided_mm,0,0,0,0,9,0,9,0,mm_inside_12,mm_inside,218622.0,mm_inside_20,0.0,218622.0,0.0,passive_inside_sell,,,
default,round1-day-1,-1,636600,15,15,flat_19,9996,10006,10,10001.0,10004.57142857143,1.0,neutral,0.7142857142857143,3.571428571429351,buy_pressure,-6.5,True,shock,1,passive_one_sided_buy,one_sided_mm,0,0,0,9,0,9,0,0,hold,hold,158550.0,mm_join_12,0.0,158550.0,0.0,passive_inside_buy,,,
default,round1-day-1,-1,638800,10,10,flat_19,9996,10005,9,10000.5,10003.07142857143,0.5,neutral,0.5714285714285714,2.571428571429351,buy_pressure,-3.0,False,steady,2,passive_two_sided,mm_inside,0,0,0,12,12,12,0,0,hold,hold,108470.0,mm_join_12,0.0,108470.0,0.0,,,,
default,round1-day-1,-1,643000,17,17,flat_19,9995,10005,10,10000.0,10002.64705882353,0.0,neutral,0.5294117647058824,2.6470588235297328,buy_pressure,-12.0,True,shock,1,passive_one_sided_buy,one_sided_mm,0,0,0,12,0,12,0,0,hold,hold,178477.0,mm_join_12,0.0,178477.0,0.0,passive_inside_buy,,,
default,round1-day-1,-1,644700,9,9,flat_19,10002,10012,10,10007.0,10003.25,7.0,rich,-0.75,-3.75,sell_pressure,2.0,True,shock,1,passive_one_sided_sell,one_sided_mm,0,0,0,0,9,0,9,0,hold,hold,98291.0,mm_join_12,0.0,98291.0,0.0,passive_inside_sell,,,
default,round1-day-1,-1,649200,0,0,flat_19,9998,10008,10,10003.0,10005.142857142857,3.0,rich,0.42857142857142855,2.142857142856883,buy_pressure,-5.0,True,shock,1,passive_one_sided_buy,one_sided_mm,0,0,0,9,0,9,0,0,hold,hold,8169.0,mm_join_12,0.0,8169.0,0.0,passive_inside_buy,,,
default,round1-day-1,-1,654700,-8,-8,flat_19,10003,10014,11,10008.5,10005.933333333332,8.5,rich,-0.4666666666666667,-2.5666666666675155,sell_pressure,10.5,True,shock,1,passive_one_sided_sell,one_sided_mm,0,0,0,0,9,0,9,0,hold,hold,-72096.0,mm_join_12,0.0,-72096.0,0.0,passive_inside_sell,,,
default,round1-day-1,-1,655700,-8,-8,flat_19,9997,10007,10,10002.0,10005.235294117647,2.0,rich,0.6470588235294118,3.235294117646845,buy_pressure,-3.0,False,steady,1,passive_one_sided_buy,one_sided_mm,0,0,0,12,0,12,0,0,hold,hold,-72096.0,mm_join_12,0.0,-72096.0,0.0,passive_inside_buy,,,
default,round1-day-1,-1,658300,-13,-13,flat_19,10006,10016,10,10011.0,10009.333333333334,11.0,rich,-0.3333333333333333,-1.6666666666660603,mixed_pressure,3.0,True,shock,1,passive_one_sided_buy,one_sided_mm,0,0,0,9,0,0,0,0,sell_take1_16,take1,-122187.0,hold,1.0,-122188.0,1.0,passive_inside_buy,,,
default,round1-day-1,-1,659600,-13,-9,flat_19,10001,10011,10,10006.0,10009.823529411764,6.0,rich,0.7647058823529411,3.823529411763957,buy_pressure,-3.0,True,shock,1,passive_one_sided_buy,one_sided_mm,0,0,0,9,0,9,0,0,mm_inside_12,mm_inside,-122188.0,mm_inside_20,0.0,-122188.0,0.0,passive_inside_buy,,,
default,round1-day-1,-1,659800,-9,-9,flat_19,10001,10011,10,10006.0,10008.333333333334,6.0,rich,0.4666666666666667,2.3333333333339397,buy_pressure,-3.0,True,shock,1,passive_one_sided_buy,one_sided_mm,0,0,0,9,0,9,0,0,hold,hold,-82180.0,mm_join_12,0.0,-82180.0,0.0,passive_inside_buy,,,
default,round1-day-1,-1,661500,-13,-13,flat_19,10006,10017,11,10011.5,10007.466666666667,11.5,rich,-0.7333333333333333,-4.033333333332848,sell_pressure,2.5,True,shock,1,passive_one_sided_sell,one_sided_mm,0,0,0,0,9,0,9,0,sell_take1_16,take1,-122288.0,hold,2.0,-122290.0,2.0,passive_inside_sell,,,
default,round1-day-1,-1,664800,-21,-21,short_20_39,10000,10009,9,10004.5,10006.923076923076,4.5,rich,0.5384615384615384,2.4230769230762235,buy_pressure,-3.5,True,shock,2,passive_two_sided,mm_inside,0,0,0,9,9,9,0,0,hold,hold,-202481.0,mm_join_12,0.0,-202481.0,0.0,,,,
default,round1-day-1,-1,665300,-21,-21,short_20_39,10001,10010,9,10005.5,10007.631578947368,5.5,rich,0.47368421052631576,2.1315789473683253,buy_pressure,-2.5,False,steady,2,passive_two_sided,mm_inside,0,0,0,12,12,12,0,0,hold,hold,-202481.0,mm_join_12,0.0,-202481.0,0.0,,,,
default,round1-day-1,-1,666300,-13,-13,flat_19,10006,10017,11,10011.5,10008.894736842105,11.5,rich,-0.47368421052631576,-2.605263157895024,sell_pressure,4.0,True,shock,1,passive_one_sided_sell,one_sided_mm,0,0,0,0,9,0,9,0,sell_take1_16,take1,-122465.0,hold,5.0,-122470.0,5.0,passive_inside_sell,,,
default,round1-day-1,-1,668100,-34,-34,short_20_39,10002,10011,9,10006.5,10008.42857142857,6.5,rich,0.42857142857142855,1.928571428570649,buy_pressure,-3.5,True,shock,2,passive_two_sided,mm_inside,0,0,0,9,9,9,0,0,hold,hold,-332627.0,mm_join_12,0.0,-332627.0,0.0,,,,
default,round1-day-1,-1,672400,-78,-78,short_60_plus,10003,10012,9,10007.5,10010.8,7.5,rich,0.7333333333333333,3.2999999999992724,buy_pressure,-1.5,True,shock,2,passive_two_sided,mm_inside,0,0,0,11,2,11,0,0,hold,hold,-773029.0,mm_join_12,0.0,-773029.0,0.0,,,,
default,round1-day-1,-1,673900,-80,-80,short_60_plus,10001,10011,10,10006.0,10009.666666666666,6.0,rich,0.7333333333333333,3.6666666666660603,buy_pressure,-12.0,True,shock,1,passive_one_sided_buy,one_sided_mm,0,0,0,11,0,11,0,0,hold,hold,-793061.0,mm_join_12,0.0,-793061.0,0.0,passive_inside_buy,,,
default,round1-day-1,-1,675900,-80,-80,short_60_plus,10007,10018,11,10012.5,10010.055555555555,12.5,rich,-0.4444444444444444,-2.444444444445253,sell_pressure,3.0,True,shock,0,hold,hold,0,0,0,0,0,0,0,0,hold,hold,-793061.0,mm_join_12,0.0,-793061.0,0.0,,,,
default,round1-day-1,-1,676500,-80,-80,short_60_plus,10007,10017,10,10012.0,10010.333333333334,12.0,rich,-0.3333333333333333,-1.6666666666660603,mixed_pressure,3.0,True,shock,0,hold,hold,0,0,0,0,0,0,0,0,hold,hold,-793061.0,mm_join_12,0.0,-793061.0,0.0,,,,
default,round1-day-1,-1,677200,-80,-80,short_60_plus,9997,10009,12,10003.0,10007.4,3.0,rich,0.7333333333333333,4.399999999999636,buy_pressure,-5.0,True,shock,1,passive_one_sided_buy,one_sided_mm,0,0,0,11,0,11,0,0,buy_take1_16,take1,-793061.0,hold,4.0,-793065.0,4.0,passive_inside_buy,,,
default,round1-day-1,-1,677600,-72,-72,short_60_plus,10000,10009,9,10004.5,10007.07142857143,4.5,rich,0.5714285714285714,2.571428571429351,buy_pressure,-2.5,False,steady,2,passive_two_sided,mm_inside,0,0,0,14,8,14,0,0,buy_take1_16,take1,-713065.0,hold,1.0,-713066.0,1.0,,,,
default,round1-day-1,-1,678000,-72,-72,short_60_plus,10006,10016,10,10011.0,10008.307692307691,11.0,rich,-0.5384615384615384,-2.692307692308532,sell_pressure,3.0,True,shock,1,passive_one_sided_sell,one_sided_mm,0,0,0,0,6,0,6,0,hold,hold,-713066.0,mm_join_12,0.0,-713066.0,0.0,passive_inside_sell,,,
default,round1-day-1,-1,679700,-63,-63,short_60_plus,9998,10008,10,10003.0,10005.5,3.0,rich,0.5,2.5,buy_pressure,1.5,False,steady,2,passive_two_sided,mm_inside,0,0,0,14,9,14,0,0,buy_take1_16,take1,-623030.0,hold,16.0,-623046.0,16.0,,,,
default,round1-day-1,-1,680600,-69,-69,short_60_plus,9999,10009,10,10004.0,10005.875,4.0,rich,0.375,1.875,buy_pressure,-2.0,False,steady,2,passive_two_sided,mm_inside,0,0,0,14,9,14,0,0,buy_take1_16,take1,-683142.0,hold,17.0,-683159.0,17.0,,,,
default,round1-day-1,-1,681600,-69,-69,short_60_plus,10005,10015,10,10010.0,10008.333333333334,10.0,rich,-0.3333333333333333,-1.6666666666660603,mixed_pressure,3.0,True,shock,2,passive_two_sided,mm_inside,0,0,0,11,6,0,6,0,hold,hold,-683159.0,mm_join_12,0.0,-683159.0,0.0,,,,
default,round1-day-1,-1,683100,-69,-69,short_60_plus,10000,10009,9,10004.5,10007.411764705883,4.5,rich,0.6470588235294118,2.911764705882888,buy_pressure,-3.5,True,shock,2,passive_two_sided,mm_inside,0,0,0,11,6,11,0,0,buy_take1_16,take1,-683159.0,hold,9.0,-683168.0,9.0,,,,
default,round1-day-1,-1,685600,-75,-75,short_60_plus,10006,10016,10,10011.0,10008.0,11.0,rich,-0.6,-3.0,sell_pressure,3.0,True,shock,1,passive_one_sided_sell,one_sided_mm,0,0,0,0,5,0,5,0,hold,hold,-743258.0,mm_join_12,0.0,-743258.0,0.0,passive_inside_sell,,,
default,round1-day-1,-1,686800,-80,-80,short_60_plus,10005,10016,11,10010.5,10006.375,10.5,rich,-0.75,-4.125,sell_pressure,2.5,True,shock,0,hold,hold,0,0,0,0,0,0,0,0,hold,hold,-793306.0,mm_join_12,0.0,-793306.0,0.0,,,,
default,round1-day-1,-1,688200,-80,-80,short_60_plus,10005,10015,10,10010.0,10008.125,10.0,rich,-0.375,-1.875,sell_pressure,3.0,True,shock,1,passive_one_sided_buy,one_sided_mm,0,0,0,11,0,0,0,0,hold,hold,-793306.0,mm_join_12,0.0,-793306.0,0.0,passive_inside_buy,,,
default,round1-day-1,-1,689600,-80,-80,short_60_plus,10004,10015,11,10009.5,10005.833333333334,9.5,rich,-0.6666666666666666,-3.6666666666660603,sell_pressure,2.5,True,shock,1,passive_one_sided_buy,one_sided_mm,0,0,0,11,0,0,0,0,hold,hold,-793335.0,mm_join_12,0.0,-793335.0,0.0,passive_inside_buy,,,
default,round1-day-1,-1,690700,-74,-74,short_60_plus,10004,10014,10,10009.0,10005.25,9.0,rich,-0.75,-3.75,sell_pressure,1.5,True,shock,2,passive_two_sided,mm_inside,0,0,0,11,6,0,6,0,hold,hold,-733341.0,mm_join_12,0.0,-733341.0,0.0,,,,
default,round1-day-1,-1,691400,-80,-80,short_60_plus,9998,10007,9,10002.5,10005.8,2.5,rich,0.7333333333333333,3.2999999999992724,buy_pressure,-3.5,True,shock,1,passive_one_sided_buy,one_sided_mm,0,0,0,11,0,11,0,0,buy_take1_16,take1,-793401.0,hold,13.0,-793414.0,13.0,passive_inside_buy,,,
default,round1-day-1,-1,694700,-78,-78,short_60_plus,9995,10007,12,10001.0,10006.2,1.0,neutral,0.8666666666666667,5.200000000000728,buy_pressure,-4.0,True,shock,2,passive_two_sided,mm_inside,0,0,0,11,2,11,0,0,hold,hold,-773455.0,mm_join_12,0.0,-773455.0,0.0,,,,
default,round1-day-1,-1,698800,-78,-78,short_60_plus,10001,10012,11,10006.5,10002.57142857143,6.5,rich,-0.7142857142857143,-3.928571428570649,sell_pressure,-5.5,True,shock,2,passive_two_sided,mm_inside,0,0,0,11,2,0,2,0,hold,hold,-773455.0,mm_join_12,0.0,-773455.0,0.0,,,,
default,round1-day-1,-1,701200,-72,-72,short_60_plus,9997,10007,10,10002.0,10004.894736842105,2.0,rich,0.5789473684210527,2.894736842104976,buy_pressure,-2.0,False,steady,2,passive_two_sided,mm_inside,0,0,0,14,8,14,0,0,hold,hold,-713473.0,mm_join_12,0.0,-713473.0,0.0,,,,
default,round1-day-1,-1,703400,-72,-72,short_60_plus,9995,10005,10,10000.0,10002.64705882353,0.0,neutral,0.5294117647058824,2.6470588235297328,buy_pressure,-4.0,True,shock,2,passive_two_sided,mm_inside,0,0,0,11,6,11,0,0,hold,hold,-713473.0,mm_join_12,0.0,-713473.0,0.0,,,,
default,round1-day-1,-1,705000,-72,-72,short_60_plus,9995,10005,10,10000.0,10003.57142857143,0.0,neutral,0.7142857142857143,3.571428571429351,buy_pressure,-3.0,False,steady,2,passive_two_sided,mm_inside,0,0,0,14,8,14,0,0,mm_inside_12,mm_inside,-713473.0,mm_inside_20,0.0,-713473.0,0.0,,,,
default,round1-day-1,-1,706100,-75,-75,short_60_plus,9996,10005,9,10000.5,10002.882352941177,0.5,neutral,0.5294117647058824,2.3823529411765776,buy_pressure,-4.5,True,shock,2,passive_two_sided,mm_inside,0,0,0,11,5,11,0,0,buy_take1_16,take1,-743511.0,hold,38.0,-743549.0,38.0,,,,
default,round1-day-1,-1,706900,-80,-80,short_60_plus,10001,10012,11,10006.5,10003.75,6.5,rich,-0.5,-2.75,sell_pressure,2.5,True,shock,0,hold,hold,0,0,0,0,0,0,0,0,hold,hold,-793555.0,mm_join_12,0.0,-793555.0,0.0,,,,
default,round1-day-1,-1,708800,-62,-62,short_60_plus,9995,10004,9,9999.5,10001.882352941177,-0.5,neutral,0.5294117647058824,2.3823529411765776,buy_pressure,4.5,True,shock,2,passive_two_sided,mm_inside,0,0,0,14,9,14,0,0,hold,hold,-613587.0,mm_join_12,0.0,-613587.0,0.0,,,,
default,round1-day-1,-1,712200,-76,-76,short_60_plus,9996,10006,10,10001.0,9997.333333333334,1.0,neutral,-0.7333333333333333,-3.6666666666660603,sell_pressure,1.5,False,steady,2,passive_two_sided,mm_inside,0,0,0,14,4,14,4,0,hold,hold,-753729.0,mm_join_12,0.0,-753729.0,0.0,,,,
default,round1-day-1,-1,712300,-76,-72,short_60_plus,9990,10000,10,9995.0,9997.894736842105,-5.0,cheap,0.5789473684210527,2.894736842104976,buy_pressure,-6.0,True,shock,2,clear_buy,take1,4,0,4,12,0,12,0,1,buy_take1_16,take1,-753729.0,hold,33.0,-753729.0,0.0,take_a1,,,
default,round1-day-1,-1,712600,-72,-72,short_60_plus,9997,10010,13,10003.5,9998.181818181818,3.5,rich,-0.8181818181818182,-5.3181818181819835,sell_pressure,4.5,True,shock,1,passive_one_sided_sell,one_sided_mm,0,0,0,0,6,0,6,0,hold,hold,-713729.0,mm_join_12,0.0,-713729.0,0.0,passive_inside_sell,,,
default,round1-day-1,-1,715000,-78,-78,short_60_plus,9999,10009,10,10004.0,10000.25,4.0,rich,-0.75,-3.75,sell_pressure,3.0,False,steady,1,passive_one_sided_sell,one_sided_mm,0,0,0,0,2,0,2,0,sell_take1_16,take1,-773777.0,hold,2.0,-773779.0,2.0,passive_inside_sell,,,
default,round1-day-1,-1,719200,-71,-71,short_60_plus,9999,10009,10,10004.0,10001.5,4.0,rich,-0.5,-2.5,sell_pressure,4.0,True,shock,1,passive_one_sided_sell,one_sided_mm,0,0,0,0,6,0,6,0,hold,hold,-703766.0,mm_join_12,0.0,-703766.0,0.0,passive_inside_sell,,,
default,round1-day-1,-1,720500,-71,-71,short_60_plus,9994,10004,10,9999.0,10001.5,-1.0,neutral,0.5,2.5,buy_pressure,-3.0,False,steady,2,passive_two_sided,mm_inside,0,0,0,14,9,14,0,0,hold,hold,-703766.0,mm_join_12,0.0,-703766.0,0.0,,,,
default,round1-day-1,-1,722100,-71,-71,short_60_plus,9997,10010,13,10003.5,9999.03125,3.5,rich,-0.6875,-4.46875,sell_pressure,12.5,True,shock,2,passive_two_sided,mm_inside,0,0,0,11,6,11,6,0,hold,hold,-703766.0,mm_join_12,0.0,-703766.0,0.0,,,,
default,round1-day-1,-1,725200,-75,-75,short_60_plus,9996,10007,11,10001.5,9998.444444444445,1.5,neutral,-0.5555555555555556,-3.055555555554747,sell_pressure,2.5,False,steady,2,passive_two_sided,mm_inside,0,0,0,14,5,14,5,0,hold,hold,-743800.0,mm_join_12,0.0,-743800.0,0.0,,,,
default,round1-day-1,-1,725500,-75,-73,short_60_plus,9992,10001,9,9996.5,9999.714285714286,-3.5,cheap,0.7142857142857143,3.214285714286234,buy_pressure,-3.5,True,shock,2,clear_buy,take1,2,0,2,12,0,12,0,1,hold,hold,-743800.0,mm_join_12,0.0,-743806.0,6.0,take_a1,,,
default,round1-day-1,-1,727700,-71,-71,short_60_plus,9997,10008,11,10002.5,9998.57142857143,2.5,rich,-0.7142857142857143,-3.928571428570649,sell_pressure,2.5,False,steady,2,passive_two_sided,mm_inside,0,0,0,14,9,14,9,0,hold,hold,-703942.0,mm_join_12,0.0,-703942.0,0.0,,,,
default,round1-day-1,-1,729200,-71,-71,short_60_plus,9997,10007,10,10002.0,9999.0,2.0,rich,-0.6,-3.0,sell_pressure,3.5,True,shock,1,passive_one_sided_sell,one_sided_mm,0,0,0,0,6,0,6,0,hold,hold,-703942.0,mm_join_12,0.0,-703942.0,0.0,passive_inside_sell,,,
default,round1-day-1,-1,730700,-70,-68,short_60_plus,9990,9999,9,9994.5,9997.941176470587,-5.5,cheap,0.7647058823529411,3.4411764705873793,buy_pressure,-3.5,True,shock,2,clear_buy,take1,2,0,2,12,0,12,0,1,hold,hold,-694004.0,mm_join_12,0.0,-694006.0,2.0,take_a1,,,
default,round1-day-1,-1,731800,-68,-68,short_60_plus,9993,10002,9,9997.5,9999.1875,-2.5,cheap,0.375,1.6875,buy_pressure,-10.5,True,shock,1,passive_one_sided_buy,one_sided_mm,0,0,0,15,0,15,0,0,hold,hold,-674008.0,mm_join_12,0.0,-674008.0,0.0,passive_inside_buy,,,
default,round1-day-1,-1,732100,-73,-73,short_60_plus,9997,10008,11,10002.5,9999.933333333332,2.5,rich,-0.4666666666666667,-2.5666666666675155,sell_pressure,1.0,False,steady,2,passive_two_sided,mm_inside,0,0,0,14,7,14,7,0,hold,hold,-724043.0,mm_join_12,0.0,-724043.0,0.0,,,,
default,round1-day-1,-1,734400,-75,-75,short_60_plus,9995,10005,10,10000.0,9996.538461538461,0.0,neutral,-0.6923076923076923,-3.4615384615390212,sell_pressure,2.0,False,steady,1,passive_one_sided_sell,one_sided_mm,0,0,0,0,5,0,5,0,hold,hold,-744057.0,mm_join_12,0.0,-744057.0,0.0,passive_inside_sell,,,
default,round1-day-1,-1,735000,-75,-70,short_60_plus,9989,9998,9,9993.5,9995.631578947368,-6.5,cheap,0.47368421052631576,2.1315789473683253,buy_pressure,-3.5,True,shock,3,clear_buy,take1,10,0,10,12,0,12,0,1,hold,hold,-744057.0,mm_join_12,0.0,-744057.0,0.0,take_a1,,,
default,round1-day-1,-1,735600,-70,-65,short_60_plus,9989,9999,10,9994.0,9996.5,-6.0,cheap,0.5,2.5,buy_pressure,-4.0,True,shock,2,clear_buy,take1,5,0,5,12,0,12,0,1,hold,hold,-694067.0,mm_join_12,0.0,-694072.0,5.0,take_a1,,,
default,round1-day-1,-1,736400,-55,-50,short_40_59,9989,9998,9,9993.5,9995.35294117647,-6.5,cheap,0.4117647058823529,1.8529411764702672,buy_pressure,-2.0,True,shock,2,clear_buy,take1,5,0,5,12,0,12,0,1,hold,hold,-544207.0,mm_join_12,0.0,-544207.0,0.0,take_a1,,,
default,round1-day-1,-1,737500,-40,-40,short_40_59,9994,10005,11,9999.5,9995.833333333334,-0.5,neutral,-0.6666666666666666,-3.6666666666660603,sell_pressure,4.5,True,shock,1,passive_one_sided_sell,one_sided_mm,0,0,0,0,9,0,9,0,hold,hold,-394277.0,mm_join_12,0.0,-394277.0,0.0,passive_inside_sell,,,
default,round1-day-1,-1,741600,-53,-53,short_40_59,9994,10005,11,9999.5,9995.29411764706,-0.5,neutral,-0.7647058823529411,-4.2058823529405345,sell_pressure,2.5,False,steady,1,passive_one_sided_sell,one_sided_mm,0,0,0,0,9,0,9,0,hold,hold,-524329.0,mm_join_12,0.0,-524329.0,0.0,passive_inside_sell,,,
default,round1-day-1,-1,743400,-38,-38,short_20_39,9992,10005,13,9998.5,9993.695652173914,-1.5,neutral,-0.7391304347826086,-4.804347826086087,sell_pressure,11.5,True,shock,1,passive_one_sided_sell,one_sided_mm,0,0,0,0,12,0,12,0,hold,hold,-374473.0,mm_join_12,0.0,-374473.0,0.0,passive_inside_sell,,,
default,round1-day-1,-1,744200,-38,-38,short_20_39,9986,9995,9,9990.5,9992.42857142857,-9.5,cheap,0.42857142857142855,1.928571428570649,buy_pressure,-2.5,True,shock,1,passive_one_sided_buy,one_sided_mm,0,0,0,10,0,10,0,0,buy_take1_16,take1,-374473.0,hold,24.0,-374497.0,24.0,passive_inside_buy,,,
default,round1-day-1,-1,745300,-43,-43,short_40_59,9984,9994,10,9989.0,9991.058823529413,-11.0,cheap,0.4117647058823529,2.0588235294126207,buy_pressure,-3.0,True,shock,1,passive_one_sided_buy,one_sided_mm,0,0,0,12,0,12,0,0,buy_take1_16,take1,-424525.0,buy_take2_32,0.0,-424545.0,20.0,passive_inside_buy,,,
default,round1-day-1,-1,748600,-33,-33,short_20_39,9991,10004,13,9997.5,9991.962962962964,-2.5,cheap,-0.8518518518518519,-5.537037037036498,sell_pressure,4.0,True,shock,1,passive_one_sided_sell,one_sided_mm,0,0,0,0,9,0,9,0,hold,hold,-324685.0,mm_join_12,0.0,-324685.0,0.0,passive_inside_sell,,,
default,round1-day-1,-1,748900,-33,-33,short_20_39,9991,10004,13,9997.5,9992.3,-2.5,cheap,-0.8,-5.200000000000728,sell_pressure,3.5,True,shock,1,passive_one_sided_sell,one_sided_mm,0,0,0,0,9,0,9,0,hold,hold,-324685.0,mm_join_12,0.0,-324685.0,0.0,passive_inside_sell,,,
default,round1-day-1,-1,753700,-19,-19,flat_19,9990,10001,11,9995.5,9992.444444444445,-4.5,cheap,-0.5555555555555556,-3.055555555554747,sell_pressure,-6.5,True,shock,1,passive_one_sided_sell,one_sided_mm,0,0,0,0,9,0,9,0,hold,hold,-184821.0,mm_join_12,0.0,-184821.0,0.0,passive_inside_sell,,,
default,round1-day-1,-1,753800,-19,-19,flat_19,9990,10003,13,9996.5,9990.92857142857,-3.5,cheap,-0.8571428571428571,-5.571428571429351,sell_pressure,1.0,False,steady,1,passive_one_sided_sell,one_sided_mm,0,0,0,0,12,0,12,0,hold,hold,-184821.0,mm_join_12,0.0,-184821.0,0.0,passive_inside_sell,,,
default,round1-day-1,-1,753900,-19,-19,flat_19,9990,10000,10,9995.0,9991.666666666666,-5.0,cheap,-0.6666666666666666,-3.3333333333339397,sell_pressure,-1.5,False,steady,1,passive_one_sided_sell,one_sided_mm,0,0,0,0,12,0,12,0,hold,hold,-184821.0,mm_join_12,0.0,-184821.0,0.0,passive_inside_sell,,,
default,round1-day-1,-1,755100,-19,-19,flat_19,9989,10000,11,9994.5,9990.57142857143,-5.5,cheap,-0.7142857142857143,-3.928571428570649,sell_pressure,2.5,False,steady,1,passive_one_sided_sell,one_sided_mm,0,0,0,0,12,0,12,0,hold,hold,-184821.0,mm_join_12,0.0,-184821.0,0.0,passive_inside_sell,,,
default,round1-day-1,-1,756000,-19,-19,flat_19,9985,9995,10,9990.0,9992.058823529413,-10.0,cheap,0.4117647058823529,2.0588235294126207,buy_pressure,-1.5,True,shock,1,passive_one_sided_buy,one_sided_mm,0,0,0,10,0,10,0,0,buy_take1_16,take1,-184821.0,hold,15.0,-184836.0,15.0,passive_inside_buy,,,
default,round1-day-1,-1,756700,-19,-19,flat_19,9986,9995,9,9990.5,9993.2,-9.5,cheap,0.6,2.7000000000007276,buy_pressure,-3.5,True,shock,1,passive_one_sided_buy,one_sided_mm,0,0,0,10,0,10,0,0,buy_take1_16,take1,-184836.0,hold,9.0,-184845.0,9.0,passive_inside_buy,,,
default,round1-day-1,-1,756900,-19,-19,flat_19,9991,10001,10,9996.0,9994.333333333334,-4.0,cheap,-0.3333333333333333,-1.6666666666660603,mixed_pressure,3.0,False,steady,1,passive_one_sided_sell,one_sided_mm,0,0,0,0,12,0,12,0,hold,hold,-184845.0,mm_join_12,0.0,-184845.0,0.0,passive_inside_sell,,,
default,round1-day-1,-1,757400,-19,-19,flat_19,9991,10001,10,9996.0,9993.941176470587,-4.0,cheap,-0.4117647058823529,-2.0588235294126207,sell_pressure,3.0,False,steady,1,passive_one_sided_sell,one_sided_mm,0,0,0,0,12,0,12,0,hold,hold,-184845.0,mm_join_12,0.0,-184845.0,0.0,passive_inside_sell,,,
default,round1-day-1,-1,758400,-19,-19,flat_19,9993,10002,9,9997.5,9994.75,-2.5,cheap,-0.6111111111111112,-2.75,sell_pressure,5.5,True,shock,1,passive_one_sided_sell,one_sided_mm,0,0,0,0,9,0,9,0,hold,hold,-184845.0,mm_join_12,0.0,-184845.0,0.0,passive_inside_sell,,,
default,round1-day-1,-1,758600,-19,-19,flat_19,9984,9994,10,9989.0,9991.857142857143,-11.0,cheap,0.5714285714285714,2.857142857143117,buy_pressure,-2.0,True,shock,1,passive_one_sided_buy,one_sided_mm,0,0,0,10,0,10,0,0,buy_take1_16,take1,-184845.0,hold,12.0,-184857.0,12.0,passive_inside_buy,,,
default,round1-day-1,-1,758700,-19,-19,flat_19,9990,10003,13,9996.5,9991.344827586207,-3.5,cheap,-0.7931034482758621,-5.15517241379348,sell_pressure,7.5,True,shock,1,passive_one_sided_sell,one_sided_mm,0,0,0,0,9,0,9,0,hold,hold,-184857.0,mm_join_12,0.0,-184857.0,0.0,passive_inside_sell,,,
default,round1-day-1,-1,762800,-34,-34,short_20_39,9997,10006,9,10001.5,9999.181818181818,1.5,neutral,-0.5151515151515151,-2.3181818181819835,sell_pressure,6.5,True,shock,1,passive_one_sided_sell,one_sided_mm,0,0,0,0,9,0,9,0,hold,hold,-334866.0,mm_join_12,0.0,-334866.0,0.0,passive_inside_sell,,,
default,round1-day-1,-1,763400,-34,-34,short_20_39,9988,9998,10,9993.0,9995.5,-7.0,cheap,0.5,2.5,buy_pressure,-4.0,True,shock,1,passive_one_sided_buy,one_sided_mm,0,0,0,10,0,10,0,0,hold,hold,-334866.0,mm_join_12,0.0,-334866.0,0.0,passive_inside_buy,,,
default,round1-day-1,-1,763800,-34,-34,short_20_39,9994,10004,10,9999.0,9996.307692307691,-1.0,neutral,-0.5384615384615384,-2.692307692308532,sell_pressure,-5.0,True,shock,1,passive_one_sided_sell,one_sided_mm,0,0,0,0,12,0,12,0,hold,hold,-334866.0,mm_join_12,0.0,-334866.0,0.0,passive_inside_sell,,,
default,round1-day-1,-1,764400,-34,-34,short_20_39,9988,9998,10,9993.0,9995.64705882353,-7.0,cheap,0.5294117647058824,2.6470588235297328,buy_pressure,-3.5,True,shock,1,passive_one_sided_buy,one_sided_mm,0,0,0,10,0,10,0,0,hold,hold,-334866.0,mm_join_12,0.0,-334866.0,0.0,passive_inside_buy,,,
default,round1-day-1,-1,765800,-34,-34,short_20_39,9994,10005,11,9999.5,9996.75,-0.5,neutral,-0.5,-2.75,sell_pressure,2.5,False,steady,1,passive_one_sided_sell,one_sided_mm,0,0,0,0,12,0,12,0,mm_inside_12,mm_inside,-334866.0,mm_inside_20,0.0,-334866.0,0.0,passive_inside_sell,,,
default,round1-day-1,-1,766000,-34,-34,short_20_39,9994,10004,10,9999.0,9996.222222222223,-1.0,neutral,-0.5555555555555556,-2.7777777777773736,sell_pressure,1.0,False,steady,1,passive_one_sided_sell,one_sided_mm,0,0,0,0,12,0,12,0,hold,hold,-334878.0,mm_join_12,0.0,-334878.0,0.0,passive_inside_sell,,,
default,round1-day-1,-1,768900,-26,-26,short_20_39,9993,10003,10,9998.0,10000.058823529413,-2.0,cheap,0.4117647058823529,2.0588235294126207,buy_pressure,-3.5,True,shock,1,passive_one_sided_sell,one_sided_mm,0,0,0,0,9,0,0,0,hold,hold,-254914.0,mm_join_12,0.0,-254914.0,0.0,passive_inside_sell,,,
default,round1-day-1,-1,775500,-16,-23,flat_19,10003,10012,9,10007.5,10005.333333333334,7.5,rich,-0.48148148148148145,-2.1666666666660603,sell_pressure,5.5,True,shock,2,take_sell,take1,0,7,7,0,9,0,9,1,sell_take1_16,take1,-155004.0,hold,35.0,-155004.0,0.0,take_b1,,,
default,round1-day-1,-1,775900,-23,-23,short_20_39,9994,10003,9,9998.5,10001.714285714286,-1.5,neutral,0.7142857142857143,3.214285714286234,buy_pressure,-3.5,True,shock,2,passive_two_sided,mm_inside,0,0,0,9,9,9,0,0,hold,hold,-225025.0,mm_join_12,0.0,-225025.0,0.0,,,,
default,round1-day-1,-1,777300,-27,-27,short_20_39,9999,10010,11,10004.5,10000.692307692309,4.5,rich,-0.6923076923076923,-3.807692307691468,sell_pressure,3.0,False,steady,1,passive_one_sided_sell,one_sided_mm,0,0,0,0,12,0,12,0,sell_take1_16,take1,-265061.0,hold,2.0,-265063.0,2.0,passive_inside_sell,,,
default,round1-day-1,-1,780100,-29,-29,short_20_39,9993,10002,9,9997.5,9999.882352941177,-2.5,cheap,0.5294117647058824,2.3823529411765776,buy_pressure,-2.5,False,steady,1,passive_one_sided_buy,one_sided_mm,0,0,0,13,0,13,0,0,hold,hold,-285144.0,mm_join_12,0.0,-285144.0,0.0,passive_inside_buy,,,
default,round1-day-1,-1,780600,-29,-29,short_20_39,9998,10011,13,10004.5,9998.962962962964,4.5,rich,-0.8518518518518519,-5.537037037036498,sell_pressure,-6.5,True,shock,1,passive_one_sided_sell,one_sided_mm,0,0,0,0,9,0,9,0,hold,hold,-285144.0,mm_join_12,0.0,-285144.0,0.0,passive_inside_sell,,,
default,round1-day-1,-1,781100,-29,-29,short_20_39,9998,10008,10,10003.0,9999.176470588236,3.0,rich,-0.7647058823529411,-3.823529411763957,sell_pressure,3.0,False,steady,1,passive_one_sided_sell,one_sided_mm,0,0,0,0,12,0,12,0,hold,hold,-285144.0,mm_join_12,0.0,-285144.0,0.0,passive_inside_sell,,,
default,round1-day-1,-1,782200,-38,-38,short_20_39,9990,10002,12,9996.0,10001.0,-4.0,cheap,0.8333333333333334,5.0,buy_pressure,-5.0,True,shock,1,passive_one_sided_buy,one_sided_mm,0,0,0,10,0,10,0,0,hold,hold,-375162.0,mm_join_12,0.0,-375162.0,0.0,passive_inside_buy,,,
default,round1-day-1,-1,784000,-38,-38,short_20_39,9998,10011,13,10004.5,9999.0,4.5,rich,-0.8461538461538461,-5.5,sell_pressure,3.5,True,shock,1,passive_one_sided_sell,one_sided_mm,0,0,0,0,9,0,9,0,sell_take1_16,take1,-375162.0,hold,2.0,-375164.0,2.0,passive_inside_sell,,,
default,round1-day-1,-1,784900,-42,-42,short_40_59,9998,10008,10,10003.0,9999.666666666666,3.0,rich,-0.6666666666666666,-3.3333333333339397,sell_pressure,3.0,False,steady,1,passive_one_sided_sell,one_sided_mm,0,0,0,0,12,0,12,0,hold,hold,-415172.0,mm_join_12,0.0,-415172.0,0.0,passive_inside_sell,,,
default,round1-day-1,-1,787200,-42,-42,short_40_59,9992,10001,9,9996.5,9999.5,-3.5,cheap,0.6666666666666666,3.0,buy_pressure,-3.0,False,steady,1,passive_one_sided_buy,one_sided_mm,0,0,0,13,0,13,0,0,hold,hold,-415217.0,mm_join_12,0.0,-415217.0,0.0,passive_inside_buy,,,
default,round1-day-1,-1,787700,-42,-42,short_40_59,9992,10001,9,9996.5,9998.882352941177,-3.5,cheap,0.5294117647058824,2.3823529411765776,buy_pressure,-2.5,False,steady,1,passive_one_sided_buy,one_sided_mm,0,0,0,13,0,13,0,0,hold,hold,-415217.0,mm_join_12,0.0,-415217.0,0.0,passive_inside_buy,,,
default,round1-day-1,-1,788200,-39,-39,short_20_39,9998,10008,10,10003.0,10000.222222222223,3.0,rich,-0.5555555555555556,-2.7777777777773736,sell_pressure,3.0,False,steady,1,passive_one_sided_sell,one_sided_mm,0,0,0,0,12,0,12,0,sell_take1_16,take1,-385238.0,hold,4.0,-385242.0,4.0,passive_inside_sell,,,
default,round1-day-1,-1,788900,-35,-35,short_20_39,9998,10009,11,10003.5,10001.4375,3.5,rich,-0.375,-2.0625,sell_pressure,2.0,False,steady,1,passive_one_sided_sell,one_sided_mm,0,0,0,0,12,0,12,0,sell_take1_16,take1,-345254.0,sell_take2_32,0.0,-345259.0,5.0,passive_inside_sell,,,
default,round1-day-1,-1,792400,-26,-26,short_20_39,9994,10005,11,9999.5,9995.833333333334,-0.5,neutral,-0.6666666666666666,-3.6666666666660603,sell_pressure,1.0,False,steady,1,passive_one_sided_sell,one_sided_mm,0,0,0,0,12,0,12,0,hold,hold,-255379.0,mm_join_12,0.0,-255379.0,0.0,passive_inside_sell,,,
default,round1-day-1,-1,796700,-19,-19,flat_19,9988,9997,9,9992.5,9995.411764705883,-7.5,cheap,0.6470588235294118,2.911764705882888,buy_pressure,-3.5,True,shock,1,passive_one_sided_buy,one_sided_mm,0,0,0,10,0,10,0,0,hold,hold,-185421.0,mm_join_12,0.0,-185421.0,0.0,passive_inside_buy,,,
default,round1-day-1,-1,797500,-21,-21,short_20_39,9984,9996,12,9990.0,9994.451612903225,-10.0,cheap,0.7419354838709677,4.451612903225396,buy_pressure,-5.5,True,shock,1,passive_one_sided_buy,one_sided_mm,0,0,0,10,0,10,0,0,buy_take1_16,take1,-205425.0,hold,4.0,-205429.0,4.0,passive_inside_buy,,,
default,round1-day-1,-1,799700,-19,-19,flat_19,9993,10004,11,9998.5,9996.055555555555,-1.5,neutral,-0.4444444444444444,-2.444444444445253,sell_pressure,2.5,False,steady,1,passive_one_sided_sell,one_sided_mm,0,0,0,0,12,0,12,0,hold,hold,-185455.0,mm_join_12,0.0,-185455.0,0.0,passive_inside_sell,,,
default,round1-day-1,-1,804600,-13,-13,flat_19,9992,10005,13,9998.5,9994.03125,-1.5,neutral,-0.6875,-4.46875,sell_pressure,3.5,True,shock,1,passive_one_sided_sell,one_sided_mm,0,0,0,0,9,0,9,0,hold,hold,-125533.0,mm_join_12,0.0,-125533.0,0.0,passive_inside_sell,,,
default,round1-day-1,-1,809500,18,18,flat_19,9987,9997,10,9992.0,9995.75,-8.0,cheap,0.75,3.75,buy_pressure,-3.0,True,shock,1,passive_one_sided_buy,one_sided_mm,0,0,0,10,0,10,0,0,hold,hold,184176.0,mm_join_12,0.0,184176.0,0.0,passive_inside_buy,,,
default,round1-day-1,-1,812300,23,23,long_20_39,9987,9996,9,9991.5,9994.615384615385,-8.5,cheap,0.6923076923076923,3.1153846153847553,buy_pressure,-2.5,True,shock,1,passive_one_sided_buy,one_sided_mm,0,0,0,10,0,10,0,0,hold,hold,234141.0,mm_join_12,0.0,234141.0,0.0,passive_inside_buy,,,
default,round1-day-1,-1,814400,23,23,long_20_39,9994,10004,10,9999.0,9996.142857142857,-1.0,neutral,-0.5714285714285714,-2.857142857143117,sell_pressure,3.0,False,steady,1,passive_one_sided_sell,one_sided_mm,0,0,0,0,12,0,12,0,hold,hold,234141.0,mm_join_12,0.0,234141.0,0.0,passive_inside_sell,,,
default,round1-day-1,-1,819900,35,35,long_20_39,9987,9996,9,9991.5,9994.8,-8.5,cheap,0.7333333333333333,3.2999999999992724,buy_pressure,-3.5,True,shock,1,passive_one_sided_buy,one_sided_mm,0,0,0,10,0,10,0,0,hold,hold,354049.0,mm_join_12,0.0,354049.0,0.0,passive_inside_buy,,,
default,round1-day-1,-1,823900,20,20,long_20_39,9986,9996,10,9991.0,9992.875,-9.0,cheap,0.375,1.875,buy_pressure,-4.0,True,shock,1,passive_one_sided_buy,one_sided_mm,0,0,0,10,0,10,0,0,buy_take1_16,take1,204049.0,hold,7.0,204042.0,7.0,passive_inside_buy,,,
default,round1-day-1,-1,824500,20,20,long_20_39,9991,10002,11,9996.5,9993.2,-3.5,cheap,-0.6,-3.2999999999992724,sell_pressure,1.0,False,steady,1,passive_one_sided_sell,one_sided_mm,0,0,0,0,12,0,12,0,hold,hold,204042.0,mm_join_12,0.0,204042.0,0.0,passive_inside_sell,,,
default,round1-day-1,-1,828000,33,33,long_20_39,9984,9993,9,9988.5,9991.714285714286,-11.5,cheap,0.7142857142857143,3.214285714286234,buy_pressure,-2.5,True,shock,1,passive_one_sided_buy,one_sided_mm,0,0,0,10,0,10,0,0,buy_take1_16,take1,333861.0,hold,6.0,333855.0,6.0,passive_inside_buy,,,
default,round1-day-1,-1,828500,33,33,long_20_39,9989,9999,10,9994.0,9991.0,-6.0,cheap,-0.6,-3.0,sell_pressure,3.5,True,shock,1,passive_one_sided_sell,one_sided_mm,0,0,0,0,9,0,9,0,hold,hold,333855.0,mm_join_12,0.0,333855.0,0.0,passive_inside_sell,,,
default,round1-day-1,-1,830800,23,23,long_20_39,9983,9993,10,9988.0,9991.57142857143,-12.0,cheap,0.7142857142857143,3.571428571429351,buy_pressure,-3.0,True,shock,1,passive_one_sided_buy,one_sided_mm,0,0,0,10,0,10,0,0,buy_take1_16,take1,233885.0,hold,10.0,233875.0,10.0,passive_inside_buy,,,
default,round1-day-1,-1,831100,23,23,long_20_39,9988,10001,13,9994.5,9990.09677419355,-5.5,cheap,-0.6774193548387096,-4.403225806450791,sell_pressure,2.0,False,steady,1,passive_one_sided_sell,one_sided_mm,0,0,0,0,12,0,12,0,hold,hold,233875.0,mm_join_12,0.0,233875.0,0.0,passive_inside_sell,,,
default,round1-day-1,-1,832600,30,30,long_20_39,9994,10003,9,9998.5,9995.741935483871,-1.5,neutral,-0.6129032258064516,-2.7580645161287975,sell_pressure,6.5,True,shock,1,passive_one_sided_sell,one_sided_mm,0,0,0,0,9,0,9,0,hold,hold,303798.0,mm_join_12,0.0,303798.0,0.0,passive_inside_sell,,,
default,round1-day-1,-1,834000,30,30,long_20_39,9992,10003,11,9997.5,9993.833333333334,-2.5,cheap,-0.6666666666666666,-3.6666666666660603,sell_pressure,1.5,False,steady,1,passive_one_sided_sell,one_sided_mm,0,0,0,0,12,0,12,0,mm_inside_12,mm_inside,303798.0,mm_inside_20,0.0,303798.0,0.0,passive_inside_sell,,,
default,round1-day-1,-1,835400,27,27,long_20_39,9987,9997,10,9992.0,9995.125,-8.0,cheap,0.625,3.125,buy_pressure,-3.0,True,shock,1,passive_one_sided_buy,one_sided_mm,0,0,0,10,0,10,0,0,buy_take1_16,take1,273771.0,hold,3.0,273768.0,3.0,passive_inside_buy,,,
default,round1-day-1,-1,836600,35,35,long_20_39,9987,9996,9,9991.5,9993.5,-8.5,cheap,0.4444444444444444,2.0,buy_pressure,4.5,True,shock,1,passive_one_sided_buy,one_sided_mm,0,0,0,10,0,10,0,0,buy_take1_16,take1,353712.0,hold,10.0,353702.0,10.0,passive_inside_buy,,,
default,round1-day-1,-1,839400,35,35,long_20_39,9995,10004,9,9999.5,9996.161290322581,-0.5,neutral,-0.7419354838709677,-3.338709677418592,sell_pressure,6.5,True,shock,1,passive_one_sided_sell,one_sided_mm,0,0,0,0,9,0,9,0,hold,hold,353702.0,mm_join_12,0.0,353702.0,0.0,passive_inside_sell,,,
default,round1-day-1,-1,839800,35,35,long_20_39,9986,9995,9,9990.5,9992.923076923076,-9.5,cheap,0.5384615384615384,2.4230769230762235,buy_pressure,-3.5,True,shock,1,passive_one_sided_buy,one_sided_mm,0,0,0,10,0,10,0,0,buy_take1_16,take1,353702.0,hold,9.0,353693.0,9.0,passive_inside_buy,,,
default,round1-day-1,-1,841900,36,36,long_20_39,9993,10004,11,9998.5,9994.375,-1.5,neutral,-0.75,-4.125,sell_pressure,2.5,False,steady,1,passive_one_sided_sell,one_sided_mm,0,0,0,0,12,0,12,0,hold,hold,363643.0,mm_join_12,0.0,363643.0,0.0,passive_inside_sell,,,
default,round1-day-1,-1,842800,33,33,long_20_39,9988,9998,10,9993.0,9996.333333333334,-7.0,cheap,0.6666666666666666,3.3333333333339397,buy_pressure,-3.0,True,shock,1,passive_one_sided_buy,one_sided_mm,0,0,0,10,0,10,0,0,hold,hold,333634.0,mm_join_12,0.0,333634.0,0.0,passive_inside_buy,,,
default,round1-day-1,-1,843200,33,33,long_20_39,9994,10004,10,9999.0,9996.142857142857,-1.0,neutral,-0.5714285714285714,-2.857142857143117,sell_pressure,3.0,False,steady,1,passive_one_sided_sell,one_sided_mm,0,0,0,0,12,0,12,0,hold,hold,333634.0,mm_join_12,0.0,333634.0,0.0,passive_inside_sell,,,
default,round1-day-1,-1,845400,33,33,long_20_39,9994,10004,10,9999.0,9997.333333333334,-1.0,neutral,-0.3333333333333333,-1.6666666666660603,mixed_pressure,1.5,False,steady,1,passive_one_sided_sell,one_sided_mm,0,0,0,0,12,0,12,0,hold,hold,333634.0,mm_join_12,0.0,333634.0,0.0,passive_inside_sell,,,
default,round1-day-1,-1,846700,42,42,long_40_59,9999,10008,9,10003.5,10001.382352941177,3.5,rich,-0.47058823529411764,-2.1176470588234224,sell_pressure,5.0,True,shock,1,passive_one_sided_sell,one_sided_mm,0,0,0,0,9,0,9,0,sell_take1_16,take1,423544.0,hold,12.0,423532.0,12.0,passive_inside_sell,,,
default,round1-day-1,-1,851100,40,40,long_40_59,9994,10005,11,9999.5,9996.75,-0.5,neutral,-0.5,-2.75,sell_pressure,1.5,False,steady,1,passive_one_sided_sell,one_sided_mm,0,0,0,0,12,0,12,0,hold,hold,403487.0,mm_join_12,0.0,403487.0,0.0,passive_inside_sell,,,
default,round1-day-1,-1,855800,73,73,long_60_plus,9995,10006,11,10000.5,9998.235294117647,0.5,neutral,-0.4117647058823529,-2.264705882353155,sell_pressure,2.0,False,steady,2,passive_two_sided,mm_inside,0,0,0,7,14,0,14,0,hold,hold,733238.0,mm_join_12,0.0,733238.0,0.0,,,,
default,round1-day-1,-1,863800,76,76,long_60_plus,9997,10007,10,10002.0,9998.764705882353,2.0,rich,-0.6470588235294118,-3.235294117646845,sell_pressure,3.0,False,steady,1,passive_one_sided_buy,one_sided_mm,0,0,0,4,0,0,0,0,sell_take1_16,take1,763211.0,hold,3.0,763208.0,3.0,passive_inside_buy,,,
default,round1-day-1,-1,865100,70,70,long_60_plus,9997,10007,10,10002.0,9999.105263157895,2.0,rich,-0.5789473684210527,-2.894736842104976,sell_pressure,-5.0,True,shock,1,passive_one_sided_buy,one_sided_mm,0,0,0,9,0,0,0,0,sell_take1_16,take1,703166.0,hold,6.0,703160.0,6.0,passive_inside_buy,,,
default,round1-day-1,-1,866100,60,60,long_60_plus,9989,9998,9,9993.5,9996.411764705883,-6.5,cheap,0.6470588235294118,2.911764705882888,buy_pressure,-8.0,True,shock,2,passive_two_sided,mm_inside,0,0,0,6,11,6,0,0,hold,hold,603145.0,mm_join_12,0.0,603145.0,0.0,,,,
default,round1-day-1,-1,867000,60,60,long_60_plus,9994,10004,10,9999.0,9995.25,-1.0,neutral,-0.75,-3.75,sell_pressure,3.0,False,steady,2,passive_two_sided,mm_inside,0,0,0,9,14,0,14,0,sell_take1_16,take1,603145.0,hold,6.0,603139.0,6.0,,,,
default,round1-day-1,-1,873500,69,69,long_60_plus,9998,10011,13,10004.5,9999.56,4.5,rich,-0.76,-4.940000000000509,sell_pressure,4.5,True,shock,1,passive_one_sided_sell,one_sided_mm,0,0,0,0,11,0,11,0,sell_take1_16,take1,693051.0,hold,23.0,693028.0,23.0,passive_inside_sell,,,
default,round1-day-1,-1,874500,74,74,long_60_plus,9989,10001,12,9995.0,9999.153846153846,-5.0,cheap,0.6923076923076923,4.153846153845734,buy_pressure,-6.5,True,shock,1,passive_one_sided_buy,one_sided_mm,0,0,0,6,0,6,0,0,hold,hold,742990.0,mm_join_12,0.0,742990.0,0.0,passive_inside_buy,,,
default,round1-day-1,-1,874800,74,74,long_60_plus,9992,10001,9,9996.5,9998.42857142857,-3.5,cheap,0.42857142857142855,1.928571428570649,buy_pressure,-11.5,True,shock,1,passive_one_sided_buy,one_sided_mm,0,0,0,6,0,6,0,0,sell_take1_16,take1,742990.0,hold,5.0,742985.0,5.0,passive_inside_buy,,,
default,round1-day-1,-1,876500,80,80,long_60_plus,9992,10002,10,9997.0,10000.333333333334,-3.0,cheap,0.6666666666666666,3.3333333333339397,buy_pressure,-4.5,True,shock,0,hold,hold,0,0,0,0,0,0,0,0,hold,hold,802927.0,mm_join_12,0.0,802927.0,0.0,,,,
default,round1-day-1,-1,877300,80,76,long_60_plus,10000,10013,13,10006.5,10001.733333333334,6.5,rich,-0.7333333333333333,-4.766666666666424,sell_pressure,4.5,True,shock,2,clear_sell,take1,0,4,4,0,11,0,11,1,sell_take1_16,take1,802927.0,hold,9.0,802927.0,0.0,take_b1,,,
default,round1-day-1,-1,880500,76,76,long_60_plus,9995,10004,9,9999.5,10001.923076923076,-0.5,neutral,0.5384615384615384,2.4230769230762235,buy_pressure,-3.5,True,shock,1,passive_one_sided_buy,one_sided_mm,0,0,0,4,0,4,0,0,hold,hold,762927.0,mm_join_12,0.0,762927.0,0.0,passive_inside_buy,,,
default,round1-day-1,-1,882100,66,66,long_60_plus,9994,10004,10,9999.0,10002.333333333334,-1.0,neutral,0.6666666666666666,3.3333333333339397,buy_pressure,-3.0,False,steady,1,passive_one_sided_buy,one_sided_mm,0,0,0,9,0,9,0,0,hold,hold,662817.0,mm_join_12,0.0,662817.0,0.0,passive_inside_buy,,,
default,round1-day-1,-1,883200,64,64,long_60_plus,9994,10003,9,9998.5,10001.5,-1.5,neutral,0.6666666666666666,3.0,buy_pressure,-3.5,True,shock,1,passive_one_sided_buy,one_sided_mm,0,0,0,6,0,6,0,0,hold,hold,642794.0,mm_join_12,0.0,642794.0,0.0,passive_inside_buy,,,
default,round1-day-1,-1,885700,56,54,long_40_59,10000,10010,10,10005.0,10001.333333333334,5.0,rich,-0.7333333333333333,-3.6666666666660603,sell_pressure,4.0,True,shock,2,clear_sell,take1,0,2,2,0,11,0,11,1,sell_take1_16,take1,562722.0,hold,6.0,562722.0,0.0,take_b1,,,
default,round1-day-1,-1,886700,54,54,long_40_59,9999,10009,10,10004.0,10000.42857142857,4.0,rich,-0.7142857142857143,-3.571428571429351,sell_pressure,5.0,True,shock,1,passive_one_sided_sell,one_sided_mm,0,0,0,0,11,0,11,0,sell_take1_16,take1,542722.0,hold,4.0,542718.0,4.0,passive_inside_sell,,,
default,round1-day-1,-1,888400,65,65,long_60_plus,9993,10003,10,9998.0,10000.142857142857,-2.0,cheap,0.42857142857142855,2.142857142856883,buy_pressure,-3.0,False,steady,1,passive_one_sided_buy,one_sided_mm,0,0,0,9,0,9,0,0,hold,hold,652645.0,mm_join_12,0.0,652645.0,0.0,passive_inside_buy,,,
default,round1-day-1,-1,890900,63,63,long_60_plus,9993,10003,10,9998.0,10000.777777777777,-2.0,cheap,0.5555555555555556,2.7777777777773736,buy_pressure,-4.0,True,shock,1,passive_one_sided_buy,one_sided_mm,0,0,0,6,0,6,0,0,hold,hold,632627.0,mm_join_12,0.0,632627.0,0.0,passive_inside_buy,,,
default,round1-day-1,-1,891300,63,63,long_60_plus,9993,10003,10,9998.0,10001.333333333334,-2.0,cheap,0.6666666666666666,3.3333333333339397,buy_pressure,-1.5,False,steady,1,passive_one_sided_buy,one_sided_mm,0,0,0,9,0,9,0,0,mm_inside_12,mm_inside,632627.0,mm_inside_20,0.0,632627.0,0.0,passive_inside_buy,,,
default,round1-day-1,-1,891600,63,63,long_60_plus,9999,10010,11,10004.5,10000.833333333334,4.5,rich,-0.6666666666666666,-3.6666666666660603,sell_pressure,-5.5,True,shock,1,passive_one_sided_sell,one_sided_mm,0,0,0,0,11,0,11,0,sell_take1_16,take1,632612.0,hold,9.0,632603.0,9.0,passive_inside_sell,,,
default,round1-day-1,-1,897300,60,60,long_60_plus,9997,10010,13,10003.5,9998.969696969696,3.5,rich,-0.696969696969697,-4.530303030303912,sell_pressure,3.5,True,shock,1,passive_one_sided_sell,one_sided_mm,0,0,0,0,11,0,11,0,sell_take1_16,take1,602445.0,hold,5.0,602440.0,5.0,passive_inside_sell,,,
default,round1-day-1,-1,899000,46,46,long_40_59,9998,10011,13,10004.5,9999.04,4.5,rich,-0.84,-5.459999999999127,sell_pressure,4.5,True,shock,1,passive_one_sided_sell,one_sided_mm,0,0,0,0,11,0,11,0,sell_take1_16,take1,462332.0,hold,4.0,462328.0,4.0,passive_inside_sell,,,
default,round1-day-1,-1,899400,55,55,long_40_59,9998,10009,11,10003.5,10000.75,3.5,rich,-0.5,-2.75,sell_pressure,2.5,False,steady,1,passive_one_sided_sell,one_sided_mm,0,0,0,0,14,0,14,0,sell_take1_16,take1,552265.0,hold,8.0,552257.0,8.0,passive_inside_sell,,,
default,round1-day-1,-1,899800,50,50,long_40_59,9992,10002,10,9997.0,10000.333333333334,-3.0,cheap,0.6666666666666666,3.3333333333339397,buy_pressure,-3.0,False,steady,1,passive_one_sided_buy,one_sided_mm,0,0,0,9,0,9,0,0,hold,hold,502222.0,mm_join_12,0.0,502222.0,0.0,passive_inside_buy,,,
default,round1-day-1,-1,901900,56,56,long_40_59,9991,10000,9,9995.5,9998.615384615385,-4.5,cheap,0.6923076923076923,3.1153846153847553,buy_pressure,-0.5,False,steady,1,passive_one_sided_buy,one_sided_mm,0,0,0,6,0,6,0,0,hold,hold,562198.0,mm_join_12,0.0,562198.0,0.0,passive_inside_buy,,,
default,round1-day-1,-1,902000,56,56,long_40_59,9996,10006,10,10001.0,9997.666666666666,1.0,neutral,-0.6666666666666666,-3.3333333333339397,sell_pressure,5.5,True,shock,2,passive_two_sided,mm_inside,0,0,0,6,11,0,11,0,hold,hold,562198.0,mm_join_12,0.0,562198.0,0.0,,,,
default,round1-day-1,-1,903200,65,65,long_60_plus,9996,10007,11,10001.5,9999.666666666666,1.5,neutral,-0.3333333333333333,-1.8333333333339397,mixed_pressure,2.5,False,steady,2,passive_two_sided,mm_inside,0,0,0,9,14,0,14,0,hold,hold,652125.0,mm_join_12,0.0,652125.0,0.0,,,,
default,round1-day-1,-1,903300,65,65,long_60_plus,9991,10000,9,9995.5,9998.8,-4.5,cheap,0.7333333333333333,3.2999999999992724,buy_pressure,-6.0,True,shock,1,passive_one_sided_buy,one_sided_mm,0,0,0,6,0,6,0,0,hold,hold,652125.0,mm_join_12,0.0,652125.0,0.0,passive_inside_buy,,,
default,round1-day-1,-1,906900,62,62,long_60_plus,9996,10007,11,10001.5,9997.941176470587,1.5,neutral,-0.6470588235294118,-3.5588235294126207,sell_pressure,2.5,False,steady,2,passive_two_sided,mm_inside,0,0,0,9,14,0,14,0,sell_take1_16,take1,622077.0,hold,2.0,622075.0,2.0,,,,
default,round1-day-1,-1,909500,57,57,long_40_59,9996,10009,13,10002.5,9998.5,2.5,rich,-0.6153846153846154,-4.0,sell_pressure,4.5,True,shock,1,passive_one_sided_sell,one_sided_mm,0,0,0,0,11,0,11,0,sell_take1_16,take1,572045.0,hold,5.0,572040.0,5.0,passive_inside_sell,,,
default,round1-day-1,-1,909800,57,51,long_40_59,10000,10009,9,10004.5,10002.076923076924,4.5,rich,-0.5384615384615384,-2.4230769230762235,sell_pressure,5.5,True,shock,2,clear_sell,take1,0,6,6,0,11,0,11,1,sell_take1_16,take1,572040.0,hold,30.0,572040.0,0.0,take_b1,,,
default,round1-day-1,-1,910100,51,51,long_40_59,9991,10000,9,9995.5,9998.714285714286,-4.5,cheap,0.7142857142857143,3.214285714286234,buy_pressure,-3.5,True,shock,1,passive_one_sided_buy,one_sided_mm,0,0,0,6,0,6,0,0,hold,hold,512040.0,mm_join_12,0.0,512040.0,0.0,passive_inside_buy,,,
default,round1-day-1,-1,911500,57,57,long_40_59,9986,9998,12,9992.0,9996.285714285714,-8.0,cheap,0.7142857142857143,4.285714285713766,buy_pressure,-4.0,True,shock,2,passive_two_sided,mm_inside,0,0,0,6,11,6,0,0,hold,hold,571986.0,mm_join_12,0.0,571986.0,0.0,,,,
default,round1-day-1,-1,912300,57,57,long_40_59,9989,9999,10,9994.0,9995.875,-6.0,cheap,0.375,1.875,buy_pressure,-3.0,True,shock,2,passive_two_sided,mm_inside,0,0,0,6,11,6,0,0,hold,hold,571986.0,mm_join_12,0.0,571986.0,0.0,,,,
default,round1-day-1,-1,913700,59,59,long_40_59,9992,10003,11,9997.5,9995.4375,-2.5,cheap,-0.375,-2.0625,sell_pressure,2.5,False,steady,2,passive_two_sided,mm_inside,0,0,0,9,14,0,14,0,hold,hold,591921.0,mm_join_12,0.0,591921.0,0.0,,,,
default,round1-day-1,-1,913800,59,59,long_40_59,9987,9997,10,9992.0,9995.75,-8.0,cheap,0.75,3.75,buy_pressure,-5.5,True,shock,2,passive_two_sided,mm_inside,0,0,0,6,11,6,0,0,hold,hold,591921.0,mm_join_12,0.0,591921.0,0.0,,,,
default,round1-day-1,-1,917400,78,78,long_60_plus,9995,10006,11,10000.5,9997.357142857143,0.5,neutral,-0.5714285714285714,-3.142857142856883,sell_pressure,2.5,False,steady,2,passive_two_sided,mm_inside,0,0,0,2,14,0,14,0,hold,hold,781625.0,mm_join_12,0.0,781625.0,0.0,,,,
default,round1-day-1,-1,918500,78,78,long_60_plus,9990,9999,9,9994.5,9996.0,-5.5,cheap,0.3333333333333333,1.5,mixed_pressure,-3.5,True,shock,2,passive_two_sided,mm_inside,0,0,0,2,11,2,0,0,hold,hold,781625.0,mm_join_12,0.0,781625.0,0.0,,,,
default,round1-day-1,-1,919200,75,75,long_60_plus,9989,9998,9,9993.5,9995.75,-6.5,cheap,0.5,2.25,buy_pressure,-3.5,True,shock,2,passive_two_sided,mm_inside,0,0,0,5,11,5,0,0,hold,hold,751613.0,mm_join_12,0.0,751613.0,0.0,,,,
default,round1-day-1,-1,919400,75,75,long_60_plus,9994,10005,11,9999.5,9997.666666666666,-0.5,neutral,-0.3333333333333333,-1.8333333333339397,mixed_pressure,2.5,False,steady,2,passive_two_sided,mm_inside,0,0,0,5,14,0,14,0,hold,hold,751613.0,mm_join_12,0.0,751613.0,0.0,,,,
default,round1-day-1,-1,922800,76,76,long_60_plus,9995,10005,10,10000.0,9997.777777777777,0.0,neutral,-0.4444444444444444,-2.2222222222226264,sell_pressure,3.5,True,shock,2,passive_two_sided,mm_inside,0,0,0,4,11,0,11,0,hold,hold,761472.0,mm_join_12,0.0,761472.0,0.0,,,,
default,round1-day-1,-1,923200,76,76,long_60_plus,9995,10006,11,10000.5,9998.666666666666,0.5,neutral,-0.3333333333333333,-1.8333333333339397,mixed_pressure,2.5,False,steady,2,passive_two_sided,mm_inside,0,0,0,4,14,0,14,0,hold,hold,761472.0,mm_join_12,0.0,761472.0,0.0,,,,
default,round1-day-1,-1,923500,76,76,long_60_plus,9989,9998,9,9993.5,9996.875,-6.5,cheap,0.75,3.375,buy_pressure,-3.5,True,shock,2,passive_two_sided,mm_inside,0,0,0,4,11,4,0,0,hold,hold,761472.0,mm_join_12,0.0,761472.0,0.0,,,,
default,round1-day-1,-1,923700,76,76,long_60_plus,9995,10008,13,10001.5,9995.962962962964,1.5,neutral,-0.8518518518518519,-5.537037037036498,sell_pressure,5.5,True,shock,2,passive_two_sided,mm_inside,0,0,0,4,11,0,11,0,hold,hold,761472.0,mm_join_12,0.0,761472.0,0.0,,,,
default,round1-day-1,-1,923900,76,76,long_60_plus,9989,9999,10,9994.0,9996.894736842105,-6.0,cheap,0.5789473684210527,2.894736842104976,buy_pressure,-2.5,True,shock,1,passive_one_sided_buy,one_sided_mm,0,0,0,4,0,4,0,0,hold,hold,761472.0,mm_join_12,0.0,761472.0,0.0,passive_inside_buy,,,
default,round1-day-1,-1,926600,78,78,long_60_plus,9987,9999,12,9993.0,9997.714285714286,-7.0,cheap,0.7857142857142857,4.714285714286234,buy_pressure,-4.0,True,shock,2,passive_two_sided,mm_inside,0,0,0,2,11,2,0,0,hold,hold,781452.0,mm_join_12,0.0,781452.0,0.0,,,,
default,round1-day-1,-1,926900,78,78,long_60_plus,9994,10005,11,9999.5,9995.692307692309,-0.5,neutral,-0.6923076923076923,-3.807692307691468,sell_pressure,-5.5,True,shock,2,passive_two_sided,mm_inside,0,0,0,2,14,0,14,0,hold,hold,781452.0,mm_join_12,0.0,781452.0,0.0,,,,
default,round1-day-1,-1,927400,78,78,long_60_plus,9993,10004,11,9998.5,9996.235294117647,-1.5,neutral,-0.4117647058823529,-2.264705882353155,sell_pressure,2.5,False,steady,2,passive_two_sided,mm_inside,0,0,0,2,14,0,14,0,hold,hold,781452.0,mm_join_12,0.0,781452.0,0.0,,,,
default,round1-day-1,-1,928600,78,78,long_60_plus,9995,10005,10,10000.0,9997.5,0.0,neutral,-0.5,-2.5,sell_pressure,3.0,False,steady,2,passive_two_sided,mm_inside,0,0,0,2,14,0,14,0,sell_take1_16,take1,781452.0,hold,3.0,781449.0,3.0,,,,
default,round1-day-1,-1,929300,78,78,long_60_plus,9994,10005,11,9999.5,9995.833333333334,-0.5,neutral,-0.6666666666666666,-3.6666666666660603,sell_pressure,10.5,True,shock,2,passive_two_sided,mm_inside,0,0,0,2,14,0,14,0,hold,hold,781449.0,mm_join_12,0.0,781449.0,0.0,,,,
default,round1-day-1,-1,929700,78,78,long_60_plus,9994,10004,10,9999.0,9995.333333333334,-1.0,neutral,-0.7333333333333333,-3.6666666666660603,sell_pressure,2.0,False,steady,2,passive_two_sided,mm_inside,0,0,0,2,14,0,14,0,hold,hold,781449.0,mm_join_12,0.0,781449.0,0.0,,,,
default,round1-day-1,-1,931700,79,79,long_60_plus,9990,9999,9,9994.5,9997.615384615385,-5.5,cheap,0.6923076923076923,3.1153846153847553,buy_pressure,-3.5,True,shock,2,passive_two_sided,mm_inside,0,0,0,1,11,1,0,0,hold,hold,791398.0,mm_join_12,0.0,791398.0,0.0,,,,
default,round1-day-1,-1,935800,72,72,long_60_plus,9995,10006,11,10000.5,9996.29411764706,0.5,neutral,-0.7647058823529411,-4.2058823529405345,sell_pressure,2.5,False,steady,2,passive_two_sided,mm_inside,0,0,0,8,14,0,14,0,sell_take1_16,take1,721386.0,hold,2.0,721384.0,2.0,,,,
default,round1-day-1,-1,936100,72,72,long_60_plus,9990,9999,9,9994.5,9997.3125,-5.5,cheap,0.625,2.8125,buy_pressure,-3.0,False,steady,2,passive_two_sided,mm_inside,0,0,0,8,14,8,0,0,hold,hold,721384.0,mm_join_12,0.0,721384.0,0.0,,,,
default,round1-day-1,-1,936700,74,74,long_60_plus,9987,9999,12,9993.0,9997.285714285714,-7.0,cheap,0.7142857142857143,4.285714285713766,buy_pressure,-12.0,True,shock,1,passive_one_sided_buy,one_sided_mm,0,0,0,6,0,6,0,0,hold,hold,741292.0,mm_join_12,0.0,741292.0,0.0,passive_inside_buy,,,
default,round1-day-1,-1,940700,77,77,long_60_plus,9997,10010,13,10003.5,9998.0,3.5,rich,-0.8461538461538461,-5.5,sell_pressure,4.5,True,shock,1,passive_one_sided_sell,one_sided_mm,0,0,0,0,11,0,11,0,sell_take1_16,take1,771081.0,sell_take2_32,7.0,771069.0,12.0,passive_inside_sell,,,
default,round1-day-1,-1,943000,80,80,long_60_plus,9993,10002,9,9997.5,9999.882352941177,-2.5,cheap,0.5294117647058824,2.3823529411765776,buy_pressure,-2.5,False,steady,0,hold,hold,0,0,0,0,0,0,0,0,hold,hold,801067.0,mm_join_12,0.0,801067.0,0.0,,,,
default,round1-day-1,-1,949100,76,72,long_60_plus,10001,10011,10,10006.0,10003.35294117647,6.0,rich,-0.5294117647058824,-2.6470588235297328,sell_pressure,3.0,True,shock,2,clear_sell,take1,0,4,4,0,11,0,11,1,sell_take1_16,take1,761043.0,hold,20.0,761043.0,0.0,take_b1,,,
default,round1-day-1,-1,949200,72,70,long_60_plus,10001,10012,11,10006.5,10002.833333333334,6.5,rich,-0.6666666666666666,-3.6666666666660603,sell_pressure,0.5,True,shock,2,clear_sell,take1,0,2,2,0,11,0,11,1,sell_take2_32,take2,721039.0,sell_take1_16,6.0,721033.0,6.0,take_b1,,,
default,round1-day-1,-1,950800,70,68,long_60_plus,10001,10011,10,10006.0,10002.333333333334,6.0,rich,-0.7333333333333333,-3.6666666666660603,sell_pressure,4.0,True,shock,2,clear_sell,take1,0,2,2,0,11,0,11,1,sell_take1_16,take1,701031.0,hold,16.0,701031.0,0.0,take_b1,,,
default,round1-day-1,-1,952700,80,80,long_60_plus,9994,10004,10,9999.0,10001.5,-1.0,neutral,0.5,2.5,buy_pressure,-1.5,False,steady,1,passive_one_sided_sell,one_sided_mm,0,0,0,0,14,0,14,0,hold,hold,800945.0,mm_join_12,0.0,800945.0,0.0,passive_inside_sell,,,
default,round1-day-1,-1,956400,75,75,long_60_plus,10000,10011,11,10005.5,10001.57142857143,5.5,rich,-0.7142857142857143,-3.928571428570649,sell_pressure,3.5,True,shock,1,passive_one_sided_sell,one_sided_mm,0,0,0,0,11,0,11,0,hold,hold,750804.0,mm_join_12,0.0,750804.0,0.0,passive_inside_sell,,,
default,round1-day-1,-1,960200,75,75,long_60_plus,9997,10007,10,10002.0,10005.235294117647,2.0,rich,0.6470588235294118,3.235294117646845,buy_pressure,-3.0,False,steady,1,passive_one_sided_buy,one_sided_mm,0,0,0,5,0,5,0,0,hold,hold,750804.0,mm_join_12,0.0,750804.0,0.0,passive_inside_buy,,,
default,round1-day-1,-1,961500,75,75,long_60_plus,9999,10008,9,10003.5,10005.75,3.5,rich,0.5,2.25,buy_pressure,-1.5,False,steady,2,passive_two_sided,mm_inside,0,0,0,5,14,0,14,0,hold,hold,750804.0,mm_join_12,0.0,750804.0,0.0,,,,
default,round1-day-1,-1,963600,70,66,long_60_plus,10003,10016,13,10009.5,10005.08,9.5,rich,-0.68,-4.420000000000073,sell_pressure,4.5,True,shock,2,clear_sell,take1,0,4,4,0,11,0,11,1,sell_take1_16,take1,700734.0,hold,8.0,700734.0,0.0,take_b1,,,
default,round1-day-1,-1,964700,59,56,long_40_59,10002,10013,11,10007.5,10004.2,7.5,rich,-0.6,-3.2999999999992724,sell_pressure,3.5,True,shock,2,clear_sell,take1,0,3,3,0,11,0,11,1,sell_take1_16,take1,590680.0,hold,4.0,590680.0,0.0,take_b1,,,
default,round1-day-1,-1,966900,56,56,long_40_59,9995,10005,10,10000.0,10003.125,0.0,neutral,0.625,3.125,buy_pressure,-4.0,True,shock,1,passive_one_sided_buy,one_sided_mm,0,0,0,6,0,6,0,0,hold,hold,560674.0,mm_join_12,0.0,560674.0,0.0,passive_inside_buy,,,
default,round1-day-1,-1,967500,56,56,long_40_59,9993,10005,12,9999.0,10003.153846153846,-1.0,neutral,0.6923076923076923,4.153846153845734,buy_pressure,4.0,True,shock,2,passive_two_sided,mm_inside,0,0,0,9,14,9,14,0,hold,hold,560674.0,mm_join_12,0.0,560674.0,0.0,,,,
default,round1-day-1,-1,969700,68,68,long_60_plus,10000,10011,11,10005.5,10002.75,5.5,rich,-0.5,-2.75,sell_pressure,2.5,False,steady,1,passive_one_sided_sell,one_sided_mm,0,0,0,0,14,0,14,0,hold,hold,680620.0,mm_join_12,0.0,680620.0,0.0,passive_inside_sell,,,
default,round1-day-1,-1,970500,68,68,long_60_plus,10000,10011,11,10005.5,10001.941176470587,5.5,rich,-0.6470588235294118,-3.5588235294126207,sell_pressure,3.0,False,steady,1,passive_one_sided_sell,one_sided_mm,0,0,0,0,14,0,14,0,hold,hold,680620.0,mm_join_12,0.0,680620.0,0.0,passive_inside_sell,,,
default,round1-day-1,-1,971700,68,68,long_60_plus,9994,10004,10,9999.0,10001.857142857143,-1.0,neutral,0.5714285714285714,2.857142857143117,buy_pressure,-4.0,True,shock,1,passive_one_sided_buy,one_sided_mm,0,0,0,6,0,6,0,0,hold,hold,680620.0,mm_join_12,0.0,680620.0,0.0,passive_inside_buy,,,
default,round1-day-1,-1,973000,63,63,long_60_plus,9994,10004,10,9999.0,10002.57142857143,-1.0,neutral,0.7142857142857143,3.571428571429351,buy_pressure,-11.0,True,shock,2,passive_two_sided,mm_inside,0,0,0,9,14,9,14,0,hold,hold,630605.0,mm_join_12,0.0,630605.0,0.0,,,,
default,round1-day-1,-1,974800,65,65,long_60_plus,9993,10002,9,9997.5,9999.35294117647,-2.5,cheap,0.4117647058823529,1.8529411764702672,buy_pressure,-2.0,False,steady,1,passive_one_sided_buy,one_sided_mm,0,0,0,9,0,9,0,0,hold,hold,650595.0,mm_join_12,0.0,650595.0,0.0,passive_inside_buy,,,
default,round1-day-1,-1,974900,65,65,long_60_plus,9993,10002,9,9997.5,9999.35294117647,-2.5,cheap,0.4117647058823529,1.8529411764702672,buy_pressure,0.0,False,steady,1,passive_one_sided_buy,one_sided_mm,0,0,0,9,0,9,0,0,hold,hold,650595.0,mm_join_12,0.0,650595.0,0.0,passive_inside_buy,,,
default,round1-day-1,-1,976000,65,65,long_60_plus,9993,10003,10,9998.0,10000.333333333334,-2.0,cheap,0.4666666666666667,2.3333333333339397,buy_pressure,-5.0,True,shock,1,passive_one_sided_buy,one_sided_mm,0,0,0,6,0,6,0,0,hold,hold,650595.0,mm_join_12,0.0,650595.0,0.0,passive_inside_buy,,,
default,round1-day-1,-1,978100,65,65,long_60_plus,9991,10003,12,9997.0,10002.172413793103,-3.0,cheap,0.8620689655172413,5.17241379310326,buy_pressure,-5.0,True,shock,1,passive_one_sided_buy,one_sided_mm,0,0,0,6,0,6,0,0,hold,hold,650595.0,mm_join_12,0.0,650595.0,0.0,passive_inside_buy,,,
default,round1-day-1,-1,980800,65,65,long_60_plus,9996,10006,10,10001.0,10003.894736842105,1.0,neutral,0.5789473684210527,2.894736842104976,buy_pressure,-1.5,False,steady,1,passive_one_sided_buy,one_sided_mm,0,0,0,9,0,9,0,0,hold,hold,650595.0,mm_join_12,0.0,650595.0,0.0,passive_inside_buy,,,
default,round1-day-1,-1,981900,65,61,long_60_plus,10003,10014,11,10008.5,10005.588235294117,8.5,rich,-0.5294117647058824,-2.911764705882888,sell_pressure,2.5,True,shock,2,clear_sell,take1,0,4,4,0,11,0,11,1,sell_take1_16,take1,650595.0,hold,8.0,650595.0,0.0,take_b1,,,
default,round1-day-1,-1,983000,61,61,long_60_plus,9997,10006,9,10001.5,10004.941176470587,1.5,neutral,0.7647058823529411,3.4411764705873793,buy_pressure,-3.5,True,shock,2,passive_two_sided,mm_inside,0,0,0,6,11,6,11,0,hold,hold,610583.0,mm_join_12,0.0,610583.0,0.0,,,,
default,round1-day-1,-1,983700,61,61,long_60_plus,9996,10006,10,10001.0,10004.823529411764,1.0,neutral,0.7647058823529411,3.823529411763957,buy_pressure,-1.5,False,steady,1,passive_one_sided_buy,one_sided_mm,0,0,0,9,0,9,0,0,hold,hold,610583.0,mm_join_12,0.0,610583.0,0.0,passive_inside_buy,,,
default,round1-day-1,-1,984100,54,45,long_40_59,10006,10015,9,10010.5,10008.7,10.5,rich,-0.4,-1.7999999999992724,sell_pressure,6.5,True,shock,3,clear_sell,take1,0,18,18,0,11,0,11,1,sell_take1_16,take1,540506.0,hold,54.0,540506.0,0.0,take_b1,,,
default,round1-day-1,-1,984300,47,47,long_40_59,9996,10006,10,10001.0,10004.125,1.0,neutral,0.625,3.125,buy_pressure,-3.0,False,steady,1,passive_one_sided_buy,one_sided_mm,0,0,0,9,0,9,0,0,hold,hold,470446.0,mm_join_12,0.0,470446.0,0.0,passive_inside_buy,,,
default,round1-day-1,-1,989500,43,43,long_40_59,10000,10010,10,10005.0,10001.176470588236,5.0,rich,-0.7647058823529411,-3.823529411763957,sell_pressure,2.0,False,steady,1,passive_one_sided_sell,one_sided_mm,0,0,0,0,14,0,14,0,hold,hold,430340.0,mm_join_12,0.0,430340.0,0.0,passive_inside_sell,,,
default,round1-day-1,-1,995700,56,56,long_40_59,9994,10004,10,9999.0,10002.461538461539,-1.0,neutral,0.6923076923076923,3.4615384615390212,buy_pressure,-3.0,False,steady,1,passive_one_sided_buy,one_sided_mm,0,0,0,9,0,9,0,0,hold,hold,560231.0,mm_join_12,0.0,560231.0,0.0,passive_inside_buy,,,
default,round1-day-1,-1,998000,61,61,long_60_plus,9992,10004,12,9998.0,10002.125,-2.0,cheap,0.6875,4.125,buy_pressure,-3.5,True,shock,1,passive_one_sided_buy,one_sided_mm,0,0,0,6,0,6,0,0,hold,hold,610122.0,mm_join_12,0.0,610122.0,0.0,passive_inside_buy,,,
default,round1-day-1,-1,998100,61,56,long_60_plus,10000,10010,10,10005.0,10003.333333333334,5.0,rich,-0.3333333333333333,-1.6666666666660603,mixed_pressure,7.0,True,shock,2,clear_sell,take1,0,5,5,6,0,0,0,1,hold,hold,610122.0,mm_join_12,0.0,610112.0,10.0,take_b1,,,
default,round1-day-2,-2,1700,14,14,flat_19,9999,10010,11,10004.5,10001.2,4.5,rich,-0.6,-3.2999999999992724,sell_pressure,10.5,True,shock,1,passive_one_sided_sell,one_sided_mm,0,0,0,0,9,0,9,0,hold,hold,161330.0,mm_join_12,0.0,161330.0,0.0,passive_inside_sell,,,
default,round1-day-2,-2,2300,14,14,flat_19,10000,10011,11,10005.5,10003.4375,5.5,rich,-0.375,-2.0625,sell_pressure,3.5,True,shock,1,passive_one_sided_sell,one_sided_mm,0,0,0,0,9,0,9,0,hold,hold,161330.0,mm_join_12,0.0,161330.0,0.0,passive_inside_sell,,,
default,round1-day-2,-2,4800,6,6,flat_19,9995,10007,12,10001.0,10005.666666666666,1.0,neutral,0.7777777777777778,4.66666666666606,buy_pressure,-12.0,True,shock,1,passive_one_sided_buy,one_sided_mm,0,0,0,12,0,12,0,0,hold,hold,81250.0,mm_join_12,0.0,81250.0,0.0,passive_inside_buy,,,
default,round1-day-2,-2,5300,6,6,flat_19,10002,10012,10,10007.0,10004.105263157895,7.0,rich,-0.5789473684210527,-2.894736842104976,sell_pressure,3.5,True,shock,1,passive_one_sided_sell,one_sided_mm,0,0,0,0,9,0,9,0,hold,hold,81250.0,mm_join_12,0.0,81250.0,0.0,passive_inside_sell,,,
default,round1-day-2,-2,5800,6,6,flat_19,10001,10012,11,10006.5,10003.75,6.5,rich,-0.5,-2.75,sell_pressure,2.5,True,shock,1,passive_one_sided_sell,one_sided_mm,0,0,0,0,9,0,9,0,hold,hold,81250.0,mm_join_12,0.0,81250.0,0.0,passive_inside_sell,,,
default,round1-day-2,-2,6000,6,6,flat_19,9996,10006,10,10001.0,10004.333333333334,1.0,neutral,0.6666666666666666,3.3333333333339397,buy_pressure,-4.5,True,shock,1,passive_one_sided_buy,one_sided_mm,0,0,0,9,0,9,0,0,hold,hold,81250.0,mm_join_12,0.0,81250.0,0.0,passive_inside_buy,,,
default,round1-day-2,-2,7800,-2,-2,flat_19,10002,10015,13,10008.5,10004.08,8.5,rich,-0.68,-4.420000000000073,sell_pressure,5.0,True,shock,1,passive_one_sided_sell,one_sided_mm,0,0,0,0,9,0,9,0,hold,hold,1154.0,mm_join_12,0.0,1154.0,0.0,passive_inside_sell,,,
default,round1-day-2,-2,8900,-8,-8,flat_19,10003,10013,10,10008.0,10004.42857142857,8.0,rich,-0.7142857142857143,-3.571428571429351,sell_pressure,3.0,True,shock,1,passive_one_sided_sell,one_sided_mm,0,0,0,0,9,0,9,0,hold,hold,-58882.0,mm_join_12,0.0,-58882.0,0.0,passive_inside_sell,,,
default,round1-day-2,-2,10400,-8,-8,flat_19,10007,10017,10,10012.0,10010.333333333334,12.0,rich,-0.3333333333333333,-1.6666666666660603,mixed_pressure,3.0,True,shock,1,passive_one_sided_buy,one_sided_mm,0,0,0,9,0,0,0,0,sell_take1_16,take1,-58882.0,hold,7.0,-58889.0,7.0,passive_inside_buy,,,
default,round1-day-2,-2,11600,-8,-8,flat_19,10006,10017,11,10011.5,10009.235294117647,11.5,rich,-0.4117647058823529,-2.264705882353155,sell_pressure,1.5,True,shock,1,passive_one_sided_sell,one_sided_mm,0,0,0,0,9,0,9,0,sell_take1_16,take1,-58889.0,sell_take2_32,0.0,-58894.0,5.0,passive_inside_sell,,,
default,round1-day-2,-2,12400,-8,-8,flat_19,10006,10016,10,10011.0,10007.176470588236,11.0,rich,-0.7647058823529411,-3.823529411763957,sell_pressure,3.0,True,shock,1,passive_one_sided_sell,one_sided_mm,0,0,0,0,9,0,9,0,sell_take1_16,take1,-58894.0,hold,2.0,-58896.0,2.0,passive_inside_sell,,,
default,round1-day-2,-2,13100,-8,-8,flat_19,10006,10017,11,10011.5,10007.833333333334,11.5,rich,-0.6666666666666666,-3.6666666666660603,sell_pressure,2.5,True,shock,1,passive_one_sided_sell,one_sided_mm,0,0,0,0,9,0,9,0,sell_take1_16,take1,-58896.0,sell_take2_32,0.0,-58900.0,4.0,passive_inside_sell,,,
default,round1-day-2,-2,21400,-18,-18,flat_19,9996,10008,12,10002.0,10006.95652173913,2.0,rich,0.8260869565217391,4.956521739130039,buy_pressure,-6.0,True,shock,1,passive_one_sided_buy,one_sided_mm,0,0,0,9,0,9,0,0,hold,hold,-159224.0,mm_join_12,0.0,-159224.0,0.0,passive_inside_buy,,,
default,round1-day-2,-2,23000,-18,-18,flat_19,10004,10014,10,10009.0,10006.777777777777,9.0,rich,-0.4444444444444444,-2.2222222222226264,sell_pressure,3.0,True,shock,1,passive_one_sided_sell,one_sided_mm,0,0,0,0,9,0,9,0,hold,hold,-159230.0,mm_join_12,0.0,-159230.0,0.0,passive_inside_sell,,,
default,round1-day-2,-2,28400,-28,-28,short_20_39,10001,10011,10,10006.0,10002.538461538461,6.0,rich,-0.6923076923076923,-3.4615384615390212,sell_pressure,3.0,True,shock,1,passive_one_sided_sell,one_sided_mm,0,0,0,0,9,0,9,0,hold,hold,-259342.0,mm_join_12,0.0,-259342.0,0.0,passive_inside_sell,,,
default,round1-day-2,-2,28700,-28,-30,short_20_39,10000,10011,11,10005.5,10003.142857142857,5.5,rich,-0.42857142857142855,-2.357142857143117,sell_pressure,-5.5,True,shock,1,passive_one_sided_sell,one_sided_mm,0,0,0,0,9,0,9,0,mm_inside_12,mm_inside,-259342.0,mm_inside_20,0.0,-259342.0,0.0,passive_inside_sell,,,
default,round1-day-2,-2,33300,-75,-75,short_60_plus,10003,10013,10,10008.0,10004.666666666666,8.0,rich,-0.6666666666666666,-3.3333333333339397,sell_pressure,3.0,True,shock,2,passive_two_sided,mm_inside,0,0,0,11,5,0,5,0,hold,hold,-729756.0,mm_join_12,0.0,-729756.0,0.0,,,,
default,round1-day-2,-2,33400,-75,-75,short_60_plus,10003,10013,10,10008.0,10004.333333333334,8.0,rich,-0.7333333333333333,-3.6666666666660603,sell_pressure,0.0,True,shock,2,passive_two_sided,mm_inside,0,0,0,11,5,0,5,0,hold,hold,-729756.0,mm_join_12,0.0,-729756.0,0.0,,,,
default,round1-day-2,-2,35600,-75,-75,short_60_plus,9997,10006,9,10001.5,10003.923076923076,1.5,neutral,0.5384615384615384,2.4230769230762235,buy_pressure,7.5,True,shock,2,passive_two_sided,mm_inside,0,0,0,14,5,14,0,0,hold,hold,-729756.0,mm_join_12,0.0,-729756.0,0.0,,,,
default,round1-day-2,-2,37400,-80,-80,short_60_plus,10002,10013,11,10007.5,10004.75,7.5,rich,-0.5,-2.75,sell_pressure,3.5,True,shock,0,hold,hold,0,0,0,0,0,0,0,0,hold,hold,-779884.0,mm_join_12,0.0,-779884.0,0.0,,,,
default,round1-day-2,-2,38300,-80,-80,short_60_plus,9996,10006,10,10001.0,10003.222222222223,1.0,neutral,0.4444444444444444,2.2222222222226264,buy_pressure,-12.0,True,shock,1,passive_one_sided_buy,one_sided_mm,0,0,0,14,0,14,0,0,hold,hold,-779884.0,mm_join_12,0.0,-779884.0,0.0,passive_inside_buy,,,
default,round1-day-2,-2,39600,-80,-80,short_60_plus,10002,10013,11,10007.5,10004.75,7.5,rich,-0.5,-2.75,sell_pressure,2.5,True,shock,0,hold,hold,0,0,0,0,0,0,0,0,hold,hold,-779884.0,mm_join_12,0.0,-779884.0,0.0,,,,
default,round1-day-2,-2,40300,-80,-80,short_60_plus,10003,10013,10,10008.0,10005.142857142857,8.0,rich,-0.5714285714285714,-2.857142857143117,sell_pressure,2.0,True,shock,1,passive_one_sided_buy,one_sided_mm,0,0,0,11,0,0,0,0,hold,hold,-779884.0,mm_join_12,0.0,-779884.0,0.0,passive_inside_buy,,,
default,round1-day-2,-2,41100,-72,-72,short_60_plus,10002,10012,10,10007.0,10004.222222222223,7.0,rich,-0.5555555555555556,-2.7777777777773736,sell_pressure,7.5,True,shock,2,passive_two_sided,mm_inside,0,0,0,11,6,0,6,0,hold,hold,-699876.0,mm_join_12,0.0,-699876.0,0.0,,,,
default,round1-day-2,-2,42000,-75,-75,short_60_plus,9996,10006,10,10001.0,10003.333333333334,1.0,neutral,0.4666666666666667,2.3333333333339397,buy_pressure,-3.0,False,steady,2,passive_two_sided,mm_inside,0,0,0,14,5,14,0,0,buy_take1_16,take1,-729963.0,hold,22.0,-729985.0,22.0,,,,
default,round1-day-2,-2,42100,-75,-75,short_60_plus,10002,10015,13,10008.5,10004.6,8.5,rich,-0.6,-3.899999999999636,sell_pressure,7.5,True,shock,1,passive_one_sided_sell,one_sided_mm,0,0,0,0,5,0,5,0,hold,hold,-729985.0,mm_join_12,0.0,-729985.0,0.0,passive_inside_sell,,,
default,round1-day-2,-2,42500,-75,-75,short_60_plus,9994,10006,12,10000.0,10003.777777777777,0.0,neutral,0.6296296296296297,3.7777777777773736,buy_pressure,-4.0,True,shock,2,passive_two_sided,mm_inside,0,0,0,11,5,11,0,0,buy_take1_16,take1,-729985.0,hold,21.0,-730006.0,21.0,,,,
default,round1-day-2,-2,45000,-69,-69,short_60_plus,9995,10004,9,9999.5,10001.0,-0.5,neutral,0.3333333333333333,1.5,mixed_pressure,-11.5,True,shock,2,passive_two_sided,mm_inside,0,0,0,14,9,14,0,0,buy_take1_16,take1,-670025.0,buy_take2_32,17.0,-670059.0,34.0,,,,
default,round1-day-2,-2,46100,-73,-80,short_60_plus,10005,10014,9,10009.5,10007.727272727272,9.5,rich,-0.3939393939393939,-1.7727272727279342,sell_pressure,4.0,True,shock,1,take_sell,take1,0,7,7,0,0,0,0,1,hold,hold,-710110.0,mm_join_12,0.0,-710169.0,59.0,take_b1,,,
default,round1-day-2,-2,46700,-80,-80,short_60_plus,9994,10006,12,10000.0,10005.172413793103,0.0,neutral,0.8620689655172413,5.17241379310326,buy_pressure,-5.0,True,shock,1,passive_one_sided_buy,one_sided_mm,0,0,0,11,0,11,0,0,buy_take1_16,take1,-780185.0,buy_take2_32,19.0,-780206.0,21.0,passive_inside_buy,,,
default,round1-day-2,-2,49500,-80,-80,short_60_plus,9998,10007,9,10002.5,10005.2,2.5,rich,0.6,2.7000000000007276,buy_pressure,-2.5,False,steady,1,passive_one_sided_buy,one_sided_mm,0,0,0,14,0,14,0,0,buy_take1_16,take1,-780246.0,hold,6.0,-780252.0,6.0,passive_inside_buy,,,
default,round1-day-2,-2,50500,-80,-80,short_60_plus,10005,10018,13,10011.5,10005.92857142857,11.5,rich,-0.8571428571428571,-5.571428571429351,sell_pressure,4.5,True,shock,0,hold,hold,0,0,0,0,0,0,0,0,hold,hold,-780281.0,mm_join_12,0.0,-780281.0,0.0,,,,
default,round1-day-2,-2,51100,-80,-80,short_60_plus,10005,10018,13,10011.5,10006.857142857143,11.5,rich,-0.7142857142857143,-4.642857142856883,sell_pressure,4.5,True,shock,0,hold,hold,0,0,0,0,0,0,0,0,hold,hold,-780281.0,mm_join_12,0.0,-780281.0,0.0,,,,
default,round1-day-2,-2,55200,-70,-70,short_60_plus,10005,10018,13,10011.5,10006.695652173914,11.5,rich,-0.7391304347826086,-4.804347826086087,sell_pressure,4.5,True,shock,2,passive_two_sided,mm_inside,0,0,0,11,6,0,6,0,sell_take1_16,take1,-680281.0,hold,7.0,-680288.0,7.0,,,,
default,round1-day-2,-2,56500,-76,-76,short_60_plus,10002,10013,11,10007.5,10005.142857142857,7.5,rich,-0.42857142857142855,-2.357142857143117,sell_pressure,2.5,True,shock,2,passive_two_sided,mm_inside,0,0,0,11,4,0,4,0,sell_take1_16,take1,-740360.0,hold,8.0,-740368.0,8.0,,,,
default,round1-day-2,-2,58300,-70,-70,short_60_plus,9997,10006,9,10001.5,10003.42857142857,1.5,neutral,0.42857142857142855,1.928571428570649,buy_pressure,4.5,True,shock,2,passive_two_sided,mm_inside,0,0,0,14,9,14,0,0,hold,hold,-680374.0,mm_join_12,0.0,-680374.0,0.0,,,,
default,round1-day-2,-2,58500,-70,-70,short_60_plus,9994,10006,12,10000.0,10004.5,0.0,neutral,0.75,4.5,buy_pressure,-5.0,True,shock,2,passive_two_sided,mm_inside,0,0,0,11,6,11,0,0,hold,hold,-680374.0,mm_join_12,0.0,-680374.0,0.0,,,,
default,round1-day-2,-2,62400,-70,-70,short_60_plus,9999,10009,10,10004.0,10001.35294117647,4.0,rich,-0.5294117647058824,-2.6470588235297328,sell_pressure,3.0,False,steady,1,passive_one_sided_sell,one_sided_mm,0,0,0,0,9,0,9,0,hold,hold,-680374.0,mm_join_12,0.0,-680374.0,0.0,passive_inside_sell,,,
default,round1-day-2,-2,63200,-63,-63,short_60_plus,9993,10003,10,9998.0,10001.235294117647,-2.0,cheap,0.6470588235294118,3.235294117646845,buy_pressure,4.0,True,shock,1,passive_one_sided_sell,one_sided_mm,0,0,0,0,9,0,0,0,hold,hold,-610381.0,mm_join_12,0.0,-610381.0,0.0,passive_inside_sell,,,
default,round1-day-2,-2,63500,-63,-63,short_60_plus,9991,10003,12,9997.0,10001.153846153846,-3.0,cheap,0.6923076923076923,4.153846153845734,buy_pressure,-6.0,True,shock,1,passive_one_sided_buy,one_sided_mm,0,0,0,12,0,12,0,0,hold,hold,-610381.0,mm_join_12,0.0,-610381.0,0.0,passive_inside_buy,,,
default,round1-day-2,-2,64200,-63,-63,short_60_plus,9993,10003,10,9998.0,10000.368421052632,-2.0,cheap,0.47368421052631576,2.3684210526316747,buy_pressure,-3.0,False,steady,1,passive_one_sided_sell,one_sided_mm,0,0,0,0,9,0,0,0,hold,hold,-610381.0,mm_join_12,0.0,-610381.0,0.0,passive_inside_sell,,,
default,round1-day-2,-2,65100,-63,-63,short_60_plus,9997,10008,11,10002.5,9999.315789473685,2.5,rich,-0.5789473684210527,-3.184210526314928,sell_pressure,2.5,False,steady,2,passive_two_sided,mm_inside,0,0,0,14,9,14,9,0,hold,hold,-610381.0,mm_join_12,0.0,-610381.0,0.0,,,,
default,round1-day-2,-2,66800,-63,-59,short_60_plus,9990,9999,9,9994.5,9997.105263157895,-5.5,cheap,0.5789473684210527,2.605263157895024,buy_pressure,-3.5,True,shock,3,clear_buy,take1,8,0,8,12,0,12,0,1,buy_take1_16,take1,-610381.0,hold,4.0,-610381.0,0.0,take_a1,,,
default,round1-day-2,-2,67700,-51,-49,short_40_59,9987,9999,12,9993.0,9998.225806451614,-7.0,cheap,0.8709677419354839,5.225806451613607,buy_pressure,-3.5,True,shock,2,clear_buy,take1,2,0,2,12,0,12,0,1,buy_take1_16,take1,-490465.0,hold,2.0,-490465.0,0.0,take_a1,,,
default,round1-day-2,-2,71600,-44,-44,short_40_59,9996,10006,10,10001.0,9997.666666666666,1.0,neutral,-0.6666666666666666,-3.3333333333339397,sell_pressure,3.0,False,steady,1,passive_one_sided_sell,one_sided_mm,0,0,0,0,9,0,9,0,hold,hold,-420527.0,mm_join_12,0.0,-420527.0,0.0,passive_inside_sell,,,
default,round1-day-2,-2,72800,-36,-36,short_20_39,9990,10000,10,9995.0,9996.666666666666,-5.0,cheap,0.3333333333333333,1.6666666666660603,mixed_pressure,-8.5,True,shock,1,passive_one_sided_sell,one_sided_mm,0,0,0,0,9,0,0,0,hold,hold,-340601.0,mm_join_12,0.0,-340601.0,0.0,passive_inside_sell,,,
default,round1-day-2,-2,74600,-29,-29,short_20_39,9989,10001,12,9995.0,10000.25,-5.0,cheap,0.875,5.25,buy_pressure,-4.0,True,shock,1,passive_one_sided_buy,one_sided_mm,0,0,0,10,0,10,0,0,hold,hold,-270795.0,mm_join_12,0.0,-270795.0,0.0,passive_inside_buy,,,
default,round1-day-2,-2,75300,-29,-29,short_20_39,9991,10001,10,9996.0,9998.692307692309,-4.0,cheap,0.5384615384615384,2.692307692308532,buy_pressure,-3.5,True,shock,1,passive_one_sided_buy,one_sided_mm,0,0,0,10,0,10,0,0,hold,hold,-270795.0,mm_join_12,0.0,-270795.0,0.0,passive_inside_buy,,,
default,round1-day-2,-2,75600,-29,-29,short_20_39,9992,10001,9,9996.5,9999.615384615385,-3.5,cheap,0.6923076923076923,3.1153846153847553,buy_pressure,-3.5,True,shock,1,passive_one_sided_buy,one_sided_mm,0,0,0,10,0,10,0,0,hold,hold,-270795.0,mm_join_12,0.0,-270795.0,0.0,passive_inside_buy,,,
default,round1-day-2,-2,77700,-53,-59,short_40_59,10003,10012,9,10007.5,10004.8,7.5,rich,-0.6,-2.7000000000007276,sell_pressure,7.5,True,shock,3,take_sell,take1,0,6,6,11,6,0,6,1,sell_take1_16,take1,-510845.0,hold,18.0,-510845.0,0.0,take_b1,,,
default,round1-day-2,-2,85500,-72,-72,short_60_plus,9996,10006,10,10001.0,9998.5,1.0,neutral,-0.5,-2.5,sell_pressure,3.0,False,steady,1,passive_one_sided_sell,one_sided_mm,0,0,0,0,8,0,8,0,hold,hold,-701002.0,mm_join_12,0.0,-701002.0,0.0,passive_inside_sell,,,
default,round1-day-2,-2,86900,-68,-68,short_60_plus,10001,10010,9,10005.5,10002.666666666666,5.5,rich,-0.6296296296296297,-2.8333333333339397,sell_pressure,6.5,True,shock,1,passive_one_sided_sell,one_sided_mm,0,0,0,0,6,0,6,0,sell_take1_16,take1,-661088.0,hold,10.0,-661098.0,10.0,passive_inside_sell,,,
default,round1-day-2,-2,87800,-68,-68,short_60_plus,9996,10006,10,10001.0,9998.631578947368,1.0,neutral,-0.47368421052631576,-2.3684210526316747,sell_pressure,4.0,True,shock,1,passive_one_sided_sell,one_sided_mm,0,0,0,0,6,0,6,0,hold,hold,-661098.0,mm_join_12,0.0,-661098.0,0.0,passive_inside_sell,,,
default,round1-day-2,-2,93200,-59,-59,short_40_59,9994,10007,13,10000.5,9995.625,0.5,neutral,-0.75,-4.875,sell_pressure,5.5,True,shock,1,passive_one_sided_sell,one_sided_mm,0,0,0,0,6,0,6,0,hold,hold,-571170.0,mm_join_12,0.0,-571170.0,0.0,passive_inside_sell,,,
default,round1-day-2,-2,95600,-70,-68,short_60_plus,9989,9999,10,9994.0,9997.823529411764,-6.0,cheap,0.7647058823529411,3.823529411763957,buy_pressure,-12.0,True,shock,2,clear_buy,take1,2,0,2,12,0,12,0,1,hold,hold,-681203.0,mm_join_12,0.0,-681203.0,0.0,take_a1,,,
default,round1-day-2,-2,95900,-68,-63,short_60_plus,9989,9999,10,9994.0,9995.666666666666,-6.0,cheap,0.3333333333333333,1.6666666666660603,mixed_pressure,-3.0,True,shock,2,clear_buy,take1,5,0,5,0,6,0,0,1,hold,hold,-661205.0,mm_join_12,0.0,-661205.0,0.0,take_a1,,,
default,round1-day-2,-2,96000,-63,-63,short_60_plus,9995,10006,11,10000.5,9996.833333333334,0.5,neutral,-0.6666666666666666,-3.6666666666660603,sell_pressure,6.5,True,shock,1,passive_one_sided_sell,one_sided_mm,0,0,0,0,6,0,6,0,hold,hold,-611210.0,mm_join_12,0.0,-611210.0,0.0,passive_inside_sell,,,
default,round1-day-2,-2,97600,-65,-62,short_60_plus,9987,9999,12,9993.0,9997.90909090909,-7.0,cheap,0.8181818181818182,4.909090909090082,buy_pressure,-4.0,True,shock,2,clear_buy,take1,3,0,3,12,0,12,0,1,hold,hold,-631291.0,mm_join_12,0.0,-631291.0,0.0,take_a1,,,
default,round1-day-2,-2,97900,-62,-62,short_60_plus,9995,10006,11,10000.5,9996.833333333334,0.5,neutral,-0.6666666666666666,-3.6666666666660603,sell_pressure,2.0,False,steady,2,passive_two_sided,mm_inside,0,0,0,14,9,14,9,0,hold,hold,-601294.0,mm_join_12,0.0,-601294.0,0.0,,,,
default,round1-day-2,-2,100100,-59,-59,short_40_59,9993,10003,10,9998.0,9994.875,-2.0,cheap,-0.625,-3.125,sell_pressure,3.0,False,steady,1,passive_one_sided_sell,one_sided_mm,0,0,0,0,9,0,9,0,mm_inside_12,mm_inside,-571321.0,mm_inside_20,0.0,-571321.0,0.0,passive_inside_sell,,,
default,round1-day-2,-2,100600,-55,-55,short_40_59,9991,10002,11,9996.5,9992.692307692309,-3.5,cheap,-0.6923076923076923,-3.807692307691468,sell_pressure,2.0,False,steady,1,passive_one_sided_sell,one_sided_mm,0,0,0,0,9,0,9,0,hold,hold,-531368.0,mm_join_12,0.0,-531368.0,0.0,passive_inside_sell,,,
default,round1-day-2,-2,102400,-60,-60,short_60_plus,9990,10001,11,9995.5,9992.894736842105,-4.5,cheap,-0.47368421052631576,-2.605263157895024,sell_pressure,10.5,True,shock,1,passive_one_sided_sell,one_sided_mm,0,0,0,0,6,0,0,0,hold,hold,-581368.0,mm_join_12,0.0,-581368.0,0.0,passive_inside_sell,,,
default,round1-day-2,-2,102700,-60,-60,short_60_plus,9991,10004,13,9997.5,9993.5,-2.5,cheap,-0.6153846153846154,-4.0,sell_pressure,4.5,True,shock,1,passive_one_sided_sell,one_sided_mm,0,0,0,0,6,0,6,0,hold,hold,-581368.0,mm_join_12,0.0,-581368.0,0.0,passive_inside_sell,,,
default,round1-day-2,-2,103400,-51,-48,short_40_59,9987,9996,9,9991.5,9993.923076923076,-8.5,cheap,0.5384615384615384,2.4230769230762235,buy_pressure,2.5,True,shock,3,clear_buy,take1,6,0,6,12,0,12,0,1,buy_take1_16,take1,-491440.0,hold,9.0,-491440.0,0.0,take_a1,,,
default,round1-day-2,-2,105300,-47,-47,short_40_59,9995,10005,10,10000.0,9997.666666666666,0.0,neutral,-0.4666666666666667,-2.3333333333339397,sell_pressure,4.0,True,shock,1,passive_one_sided_sell,one_sided_mm,0,0,0,0,6,0,6,0,hold,hold,-451548.0,mm_join_12,0.0,-451548.0,0.0,passive_inside_sell,,,
default,round1-day-2,-2,106200,-43,-43,short_40_59,9990,9999,9,9994.5,9996.5,-5.5,cheap,0.4444444444444444,2.0,buy_pressure,-2.0,False,steady,1,passive_one_sided_buy,one_sided_mm,0,0,0,15,0,15,0,0,hold,hold,-411588.0,mm_join_12,0.0,-411588.0,0.0,passive_inside_buy,,,
default,round1-day-2,-2,108800,-31,-22,short_20_39,9990,10000,10,9995.0,9998.125,-5.0,cheap,0.625,3.125,buy_pressure,-2.0,False,steady,1,passive_one_sided_buy,one_sided_mm,0,0,0,13,0,13,0,0,mm_inside_12,mm_inside,-291666.0,mm_inside_20,0.0,-291666.0,0.0,passive_inside_buy,,,
default,round1-day-2,-2,111500,-22,-22,short_20_39,9997,10007,10,10002.0,9998.176470588236,2.0,rich,-0.7647058823529411,-3.823529411763957,sell_pressure,3.0,False,steady,1,passive_one_sided_buy,one_sided_mm,0,0,0,12,0,0,0,0,hold,hold,-201747.0,mm_join_12,0.0,-201747.0,0.0,passive_inside_buy,,,
default,round1-day-2,-2,112900,-11,-11,flat_19,10000,10011,11,10005.5,10001.375,5.5,rich,-0.75,-4.125,sell_pressure,2.5,False,steady,1,passive_one_sided_sell,one_sided_mm,0,0,0,0,12,0,12,0,sell_take1_16,take1,-91812.0,hold,2.0,-91814.0,2.0,passive_inside_sell,,,
default,round1-day-2,-2,113400,-6,-6,flat_19,9994,10004,10,9999.0,10001.368421052632,-1.0,neutral,0.47368421052631576,2.3684210526316747,buy_pressure,-5.0,True,shock,1,passive_one_sided_buy,one_sided_mm,0,0,0,9,0,9,0,0,hold,hold,-41834.0,mm_join_12,0.0,-41834.0,0.0,passive_inside_buy,,,
default,round1-day-2,-2,114000,-10,-10,flat_19,10000,10013,13,10006.5,10001.733333333334,6.5,rich,-0.7333333333333333,-4.766666666666424,sell_pressure,12.5,True,shock,1,passive_one_sided_sell,one_sided_mm,0,0,0,0,9,0,9,0,sell_take1_16,take1,-81870.0,hold,4.0,-81874.0,4.0,passive_inside_sell,,,
default,round1-day-2,-2,115500,-19,-19,flat_19,9999,10009,10,10004.0,10000.666666666666,4.0,rich,-0.6666666666666666,-3.3333333333339397,sell_pressure,2.0,False,steady,1,passive_one_sided_sell,one_sided_mm,0,0,0,0,12,0,12,0,hold,hold,-171975.0,mm_join_12,0.0,-171975.0,0.0,passive_inside_sell,,,
default,round1-day-2,-2,117600,-19,-19,flat_19,9999,10010,11,10004.5,10000.941176470587,4.5,rich,-0.6470588235294118,-3.5588235294126207,sell_pressure,3.5,True,shock,1,passive_one_sided_sell,one_sided_mm,0,0,0,0,9,0,9,0,hold,hold,-171975.0,mm_join_12,0.0,-171975.0,0.0,passive_inside_sell,,,
default,round1-day-2,-2,117900,-19,-23,flat_19,10004,10013,9,10008.5,10005.5,8.5,rich,-0.6666666666666666,-3.0,sell_pressure,14.5,True,shock,2,take_sell,take1,0,4,4,0,9,0,9,1,sell_take1_16,take1,-171975.0,hold,24.0,-171975.0,0.0,take_b1,,,
default,round1-day-2,-2,119500,-24,-24,short_20_39,9993,10003,10,9998.0,9999.666666666666,-2.0,cheap,0.3333333333333333,1.6666666666660603,mixed_pressure,-3.0,False,steady,1,passive_one_sided_sell,one_sided_mm,0,0,0,0,12,0,0,0,hold,hold,-222045.0,mm_join_12,0.0,-222045.0,0.0,passive_inside_sell,,,
default,round1-day-2,-2,119900,-24,-24,short_20_39,9994,10003,9,9998.5,10000.75,-1.5,neutral,0.5,2.25,buy_pressure,-3.5,True,shock,2,passive_two_sided,mm_inside,0,0,0,9,9,9,0,0,hold,hold,-222045.0,mm_join_12,0.0,-222045.0,0.0,,,,
default,round1-day-2,-2,123300,-35,-35,short_20_39,9991,10003,12,9997.0,10002.2,-3.0,cheap,0.8666666666666667,5.200000000000728,buy_pressure,-4.5,True,shock,1,passive_one_sided_buy,one_sided_mm,0,0,0,10,0,10,0,0,hold,hold,-332195.0,mm_join_12,0.0,-332195.0,0.0,passive_inside_buy,,,
default,round1-day-2,-2,128800,-35,-35,short_20_39,9989,9998,9,9993.5,9996.5,-6.5,cheap,0.6666666666666666,3.0,buy_pressure,-3.5,True,shock,1,passive_one_sided_buy,one_sided_mm,0,0,0,10,0,10,0,0,buy_take1_16,take1,-332240.0,hold,3.0,-332243.0,3.0,passive_inside_buy,,,
default,round1-day-2,-2,129400,-35,-35,short_20_39,9993,10003,10,9998.0,9994.333333333334,-2.0,cheap,-0.7333333333333333,-3.6666666666660603,sell_pressure,10.0,True,shock,1,passive_one_sided_sell,one_sided_mm,0,0,0,0,12,0,12,0,hold,hold,-332243.0,mm_join_12,0.0,-332243.0,0.0,passive_inside_sell,,,
default,round1-day-2,-2,131600,-35,-35,short_20_39,9995,10006,11,10000.5,9997.538461538461,0.5,neutral,-0.5384615384615384,-2.9615384615390212,sell_pressure,2.5,False,steady,1,passive_one_sided_sell,one_sided_mm,0,0,0,0,12,0,12,0,hold,hold,-332243.0,mm_join_12,0.0,-332243.0,0.0,passive_inside_sell,,,
default,round1-day-2,-2,131700,-35,-35,short_20_39,9990,9999,9,9994.5,9997.875,-5.5,cheap,0.75,3.375,buy_pressure,-6.0,True,shock,1,passive_one_sided_buy,one_sided_mm,0,0,0,10,0,10,0,0,hold,hold,-332243.0,mm_join_12,0.0,-332243.0,0.0,passive_inside_buy,,,
default,round1-day-2,-2,139700,-13,-13,flat_19,9997,10007,10,10002.0,9999.666666666666,2.0,rich,-0.4666666666666667,-2.3333333333339397,sell_pressure,8.0,True,shock,0,hold,hold,0,0,0,0,0,0,0,0,hold,hold,-112450.0,mm_join_12,0.0,-112450.0,0.0,,,,
default,round1-day-2,-2,140300,-13,-13,flat_19,9993,10002,9,9997.5,10000.0,-2.5,cheap,0.5555555555555556,2.5,buy_pressure,-2.5,False,steady,1,passive_one_sided_buy,one_sided_mm,0,0,0,13,0,13,0,0,hold,hold,-112450.0,mm_join_12,0.0,-112450.0,0.0,passive_inside_buy,,,
default,round1-day-2,-2,141000,-13,-13,flat_19,9999,10009,10,10004.0,10000.538461538461,4.0,rich,-0.6923076923076923,-3.4615384615390212,sell_pressure,8.0,True,shock,1,passive_one_sided_sell,one_sided_mm,0,0,0,0,9,0,9,0,sell_take1_16,take1,-112450.0,hold,1.0,-112451.0,1.0,passive_inside_sell,,,
default,round1-day-2,-2,142000,-17,-17,flat_19,9999,10009,10,10004.0,10001.35294117647,4.0,rich,-0.5294117647058824,-2.6470588235297328,sell_pressure,2.0,False,steady,1,passive_one_sided_sell,one_sided_mm,0,0,0,0,12,0,12,0,sell_take1_16,take1,-152463.0,hold,2.0,-152465.0,2.0,passive_inside_sell,,,
default,round1-day-2,-2,142500,-17,-17,flat_19,9998,10008,10,10003.0,10000.857142857143,3.0,rich,-0.42857142857142855,-2.142857142856883,sell_pressure,3.0,False,steady,1,passive_one_sided_sell,one_sided_mm,0,0,0,0,12,0,12,0,hold,hold,-152465.0,mm_join_12,0.0,-152465.0,0.0,passive_inside_sell,,,
default,round1-day-2,-2,142700,-17,-17,flat_19,9990,10002,12,9996.0,10000.125,-4.0,cheap,0.6875,4.125,buy_pressure,-4.0,True,shock,1,passive_one_sided_buy,one_sided_mm,0,0,0,10,0,10,0,0,hold,hold,-152465.0,mm_join_12,0.0,-152465.0,0.0,passive_inside_buy,,,
default,round1-day-2,-2,143900,-17,-17,flat_19,9994,10003,9,9998.5,10001.07142857143,-1.5,neutral,0.5714285714285714,2.571428571429351,buy_pressure,-11.5,True,shock,2,passive_two_sided,mm_inside,0,0,0,12,12,12,0,0,hold,hold,-152465.0,mm_join_12,0.0,-152465.0,0.0,,,,
default,round1-day-2,-2,147000,-17,-17,flat_19,9998,10009,11,10003.5,9999.833333333334,3.5,rich,-0.6666666666666666,-3.6666666666660603,sell_pressure,3.5,True,shock,1,passive_one_sided_sell,one_sided_mm,0,0,0,0,9,0,9,0,hold,hold,-152465.0,mm_join_12,0.0,-152465.0,0.0,passive_inside_sell,,,
default,round1-day-2,-2,147400,-17,-17,flat_19,9998,10008,10,10003.0,9999.764705882353,3.0,rich,-0.6470588235294118,-3.235294117646845,sell_pressure,4.0,True,shock,1,passive_one_sided_sell,one_sided_mm,0,0,0,0,9,0,9,0,hold,hold,-152465.0,mm_join_12,0.0,-152465.0,0.0,passive_inside_sell,,,
default,round1-day-2,-2,148900,-17,-17,flat_19,9991,10000,9,9995.5,9998.615384615385,-4.5,cheap,0.6923076923076923,3.1153846153847553,buy_pressure,-3.5,True,shock,1,passive_one_sided_buy,one_sided_mm,0,0,0,10,0,10,0,0,hold,hold,-152465.0,mm_join_12,0.0,-152465.0,0.0,passive_inside_buy,,,
default,round1-day-2,-2,152600,-23,-23,short_20_39,9992,10002,10,9997.0,9999.368421052632,-3.0,cheap,0.47368421052631576,2.3684210526316747,buy_pressure,-4.0,True,shock,1,passive_one_sided_buy,one_sided_mm,0,0,0,10,0,10,0,0,hold,hold,-212501.0,mm_join_12,0.0,-212501.0,0.0,passive_inside_buy,,,
default,round1-day-2,-2,154900,-23,-23,short_20_39,9992,10001,9,9996.5,9998.1875,-3.5,cheap,0.375,1.6875,buy_pressure,-2.5,False,steady,1,passive_one_sided_buy,one_sided_mm,0,0,0,13,0,13,0,0,hold,hold,-212501.0,mm_join_12,0.0,-212501.0,0.0,passive_inside_buy,,,
default,round1-day-2,-2,155300,-23,-23,short_20_39,9991,10000,9,9995.5,9998.2,-4.5,cheap,0.6,2.7000000000007276,buy_pressure,-3.5,True,shock,1,passive_one_sided_buy,one_sided_mm,0,0,0,10,0,10,0,0,hold,hold,-212501.0,mm_join_12,0.0,-212501.0,0.0,passive_inside_buy,,,
default,round1-day-2,-2,156500,-23,-23,short_20_39,9995,10008,13,10001.5,9996.529411764706,1.5,neutral,-0.7647058823529411,-4.97058823529369,sell_pressure,3.0,False,steady,1,passive_one_sided_sell,one_sided_mm,0,0,0,0,12,0,12,0,hold,hold,-212501.0,mm_join_12,0.0,-212501.0,0.0,passive_inside_sell,,,
default,round1-day-2,-2,156600,-23,-23,short_20_39,9989,9999,10,9994.0,9997.333333333334,-6.0,cheap,0.6666666666666666,3.3333333333339397,buy_pressure,-7.5,True,shock,1,passive_one_sided_buy,one_sided_mm,0,0,0,10,0,10,0,0,hold,hold,-212501.0,mm_join_12,0.0,-212501.0,0.0,passive_inside_buy,,,
default,round1-day-2,-2,160500,-31,-31,short_20_39,9988,9997,9,9992.5,9994.923076923076,-7.5,cheap,0.5384615384615384,2.4230769230762235,buy_pressure,-11.5,True,shock,1,passive_one_sided_buy,one_sided_mm,0,0,0,10,0,10,0,0,buy_take1_16,take1,-292528.0,hold,3.0,-292531.0,3.0,passive_inside_buy,,,
default,round1-day-2,-2,160900,-31,-31,short_20_39,9994,10007,13,10000.5,9996.09677419355,0.5,neutral,-0.6774193548387096,-4.403225806450791,sell_pressure,3.5,True,shock,1,passive_one_sided_sell,one_sided_mm,0,0,0,0,9,0,9,0,hold,hold,-292531.0,mm_join_12,0.0,-292531.0,0.0,passive_inside_sell,,,
default,round1-day-2,-2,164900,-33,-33,short_20_39,9990,9999,9,9994.5,9996.923076923076,-5.5,cheap,0.5384615384615384,2.4230769230762235,buy_pressure,-3.5,True,shock,1,passive_one_sided_buy,one_sided_mm,0,0,0,10,0,10,0,0,hold,hold,-312539.0,mm_join_12,0.0,-312539.0,0.0,passive_inside_buy,,,
default,round1-day-2,-2,168400,-33,-33,short_20_39,9997,10007,10,10002.0,9998.333333333334,2.0,rich,-0.7333333333333333,-3.6666666666660603,sell_pressure,3.0,False,steady,0,hold,hold,0,0,0,0,0,0,0,0,hold,hold,-312539.0,mm_join_12,0.0,-312539.0,0.0,,,,
default,round1-day-2,-2,168600,-33,-33,short_20_39,9996,10007,11,10001.5,9998.315789473685,1.5,neutral,-0.5789473684210527,-3.184210526314928,sell_pressure,2.5,False,steady,2,passive_two_sided,mm_inside,0,0,0,12,12,12,12,0,hold,hold,-312539.0,mm_join_12,0.0,-312539.0,0.0,,,,
default,round1-day-2,-2,168700,-33,-33,short_20_39,9996,10009,13,10002.5,9997.911764705883,2.5,rich,-0.7058823529411765,-4.588235294117112,sell_pressure,1.0,False,steady,1,passive_one_sided_sell,one_sided_mm,0,0,0,0,12,0,12,0,hold,hold,-312539.0,mm_join_12,0.0,-312539.0,0.0,passive_inside_sell,,,
default,round1-day-2,-2,171200,-33,-33,short_20_39,9992,10001,9,9996.5,9999.714285714286,-3.5,cheap,0.7142857142857143,3.214285714286234,buy_pressure,-3.5,True,shock,1,passive_one_sided_buy,one_sided_mm,0,0,0,10,0,10,0,0,hold,hold,-312551.0,mm_join_12,0.0,-312551.0,0.0,passive_inside_buy,,,
default,round1-day-2,-2,171900,-41,-41,short_40_59,9992,10002,10,9997.0,10000.0,-3.0,cheap,0.6,3.0,buy_pressure,-4.0,True,shock,1,passive_one_sided_buy,one_sided_mm,0,0,0,10,0,10,0,0,hold,hold,-392559.0,mm_join_12,0.0,-392559.0,0.0,passive_inside_buy,,,
default,round1-day-2,-2,172100,-41,-41,short_40_59,9991,10001,10,9996.0,9997.666666666666,-4.0,cheap,0.3333333333333333,1.6666666666660603,mixed_pressure,-4.0,True,shock,1,passive_one_sided_sell,one_sided_mm,0,0,0,0,9,0,0,0,hold,hold,-392559.0,mm_join_12,0.0,-392559.0,0.0,passive_inside_sell,,,
default,round1-day-2,-2,172500,-41,-41,short_40_59,9997,10007,10,10002.0,9998.42857142857,2.0,rich,-0.7142857142857143,-3.571428571429351,sell_pressure,2.0,False,steady,1,passive_one_sided_buy,one_sided_mm,0,0,0,12,0,12,0,0,hold,hold,-392559.0,mm_join_12,0.0,-392559.0,0.0,passive_inside_buy,,,
default,round1-day-2,-2,172800,-41,-41,short_40_59,9991,10000,9,9995.5,9998.0,-4.5,cheap,0.5555555555555556,2.5,buy_pressure,-2.5,False,steady,1,passive_one_sided_buy,one_sided_mm,0,0,0,13,0,13,0,0,hold,hold,-392559.0,mm_join_12,0.0,-392559.0,0.0,passive_inside_buy,,,
default,round1-day-2,-2,173400,-41,-41,short_40_59,9991,10001,10,9996.0,9998.333333333334,-4.0,cheap,0.4666666666666667,2.3333333333339397,buy_pressure,-3.0,False,steady,1,passive_one_sided_buy,one_sided_mm,0,0,0,13,0,13,0,0,hold,hold,-392559.0,mm_join_12,0.0,-392559.0,0.0,passive_inside_buy,,,
default,round1-day-2,-2,173500,-41,-41,short_40_59,10001,10010,9,10005.5,10003.90322580645,5.5,rich,-0.3548387096774194,-1.5967741935492086,sell_pressure,9.5,True,shock,1,passive_one_sided_sell,one_sided_mm,0,0,0,0,9,0,9,0,sell_take1_16,take1,-392559.0,hold,30.0,-392589.0,30.0,passive_inside_sell,,,
default,round1-day-2,-2,175000,-39,-39,short_20_39,9998,10008,10,10003.0,10000.631578947368,3.0,rich,-0.47368421052631576,-2.3684210526316747,sell_pressure,3.0,False,steady,1,passive_one_sided_sell,one_sided_mm,0,0,0,0,12,0,12,0,hold,hold,-372642.0,mm_join_12,0.0,-372642.0,0.0,passive_inside_sell,,,
default,round1-day-2,-2,175800,-35,-35,short_20_39,9993,10003,10,9998.0,10000.5,-2.0,cheap,0.5,2.5,buy_pressure,-13.0,True,shock,1,passive_one_sided_sell,one_sided_mm,0,0,0,0,12,0,0,0,hold,hold,-332698.0,mm_join_12,0.0,-332698.0,0.0,passive_inside_sell,,,
default,round1-day-2,-2,176300,-35,-35,short_20_39,9992,10002,10,9997.0,9999.058823529413,-3.0,cheap,0.4117647058823529,2.0588235294126207,buy_pressure,-4.0,True,shock,1,passive_one_sided_buy,one_sided_mm,0,0,0,10,0,10,0,0,hold,hold,-332698.0,mm_join_12,0.0,-332698.0,0.0,passive_inside_buy,,,
default,round1-day-2,-2,176800,-35,-35,short_20_39,9997,10007,10,10002.0,9999.631578947368,2.0,rich,-0.47368421052631576,-2.3684210526316747,sell_pressure,3.0,False,steady,0,hold,hold,0,0,0,0,0,0,0,0,hold,hold,-332698.0,mm_join_12,0.0,-332698.0,0.0,,,,
default,round1-day-2,-2,180000,-45,-45,short_40_59,9993,10002,9,9997.5,9999.0,-2.5,cheap,0.3333333333333333,1.5,mixed_pressure,-3.5,True,shock,1,passive_one_sided_sell,one_sided_mm,0,0,0,0,6,0,0,0,hold,hold,-432778.0,mm_join_12,0.0,-432778.0,0.0,passive_inside_sell,,,
default,round1-day-2,-2,181700,-45,-45,short_40_59,9992,10001,9,9996.5,9999.411764705883,-3.5,cheap,0.6470588235294118,2.911764705882888,buy_pressure,-2.5,False,steady,1,passive_one_sided_buy,one_sided_mm,0,0,0,15,0,15,0,0,hold,hold,-432778.0,mm_join_12,0.0,-432778.0,0.0,passive_inside_buy,,,
default,round1-day-2,-2,181800,-45,-45,short_40_59,9998,10008,10,10003.0,9999.666666666666,3.0,rich,-0.6666666666666666,-3.3333333333339397,sell_pressure,6.5,True,shock,1,passive_one_sided_sell,one_sided_mm,0,0,0,0,6,0,6,0,hold,hold,-432778.0,mm_join_12,0.0,-432778.0,0.0,passive_inside_sell,,,
default,round1-day-2,-2,186900,-52,-52,short_40_59,9997,10008,11,10002.5,9998.375,2.5,rich,-0.75,-4.125,sell_pressure,2.5,False,steady,2,passive_two_sided,mm_inside,0,0,0,14,9,14,9,0,hold,hold,-502987.0,mm_join_12,0.0,-502987.0,0.0,,,,
default,round1-day-2,-2,187300,-52,-52,short_40_59,9998,10008,10,10003.0,10000.941176470587,3.0,rich,-0.4117647058823529,-2.0588235294126207,sell_pressure,3.0,False,steady,1,passive_one_sided_sell,one_sided_mm,0,0,0,0,9,0,9,0,sell_take1_16,take1,-502987.0,hold,5.0,-502992.0,5.0,passive_inside_sell,,,
default,round1-day-2,-2,191800,-49,-49,short_40_59,9996,10007,11,10001.5,9997.941176470587,1.5,neutral,-0.6470588235294118,-3.5588235294126207,sell_pressure,1.5,False,steady,2,passive_two_sided,mm_inside,0,0,0,14,9,14,9,0,hold,hold,-473064.0,mm_join_12,0.0,-473064.0,0.0,,,,
default,round1-day-2,-2,193100,-45,-45,short_40_59,9995,10008,13,10001.5,9997.03125,1.5,neutral,-0.6875,-4.46875,sell_pressure,3.5,True,shock,2,passive_two_sided,mm_inside,0,0,0,11,6,11,6,0,hold,hold,-433125.0,mm_join_12,0.0,-433125.0,0.0,,,,
default,round1-day-2,-2,193800,-45,-45,short_40_59,9995,10006,11,10000.5,9997.357142857143,0.5,neutral,-0.5714285714285714,-3.142857142856883,sell_pressure,10.5,True,shock,2,passive_two_sided,mm_inside,0,0,0,14,9,14,9,0,hold,hold,-433125.0,mm_join_12,0.0,-433125.0,0.0,,,,
default,round1-day-2,-2,196100,-36,-36,short_20_39,9993,10004,11,9998.5,9995.538461538461,-1.5,neutral,-0.5384615384615384,-2.9615384615390212,sell_pressure,2.5,False,steady,1,passive_one_sided_sell,one_sided_mm,0,0,0,0,12,0,12,0,hold,hold,-343223.0,mm_join_12,0.0,-343223.0,0.0,passive_inside_sell,,,
default,round1-day-2,-2,197200,-33,-33,short_20_39,9986,9996,10,9991.0,9994.57142857143,-9.0,cheap,0.7142857142857143,3.571428571429351,buy_pressure,-4.0,True,shock,1,passive_one_sided_buy,one_sided_mm,0,0,0,10,0,10,0,0,buy_take1_16,take1,-313259.0,hold,2.0,-313261.0,2.0,passive_inside_buy,,,
default,round1-day-2,-2,197700,-33,-33,short_20_39,9986,9996,10,9991.0,9994.666666666666,-9.0,cheap,0.7333333333333333,3.6666666666660603,buy_pressure,-3.0,True,shock,1,passive_one_sided_buy,one_sided_mm,0,0,0,10,0,10,0,0,buy_take1_16,take1,-313261.0,hold,2.0,-313263.0,2.0,passive_inside_buy,,,
default,round1-day-2,-2,198600,-33,-33,short_20_39,9986,9995,9,9990.5,9992.882352941177,-9.5,cheap,0.5294117647058824,2.3823529411765776,buy_pressure,-3.5,True,shock,1,passive_one_sided_buy,one_sided_mm,0,0,0,10,0,10,0,0,buy_take1_16,take1,-313263.0,hold,8.0,-313271.0,8.0,passive_inside_buy,,,
default,round1-day-2,-2,203500,-26,-26,short_20_39,9986,9996,10,9991.0,9994.125,-9.0,cheap,0.625,3.125,buy_pressure,-4.0,True,shock,1,passive_one_sided_buy,one_sided_mm,0,0,0,10,0,10,0,0,buy_take1_16,take1,-243379.0,hold,9.0,-243388.0,9.0,passive_inside_buy,,,
default,round1-day-2,-2,207900,-25,-25,short_20_39,9987,9996,9,9991.5,9994.8,-8.5,cheap,0.7333333333333333,3.2999999999992724,buy_pressure,-3.5,True,shock,1,passive_one_sided_buy,one_sided_mm,0,0,0,10,0,10,0,0,buy_take1_16,take1,-233434.0,buy_take2_32,0.0,-233436.0,2.0,passive_inside_buy,,,
default,round1-day-2,-2,209000,-34,-34,short_20_39,9993,10006,13,9999.5,9994.695652173914,-0.5,neutral,-0.7391304347826086,-4.804347826086087,sell_pressure,2.5,False,steady,1,passive_one_sided_sell,one_sided_mm,0,0,0,0,12,0,12,0,hold,hold,-323454.0,mm_join_12,0.0,-323454.0,0.0,passive_inside_sell,,,
default,round1-day-2,-2,210400,-34,-34,short_20_39,9988,9997,9,9992.5,9995.875,-7.5,cheap,0.75,3.375,buy_pressure,-4.5,True,shock,1,passive_one_sided_buy,one_sided_mm,0,0,0,10,0,10,0,0,buy_take1_16,take1,-323454.0,hold,2.0,-323456.0,2.0,passive_inside_buy,,,
default,round1-day-2,-2,210700,-34,-34,short_20_39,9987,9997,10,9992.0,9995.823529411764,-8.0,cheap,0.7647058823529411,3.823529411763957,buy_pressure,-3.0,True,shock,1,passive_one_sided_buy,one_sided_mm,0,0,0,10,0,10,0,0,buy_take1_16,take1,-323456.0,hold,2.0,-323458.0,2.0,passive_inside_buy,,,
default,round1-day-2,-2,211300,-32,-32,short_20_39,9986,9996,10,9991.0,9994.823529411764,-9.0,cheap,0.7647058823529411,3.823529411763957,buy_pressure,-5.0,True,shock,1,passive_one_sided_buy,one_sided_mm,0,0,0,10,0,10,0,0,buy_take1_16,take1,-303482.0,hold,4.0,-303486.0,4.0,passive_inside_buy,,,
default,round1-day-2,-2,218400,-27,-27,short_20_39,9996,10006,10,10001.0,9998.857142857143,1.0,neutral,-0.42857142857142855,-2.142857142856883,sell_pressure,3.0,False,steady,1,passive_one_sided_sell,one_sided_mm,0,0,0,0,12,0,12,0,hold,hold,-253585.0,mm_join_12,0.0,-253585.0,0.0,passive_inside_sell,,,
default,round1-day-2,-2,220600,-31,-31,short_20_39,9996,10007,11,10001.5,9999.142857142857,1.5,neutral,-0.42857142857142855,-2.357142857143117,sell_pressure,0.5,False,steady,2,passive_two_sided,mm_inside,0,0,0,12,12,12,12,0,hold,hold,-293589.0,mm_join_12,0.0,-293589.0,0.0,,,,
default,round1-day-2,-2,221200,-38,-35,short_20_39,9992,10001,9,9996.5,9999.105263157895,-3.5,cheap,0.5789473684210527,2.605263157895024,buy_pressure,-11.5,True,shock,1,passive_one_sided_buy,one_sided_mm,0,0,0,10,0,10,0,0,mm_inside_12,mm_inside,-363603.0,mm_inside_20,0.0,-363603.0,0.0,passive_inside_buy,,,
default,round1-day-2,-2,221400,-35,-35,short_20_39,9992,10001,9,9996.5,9998.42857142857,-3.5,cheap,0.42857142857142855,1.928571428570649,buy_pressure,-3.5,True,shock,1,passive_one_sided_buy,one_sided_mm,0,0,0,10,0,10,0,0,hold,hold,-333624.0,mm_join_12,0.0,-333624.0,0.0,passive_inside_buy,,,
default,round1-day-2,-2,224300,-35,-35,short_20_39,9998,10009,11,10003.5,10000.2,3.5,rich,-0.6,-3.2999999999992724,sell_pressure,2.5,False,steady,1,passive_one_sided_sell,one_sided_mm,0,0,0,0,12,0,12,0,sell_take1_16,take1,-333691.0,hold,3.0,-333694.0,3.0,passive_inside_sell,,,
default,round1-day-2,-2,225100,-35,-35,short_20_39,9997,10007,10,10002.0,9998.25,2.0,rich,-0.75,-3.75,sell_pressure,3.0,False,steady,0,hold,hold,0,0,0,0,0,0,0,0,hold,hold,-333694.0,mm_join_12,0.0,-333694.0,0.0,,,,
default,round1-day-2,-2,226800,-35,-35,short_20_39,9995,10008,13,10001.5,9995.962962962964,1.5,neutral,-0.8518518518518519,-5.537037037036498,sell_pressure,3.5,True,shock,2,passive_two_sided,mm_inside,0,0,0,9,9,9,9,0,hold,hold,-333764.0,mm_join_12,0.0,-333764.0,0.0,,,,
default,round1-day-2,-2,226900,-35,-35,short_20_39,9987,9999,12,9993.0,9998.111111111111,-7.0,cheap,0.8518518518518519,5.111111111111313,buy_pressure,-8.5,True,shock,1,passive_one_sided_buy,one_sided_mm,0,0,0,10,0,10,0,0,hold,hold,-333764.0,mm_join_12,0.0,-333764.0,0.0,passive_inside_buy,,,
default,round1-day-2,-2,228100,-35,-35,short_20_39,9991,10001,10,9996.0,9999.0,-4.0,cheap,0.6,3.0,buy_pressure,-4.0,True,shock,1,passive_one_sided_buy,one_sided_mm,0,0,0,10,0,10,0,0,hold,hold,-333764.0,mm_join_12,0.0,-333764.0,0.0,passive_inside_buy,,,
default,round1-day-2,-2,228400,-28,-28,short_20_39,9996,10007,11,10001.5,9997.466666666667,1.5,neutral,-0.7333333333333333,-4.033333333332848,sell_pressure,5.5,True,shock,2,passive_two_sided,mm_inside,0,0,0,12,12,12,12,0,hold,hold,-263792.0,mm_join_12,0.0,-263792.0,0.0,,,,
default,round1-day-2,-2,229100,-28,-28,short_20_39,9997,10008,11,10002.5,9999.75,2.5,rich,-0.5,-2.75,sell_pressure,2.5,False,steady,1,passive_one_sided_sell,one_sided_mm,0,0,0,0,12,0,12,0,hold,hold,-263792.0,mm_join_12,0.0,-263792.0,0.0,passive_inside_sell,,,
default,round1-day-2,-2,230100,-28,-28,short_20_39,9997,10007,10,10002.0,10000.333333333334,2.0,rich,-0.3333333333333333,-1.6666666666660603,mixed_pressure,2.0,False,steady,1,passive_one_sided_buy,one_sided_mm,0,0,0,12,0,0,0,0,sell_take1_16,take1,-263792.0,hold,1.0,-263793.0,1.0,passive_inside_buy,,,
default,round1-day-2,-2,230300,-28,-28,short_20_39,9997,10010,13,10003.5,9998.857142857143,3.5,rich,-0.7142857142857143,-4.642857142856883,sell_pressure,4.5,True,shock,1,passive_one_sided_sell,one_sided_mm,0,0,0,0,9,0,9,0,sell_take1_16,take1,-263793.0,hold,2.0,-263795.0,2.0,passive_inside_sell,,,
default,round1-day-2,-2,230700,-28,-28,short_20_39,9997,10007,10,10002.0,10000.125,2.0,rich,-0.375,-1.875,sell_pressure,3.0,False,steady,0,hold,hold,0,0,0,0,0,0,0,0,sell_take1_16,take1,-263795.0,hold,5.0,-263800.0,5.0,,,,
default,round1-day-2,-2,231600,-28,-28,short_20_39,9990,10000,10,9995.0,9997.777777777777,-5.0,cheap,0.5555555555555556,2.7777777777773736,buy_pressure,-11.0,True,shock,1,passive_one_sided_buy,one_sided_mm,0,0,0,10,0,10,0,0,hold,hold,-263828.0,mm_join_12,0.0,-263828.0,0.0,passive_inside_buy,,,
default,round1-day-2,-2,232100,-32,-30,short_20_39,9990,10000,10,9995.0,9997.894736842105,-5.0,cheap,0.5789473684210527,2.894736842104976,buy_pressure,-3.0,False,steady,1,passive_one_sided_buy,one_sided_mm,0,0,0,13,0,13,0,0,mm_inside_12,mm_inside,-303848.0,mm_inside_20,0.0,-303848.0,0.0,passive_inside_buy,,,
default,round1-day-2,-2,232600,-30,-30,short_20_39,9991,10000,9,9995.5,9997.75,-4.5,cheap,0.5,2.25,buy_pressure,-3.5,True,shock,1,passive_one_sided_buy,one_sided_mm,0,0,0,10,0,10,0,0,hold,hold,-283866.0,mm_join_12,0.0,-283866.0,0.0,passive_inside_buy,,,
default,round1-day-2,-2,233900,-30,-30,short_20_39,9988,9998,10,9993.0,9996.823529411764,-7.0,cheap,0.7647058823529411,3.823529411763957,buy_pressure,-4.0,True,shock,1,passive_one_sided_buy,one_sided_mm,0,0,0,10,0,10,0,0,hold,hold,-283866.0,mm_join_12,0.0,-283866.0,0.0,passive_inside_buy,,,
default,round1-day-2,-2,238200,-31,-31,short_20_39,9989,9999,10,9994.0,9997.461538461539,-6.0,cheap,0.6923076923076923,3.4615384615390212,buy_pressure,-4.0,True,shock,1,passive_one_sided_buy,one_sided_mm,0,0,0,10,0,10,0,0,hold,hold,-294021.0,mm_join_12,0.0,-294021.0,0.0,passive_inside_buy,,,
default,round1-day-2,-2,239900,-25,-25,short_20_39,9999,10008,9,10003.5,10001.076923076924,3.5,rich,-0.5384615384615384,-2.4230769230762235,sell_pressure,5.5,True,shock,1,passive_one_sided_sell,one_sided_mm,0,0,0,0,9,0,9,0,sell_take1_16,take1,-234049.0,hold,27.0,-234076.0,27.0,passive_inside_sell,,,
default,round1-day-2,-2,242200,-25,-25,short_20_39,9995,10005,10,10000.0,9997.35294117647,0.0,neutral,-0.5294117647058824,-2.6470588235297328,sell_pressure,2.0,False,steady,1,passive_one_sided_sell,one_sided_mm,0,0,0,0,12,0,12,0,hold,hold,-234076.0,mm_join_12,0.0,-234076.0,0.0,passive_inside_sell,,,
default,round1-day-2,-2,242800,-24,-24,short_20_39,9994,10007,13,10000.5,9995.3,0.5,neutral,-0.8,-5.200000000000728,sell_pressure,5.0,True,shock,1,passive_one_sided_sell,one_sided_mm,0,0,0,0,9,0,9,0,hold,hold,-224177.0,mm_join_12,0.0,-224177.0,0.0,passive_inside_sell,,,
default,round1-day-2,-2,245300,-26,-26,short_20_39,9996,10009,13,10002.5,9997.083333333334,2.5,rich,-0.8333333333333334,-5.41666666666606,sell_pressure,4.5,True,shock,1,passive_one_sided_sell,one_sided_mm,0,0,0,0,9,0,9,0,hold,hold,-244185.0,mm_join_12,0.0,-244185.0,0.0,passive_inside_sell,,,
default,round1-day-2,-2,246600,-30,-30,short_20_39,9991,10000,9,9995.5,9997.631578947368,-4.5,cheap,0.47368421052631576,2.1315789473683253,buy_pressure,-8.0,True,shock,1,passive_one_sided_buy,one_sided_mm,0,0,0,10,0,10,0,0,hold,hold,-284212.0,mm_join_12,0.0,-284212.0,0.0,passive_inside_buy,,,
default,round1-day-2,-2,247200,-30,-30,short_20_39,9991,10000,9,9995.5,9998.714285714286,-4.5,cheap,0.7142857142857143,3.214285714286234,buy_pressure,-3.5,True,shock,1,passive_one_sided_buy,one_sided_mm,0,0,0,10,0,10,0,0,hold,hold,-284212.0,mm_join_12,0.0,-284212.0,0.0,passive_inside_buy,,,
default,round1-day-2,-2,247700,-30,-30,short_20_39,9992,10001,9,9996.5,9999.5,-3.5,cheap,0.6666666666666666,3.0,buy_pressure,-4.0,True,shock,1,passive_one_sided_buy,one_sided_mm,0,0,0,10,0,10,0,0,hold,hold,-284212.0,mm_join_12,0.0,-284212.0,0.0,passive_inside_buy,,,
default,round1-day-2,-2,248700,-27,-27,short_20_39,9990,10000,10,9995.0,9998.125,-5.0,cheap,0.625,3.125,buy_pressure,-3.0,False,steady,1,passive_one_sided_buy,one_sided_mm,0,0,0,13,0,13,0,0,hold,hold,-254224.0,mm_join_12,0.0,-254224.0,0.0,passive_inside_buy,,,
default,round1-day-2,-2,249200,-27,-27,short_20_39,10000,10009,9,10004.5,10001.363636363636,4.5,rich,-0.696969696969697,-3.136363636363967,sell_pressure,7.5,True,shock,1,passive_one_sided_sell,one_sided_mm,0,0,0,0,9,0,9,0,sell_take1_16,take1,-254224.0,hold,20.0,-254244.0,20.0,passive_inside_sell,,,
default,round1-day-2,-2,250800,-23,-23,short_20_39,9991,10001,10,9996.0,9999.75,-4.0,cheap,0.75,3.75,buy_pressure,-3.0,False,steady,1,passive_one_sided_buy,one_sided_mm,0,0,0,13,0,13,0,0,hold,hold,-214280.0,mm_join_12,0.0,-214280.0,0.0,passive_inside_buy,,,
default,round1-day-2,-2,251200,-23,-23,short_20_39,9997,10008,11,10002.5,9998.375,2.5,rich,-0.75,-4.125,sell_pressure,3.5,True,shock,1,passive_one_sided_sell,one_sided_mm,0,0,0,0,9,0,9,0,sell_take1_16,take1,-214280.0,hold,2.0,-214282.0,2.0,passive_inside_sell,,,
default,round1-day-2,-2,254400,-27,-25,short_20_39,9995,10006,11,10000.5,9996.833333333334,0.5,neutral,-0.6666666666666666,-3.6666666666660603,sell_pressure,-5.5,True,shock,2,passive_two_sided,mm_inside,0,0,0,12,12,12,12,0,hold,hold,-254310.0,mm_join_12,0.0,-254310.0,0.0,,,,
default,round1-day-2,-2,258000,-28,-28,short_20_39,9994,10004,10,9999.0,9995.333333333334,-1.0,neutral,-0.7333333333333333,-3.6666666666660603,sell_pressure,2.0,False,steady,1,passive_one_sided_sell,one_sided_mm,0,0,0,0,12,0,12,0,hold,hold,-264353.0,mm_join_12,0.0,-264353.0,0.0,passive_inside_sell,,,
default,round1-day-2,-2,259900,-22,-22,short_20_39,9987,9997,10,9992.0,9994.777777777777,-8.0,cheap,0.5555555555555556,2.7777777777773736,buy_pressure,-3.0,True,shock,1,passive_one_sided_buy,one_sided_mm,0,0,0,10,0,10,0,0,hold,hold,-204395.0,mm_join_12,0.0,-204395.0,0.0,passive_inside_buy,,,
default,round1-day-2,-2,263700,-27,-27,short_20_39,9986,9995,9,9990.5,9993.105263157895,-9.5,cheap,0.5789473684210527,2.605263157895024,buy_pressure,-5.0,True,shock,1,passive_one_sided_buy,one_sided_mm,0,0,0,10,0,10,0,0,buy_take1_16,take1,-254492.0,hold,4.0,-254496.0,4.0,passive_inside_buy,,,
default,round1-day-2,-2,264000,-27,-27,short_20_39,9991,10002,11,9996.5,9994.055555555555,-3.5,cheap,-0.4444444444444444,-2.444444444445253,sell_pressure,3.5,True,shock,1,passive_one_sided_sell,one_sided_mm,0,0,0,0,9,0,9,0,hold,hold,-254496.0,mm_join_12,0.0,-254496.0,0.0,passive_inside_sell,,,
default,round1-day-2,-2,264700,-27,-27,short_20_39,9991,10001,10,9996.0,9993.0,-4.0,cheap,-0.6,-3.0,sell_pressure,4.0,True,shock,1,passive_one_sided_sell,one_sided_mm,0,0,0,0,9,0,9,0,hold,hold,-254496.0,mm_join_12,0.0,-254496.0,0.0,passive_inside_sell,,,
default,round1-day-2,-2,265500,-27,-27,short_20_39,9990,10001,11,9995.5,9992.75,-4.5,cheap,-0.5,-2.75,sell_pressure,4.0,True,shock,1,passive_one_sided_sell,one_sided_mm,0,0,0,0,9,0,9,0,hold,hold,-254496.0,mm_join_12,0.0,-254496.0,0.0,passive_inside_sell,,,
default,round1-day-2,-2,265800,-27,-27,short_20_39,9983,9995,12,9989.0,9992.857142857143,-11.0,cheap,0.6428571428571429,3.857142857143117,buy_pressure,-5.0,True,shock,1,passive_one_sided_buy,one_sided_mm,0,0,0,10,0,10,0,0,buy_take1_16,take1,-254496.0,hold,5.0,-254501.0,5.0,passive_inside_buy,,,
default,round1-day-2,-2,266100,-27,-27,short_20_39,9994,10003,9,9998.5,9996.076923076924,-1.5,neutral,-0.5384615384615384,-2.4230769230762235,sell_pressure,5.5,True,shock,1,passive_one_sided_sell,one_sided_mm,0,0,0,0,9,0,9,0,hold,hold,-254501.0,mm_join_12,0.0,-254501.0,0.0,passive_inside_sell,,,
default,round1-day-2,-2,267400,-17,-17,flat_19,9990,10003,13,9996.5,9992.32142857143,-3.5,cheap,-0.6428571428571429,-4.178571428570649,sell_pressure,-4.5,True,shock,1,passive_one_sided_sell,one_sided_mm,0,0,0,0,9,0,0,0,hold,hold,-154591.0,mm_join_12,0.0,-154591.0,0.0,passive_inside_sell,,,
default,round1-day-2,-2,269200,8,8,flat_19,9991,10001,10,9996.0,9993.941176470587,-4.0,cheap,-0.4117647058823529,-2.0588235294126207,sell_pressure,3.0,False,steady,1,passive_one_sided_sell,one_sided_mm,0,0,0,0,12,0,12,0,hold,hold,95259.0,mm_join_12,0.0,95259.0,0.0,passive_inside_sell,,,
default,round1-day-2,-2,270900,6,6,flat_19,9992,10002,10,9997.0,9993.176470588236,-3.0,cheap,-0.7647058823529411,-3.823529411763957,sell_pressure,3.5,True,shock,1,passive_one_sided_sell,one_sided_mm,0,0,0,0,9,0,9,0,hold,hold,75257.0,mm_join_12,0.0,75257.0,0.0,passive_inside_sell,,,
default,round1-day-2,-2,273600,11,11,flat_19,9986,9996,10,9991.0,9992.666666666666,-9.0,cheap,0.3333333333333333,1.6666666666660603,mixed_pressure,-4.0,True,shock,1,passive_one_sided_sell,one_sided_mm,0,0,0,0,9,0,0,0,hold,hold,125212.0,mm_join_12,0.0,125212.0,0.0,passive_inside_sell,,,
default,round1-day-2,-2,274100,11,11,flat_19,9986,9996,10,9991.0,9994.823529411764,-9.0,cheap,0.7647058823529411,3.823529411763957,buy_pressure,-3.0,True,shock,1,passive_one_sided_buy,one_sided_mm,0,0,0,10,0,10,0,0,hold,hold,125212.0,mm_join_12,0.0,125212.0,0.0,passive_inside_buy,,,
default,round1-day-2,-2,276200,16,16,flat_19,9993,10003,10,9998.0,9995.631578947368,-2.0,cheap,-0.47368421052631576,-2.3684210526316747,sell_pressure,3.0,False,steady,1,passive_one_sided_sell,one_sided_mm,0,0,0,0,12,0,12,0,hold,hold,175142.0,mm_join_12,0.0,175142.0,0.0,passive_inside_sell,,,
default,round1-day-2,-2,278700,16,16,flat_19,9983,9992,9,9987.5,9990.5,-12.5,cheap,0.6666666666666666,3.0,buy_pressure,-3.5,True,shock,1,passive_one_sided_buy,one_sided_mm,0,0,0,10,0,10,0,0,buy_take1_16,take1,175142.0,hold,12.0,175130.0,12.0,passive_inside_buy,,,
default,round1-day-2,-2,282100,18,18,flat_19,9985,9995,10,9990.0,9993.823529411764,-10.0,cheap,0.7647058823529411,3.823529411763957,buy_pressure,-8.0,True,shock,1,passive_one_sided_buy,one_sided_mm,0,0,0,10,0,10,0,0,buy_take1_16,take1,195023.0,hold,2.0,195021.0,2.0,passive_inside_buy,,,
default,round1-day-2,-2,283300,12,12,flat_19,9987,9996,9,9991.5,9993.42857142857,-8.5,cheap,0.42857142857142855,1.928571428570649,buy_pressure,-3.5,True,shock,1,passive_one_sided_buy,one_sided_mm,0,0,0,10,0,10,0,0,hold,hold,135015.0,mm_join_12,0.0,135015.0,0.0,passive_inside_buy,,,
default,round1-day-2,-2,289500,21,21,long_20_39,9991,10002,11,9996.5,9992.375,-3.5,cheap,-0.75,-4.125,sell_pressure,2.5,False,steady,1,passive_one_sided_sell,one_sided_mm,0,0,0,0,12,0,12,0,hold,hold,224817.0,mm_join_12,0.0,224817.0,0.0,passive_inside_sell,,,
default,round1-day-2,-2,290200,21,21,long_20_39,9982,9994,12,9988.0,9991.6,-12.0,cheap,0.6,3.600000000000364,buy_pressure,3.0,True,shock,1,passive_one_sided_buy,one_sided_mm,0,0,0,10,0,10,0,0,buy_take1_16,take1,224817.0,hold,10.0,224807.0,10.0,passive_inside_buy,,,
default,round1-day-2,-2,291700,28,28,long_20_39,9991,10002,11,9996.5,9993.75,-3.5,cheap,-0.5,-2.75,sell_pressure,2.5,False,steady,1,passive_one_sided_sell,one_sided_mm,0,0,0,0,12,0,12,0,hold,hold,294716.0,mm_join_12,0.0,294716.0,0.0,passive_inside_sell,,,
default,round1-day-2,-2,294700,37,37,long_20_39,9997,10006,9,10001.5,9999.076923076924,1.5,neutral,-0.5384615384615384,-2.4230769230762235,sell_pressure,6.5,True,shock,1,passive_one_sided_sell,one_sided_mm,0,0,0,0,9,0,9,0,sell_take1_16,take1,384634.0,hold,6.0,384628.0,6.0,passive_inside_sell,,,
default,round1-day-2,-2,295200,37,37,long_20_39,9992,10002,10,9997.0,9993.333333333334,-3.0,cheap,-0.7333333333333333,-3.6666666666660603,sell_pressure,2.0,False,steady,1,passive_one_sided_sell,one_sided_mm,0,0,0,0,12,0,12,0,hold,hold,384628.0,mm_join_12,0.0,384628.0,0.0,passive_inside_sell,,,
default,round1-day-2,-2,295400,37,31,long_20_39,9991,10001,10,9996.0,9992.42857142857,-4.0,cheap,-0.7142857142857143,-3.571428571429351,sell_pressure,1.0,False,steady,1,passive_one_sided_sell,one_sided_mm,0,0,0,0,12,0,12,0,mm_inside_12,mm_inside,384628.0,mm_inside_20,0.0,384628.0,0.0,passive_inside_sell,,,
default,round1-day-2,-2,295500,31,31,long_20_39,9991,10001,10,9996.0,9992.666666666666,-4.0,cheap,-0.6666666666666666,-3.3333333333339397,sell_pressure,0.0,False,steady,1,passive_one_sided_sell,one_sided_mm,0,0,0,0,12,0,12,0,hold,hold,324628.0,mm_join_12,0.0,324628.0,0.0,passive_inside_sell,,,
default,round1-day-2,-2,296200,31,31,long_20_39,9992,10003,11,9997.5,9994.588235294117,-2.5,cheap,-0.5294117647058824,-2.911764705882888,sell_pressure,3.5,True,shock,1,passive_one_sided_sell,one_sided_mm,0,0,0,0,9,0,9,0,hold,hold,324628.0,mm_join_12,0.0,324628.0,0.0,passive_inside_sell,,,
default,round1-day-2,-2,296500,31,31,long_20_39,9992,10005,13,9998.5,9993.969696969696,-1.5,neutral,-0.696969696969697,-4.530303030303912,sell_pressure,11.5,True,shock,1,passive_one_sided_sell,one_sided_mm,0,0,0,0,12,0,12,0,hold,hold,324628.0,mm_join_12,0.0,324628.0,0.0,passive_inside_sell,,,
default,round1-day-2,-2,297000,31,31,long_20_39,9992,10003,11,9997.5,9995.142857142857,-2.5,cheap,-0.42857142857142855,-2.357142857143117,sell_pressure,2.5,False,steady,1,passive_one_sided_sell,one_sided_mm,0,0,0,0,12,0,12,0,hold,hold,324628.0,mm_join_12,0.0,324628.0,0.0,passive_inside_sell,,,
default,round1-day-2,-2,298100,25,25,long_20_39,9986,9996,10,9991.0,9993.222222222223,-9.0,cheap,0.4444444444444444,2.2222222222226264,buy_pressure,-2.5,True,shock,1,passive_one_sided_buy,one_sided_mm,0,0,0,10,0,10,0,0,hold,hold,264616.0,mm_join_12,0.0,264616.0,0.0,passive_inside_buy,,,
default,round1-day-2,-2,303900,47,47,long_40_59,9993,10002,9,9997.5,9994.551724137931,-2.5,cheap,-0.6551724137931034,-2.94827586206884,sell_pressure,5.0,True,shock,1,passive_one_sided_sell,one_sided_mm,0,0,0,0,11,0,11,0,hold,hold,484324.0,mm_join_12,0.0,484324.0,0.0,passive_inside_sell,,,
default,round1-day-2,-2,310600,51,51,long_40_59,9988,9999,11,9993.5,9990.2,-6.5,cheap,-0.6,-3.2999999999992724,sell_pressure,3.5,True,shock,2,passive_two_sided,mm_inside,0,0,0,6,11,0,11,0,hold,hold,524126.0,mm_join_12,0.0,524126.0,0.0,,,,
default,round1-day-2,-2,310800,51,51,long_40_59,9988,9998,10,9993.0,9990.941176470587,-7.0,cheap,-0.4117647058823529,-2.0588235294126207,sell_pressure,2.0,True,shock,2,passive_two_sided,mm_inside,0,0,0,6,11,0,11,0,hold,hold,524126.0,mm_join_12,0.0,524126.0,0.0,,,,
default,round1-day-2,-2,310900,51,51,long_40_59,9980,9992,12,9986.0,9990.344827586207,-14.0,cheap,0.7241379310344828,4.34482758620652,buy_pressure,-7.0,True,shock,1,passive_one_sided_buy,one_sided_mm,0,0,0,6,0,6,0,0,buy_take1_16,take1,524126.0,hold,16.0,524110.0,16.0,passive_inside_buy,,,
default,round1-day-2,-2,312800,64,64,long_60_plus,9987,9998,11,9992.5,9989.538461538461,-7.5,cheap,-0.5384615384615384,-2.9615384615390212,sell_pressure,-4.5,True,shock,2,passive_two_sided,mm_inside,0,0,0,6,11,6,11,0,hold,hold,654058.0,mm_join_12,0.0,654058.0,0.0,,,,
default,round1-day-2,-2,313500,64,64,long_60_plus,9989,9999,10,9994.0,9992.125,-6.0,cheap,-0.375,-1.875,sell_pressure,3.0,True,shock,2,passive_two_sided,mm_inside,0,0,0,6,11,0,11,0,hold,hold,654058.0,mm_join_12,0.0,654058.0,0.0,,,,
default,round1-day-2,-2,314600,56,56,long_40_59,9984,9993,9,9988.5,9991.714285714286,-11.5,cheap,0.7142857142857143,3.214285714286234,buy_pressure,-3.5,True,shock,1,passive_one_sided_buy,one_sided_mm,0,0,0,6,0,6,0,0,buy_take1_16,take1,574066.0,hold,10.0,574056.0,10.0,passive_inside_buy,,,
default,round1-day-2,-2,318200,53,53,long_40_59,9991,10001,10,9996.0,9993.222222222223,-4.0,cheap,-0.5555555555555556,-2.7777777777773736,sell_pressure,3.0,False,steady,2,passive_two_sided,mm_inside,0,0,0,9,14,0,14,0,hold,hold,544020.0,mm_join_12,0.0,544020.0,0.0,,,,
default,round1-day-2,-2,320400,60,60,long_60_plus,9986,9995,9,9990.5,9993.8,-9.5,cheap,0.7333333333333333,3.2999999999992724,buy_pressure,4.5,True,shock,2,passive_two_sided,mm_inside,0,0,0,6,11,6,0,0,buy_take1_16,take1,613929.0,hold,2.0,613927.0,2.0,,,,
default,round1-day-2,-2,326600,48,48,long_40_59,9991,10001,10,9996.0,9992.333333333334,-4.0,cheap,-0.7333333333333333,-3.6666666666660603,sell_pressure,2.5,False,steady,1,passive_one_sided_sell,one_sided_mm,0,0,0,0,14,0,14,0,hold,hold,493915.0,mm_join_12,0.0,493915.0,0.0,passive_inside_sell,,,
default,round1-day-2,-2,328700,48,48,long_40_59,9992,10003,11,9997.5,9995.666666666666,-2.5,cheap,-0.3333333333333333,-1.8333333333339397,mixed_pressure,3.5,True,shock,1,passive_one_sided_sell,one_sided_mm,0,0,0,0,11,0,11,0,hold,hold,493915.0,mm_join_12,0.0,493915.0,0.0,passive_inside_sell,,,
default,round1-day-2,-2,329800,41,41,long_40_59,9986,9995,9,9990.5,9992.5,-9.5,cheap,0.4444444444444444,2.0,buy_pressure,-3.5,True,shock,1,passive_one_sided_buy,one_sided_mm,0,0,0,10,0,10,0,0,buy_take1_16,take1,423936.0,hold,5.0,423931.0,5.0,passive_inside_buy,,,
default,round1-day-2,-2,336800,72,72,long_60_plus,9981,9993,12,9987.0,9992.04,-13.0,cheap,0.84,5.040000000000873,buy_pressure,-4.0,True,shock,2,passive_two_sided,mm_inside,0,0,0,6,11,6,0,0,hold,hold,733504.0,mm_join_12,0.0,733504.0,0.0,,,,
default,round1-day-2,-2,337400,72,72,long_60_plus,9981,9993,12,9987.0,9991.181818181818,-13.0,cheap,0.696969696969697,4.1818181818180165,buy_pressure,-4.0,True,shock,1,passive_one_sided_buy,one_sided_mm,0,0,0,6,0,6,0,0,hold,hold,733504.0,mm_join_12,0.0,733504.0,0.0,passive_inside_buy,,,
default,round1-day-2,-2,342400,80,80,long_60_plus,9981,9990,9,9985.5,9988.714285714286,-14.5,cheap,0.7142857142857143,3.214285714286234,buy_pressure,-2.5,True,shock,0,hold,hold,0,0,0,0,0,0,0,0,hold,hold,813411.0,mm_join_12,0.0,813411.0,0.0,,,,
default,round1-day-2,-2,346300,80,80,long_60_plus,9982,9992,10,9987.0,9990.235294117647,-13.0,cheap,0.6470588235294118,3.235294117646845,buy_pressure,-3.0,True,shock,0,hold,hold,0,0,0,0,0,0,0,0,hold,hold,813400.0,mm_join_12,0.0,813400.0,0.0,,,,
default,round1-day-2,-2,347200,80,80,long_60_plus,9988,9998,10,9993.0,9990.105263157895,-7.0,cheap,-0.5789473684210527,-2.894736842104976,sell_pressure,3.0,True,shock,1,passive_one_sided_sell,one_sided_mm,0,0,0,0,11,0,11,0,hold,hold,813400.0,mm_join_12,0.0,813400.0,0.0,passive_inside_sell,,,
default,round1-day-2,-2,349400,80,80,long_60_plus,9982,9992,10,9987.0,9990.666666666666,-13.0,cheap,0.7333333333333333,3.6666666666660603,buy_pressure,-4.5,True,shock,1,passive_one_sided_sell,one_sided_mm,0,0,0,0,11,0,0,0,hold,hold,813400.0,mm_join_12,0.0,813400.0,0.0,passive_inside_sell,,,
default,round1-day-2,-2,350500,74,74,long_60_plus,9989,10000,11,9994.5,9992.142857142857,-5.5,cheap,-0.42857142857142855,-2.357142857143117,sell_pressure,2.5,False,steady,2,passive_two_sided,mm_inside,0,0,0,6,14,0,14,0,hold,hold,753412.0,mm_join_12,0.0,753412.0,0.0,,,,
default,round1-day-2,-2,352500,70,70,long_60_plus,9993,10004,11,9998.5,9996.142857142857,-1.5,neutral,-0.42857142857142855,-2.357142857143117,sell_pressure,2.5,False,steady,2,passive_two_sided,mm_inside,0,0,0,9,14,0,14,0,hold,hold,713404.0,mm_join_12,0.0,713404.0,0.0,,,,
default,round1-day-2,-2,354900,72,72,long_60_plus,9996,10005,9,10000.5,9997.90909090909,0.5,neutral,-0.5757575757575758,-2.5909090909099177,sell_pressure,7.0,True,shock,2,passive_two_sided,mm_inside,0,0,0,6,11,0,11,0,hold,hold,733318.0,mm_join_12,0.0,733318.0,0.0,,,,
default,round1-day-2,-2,355500,72,72,long_60_plus,9987,9996,9,9991.5,9994.5,-8.5,cheap,0.6666666666666666,3.0,buy_pressure,4.5,True,shock,2,passive_two_sided,mm_inside,0,0,0,6,11,6,0,0,buy_take1_16,take1,733318.0,hold,6.0,733312.0,6.0,,,,
default,round1-day-2,-2,358300,66,66,long_60_plus,9994,10004,10,9999.0,9997.125,-1.0,neutral,-0.375,-1.875,sell_pressure,-5.0,True,shock,2,passive_two_sided,mm_inside,0,0,0,9,14,0,14,0,hold,hold,673282.0,mm_join_12,0.0,673282.0,0.0,,,,
default,round1-day-2,-2,359900,66,66,long_60_plus,9994,10005,11,9999.5,9996.444444444445,-0.5,neutral,-0.5555555555555556,-3.055555555554747,sell_pressure,2.5,False,steady,2,passive_two_sided,mm_inside,0,0,0,9,14,0,14,0,hold,hold,673282.0,mm_join_12,0.0,673282.0,0.0,,,,
default,round1-day-2,-2,360400,66,66,long_60_plus,9995,10008,13,10001.5,9996.56,1.5,neutral,-0.76,-4.940000000000509,sell_pressure,4.5,True,shock,2,passive_two_sided,mm_inside,0,0,0,6,11,0,11,0,hold,hold,673282.0,mm_join_12,0.0,673282.0,0.0,,,,
default,round1-day-2,-2,361000,66,66,long_60_plus,9995,10006,11,10000.5,9997.315789473685,0.5,neutral,-0.5789473684210527,-3.184210526314928,sell_pressure,2.5,False,steady,2,passive_two_sided,mm_inside,0,0,0,9,14,0,14,0,hold,hold,673282.0,mm_join_12,0.0,673282.0,0.0,,,,
default,round1-day-2,-2,361900,64,64,long_60_plus,9995,10005,10,10000.0,9997.222222222223,0.0,neutral,-0.5555555555555556,-2.7777777777773736,sell_pressure,3.0,False,steady,2,passive_two_sided,mm_inside,0,0,0,9,14,0,14,0,hold,hold,653274.0,mm_join_12,0.0,653274.0,0.0,,,,
default,round1-day-2,-2,362500,64,64,long_60_plus,9989,9999,10,9994.0,9996.857142857143,-6.0,cheap,0.5714285714285714,2.857142857143117,buy_pressure,-3.5,True,shock,2,passive_two_sided,mm_inside,0,0,0,6,11,6,0,0,hold,hold,653274.0,mm_join_12,0.0,653274.0,0.0,,,,
default,round1-day-2,-2,364000,64,55,long_60_plus,9994,10007,13,10000.5,9994.866666666667,0.5,neutral,-0.8666666666666667,-5.633333333333212,sell_pressure,4.5,True,shock,2,passive_two_sided,mm_inside,0,0,0,6,11,0,11,0,mm_inside_12,mm_inside,653274.0,mm_inside_20,0.0,653274.0,0.0,,,,
default,round1-day-2,-2,365000,55,55,long_40_59,9989,9998,9,9993.5,9996.615384615385,-6.5,cheap,0.6923076923076923,3.1153846153847553,buy_pressure,-3.5,True,shock,2,passive_two_sided,mm_inside,0,0,0,6,11,6,0,0,hold,hold,563220.0,mm_join_12,0.0,563220.0,0.0,,,,
default,round1-day-2,-2,365300,55,55,long_40_59,9986,9998,12,9992.0,9995.931034482759,-8.0,cheap,0.6551724137931034,3.9310344827590598,buy_pressure,-4.0,True,shock,1,passive_one_sided_buy,one_sided_mm,0,0,0,6,0,6,0,0,buy_take1_16,take1,563220.0,hold,4.0,563216.0,4.0,passive_inside_buy,,,
default,round1-day-2,-2,370300,36,36,long_20_39,9998,10009,11,10003.5,10000.538461538461,3.5,rich,-0.5384615384615384,-2.9615384615390212,sell_pressure,2.5,False,steady,1,passive_one_sided_sell,one_sided_mm,0,0,0,0,12,0,12,0,hold,hold,373122.0,mm_join_12,0.0,373122.0,0.0,passive_inside_sell,,,
default,round1-day-2,-2,372400,58,58,long_40_59,9992,10002,10,9997.0,10000.333333333334,-3.0,cheap,0.6666666666666666,3.3333333333339397,buy_pressure,-5.0,True,shock,1,passive_one_sided_buy,one_sided_mm,0,0,0,9,0,9,0,0,hold,hold,593022.0,mm_join_12,0.0,593022.0,0.0,passive_inside_buy,,,
default,round1-day-2,-2,377000,70,70,long_60_plus,9990,10002,12,9996.0,10000.5,-4.0,cheap,0.75,4.5,buy_pressure,-4.0,True,shock,1,passive_one_sided_buy,one_sided_mm,0,0,0,6,0,6,0,0,hold,hold,712950.0,mm_join_12,0.0,712950.0,0.0,passive_inside_buy,,,
default,round1-day-2,-2,380600,73,73,long_60_plus,9999,10012,13,10005.5,10000.258064516129,5.5,rich,-0.8064516129032258,-5.2419354838712025,sell_pressure,5.5,True,shock,1,passive_one_sided_sell,one_sided_mm,0,0,0,0,11,0,11,0,hold,hold,742875.0,mm_join_12,0.0,742875.0,0.0,passive_inside_sell,,,
default,round1-day-2,-2,382300,73,73,long_60_plus,9996,10006,10,10001.0,10003.368421052632,1.0,neutral,0.47368421052631576,2.3684210526316747,buy_pressure,-2.0,False,steady,1,passive_one_sided_buy,one_sided_mm,0,0,0,7,0,7,0,0,hold,hold,742875.0,mm_join_12,0.0,742875.0,0.0,passive_inside_buy,,,
default,round1-day-2,-2,384700,78,78,long_60_plus,9995,10004,9,9999.5,10002.411764705883,-0.5,neutral,0.6470588235294118,2.911764705882888,buy_pressure,-4.5,True,shock,1,passive_one_sided_buy,one_sided_mm,0,0,0,2,0,2,0,0,hold,hold,792875.0,mm_join_12,0.0,792875.0,0.0,passive_inside_buy,,,
default,round1-day-2,-2,385000,68,68,long_60_plus,9995,10005,10,10000.0,10004.333333333334,0.0,neutral,0.8666666666666667,4.33333333333394,buy_pressure,-11.0,True,shock,1,passive_one_sided_buy,one_sided_mm,0,0,0,9,0,9,0,0,mm_join_12,mm_inside,692847.0,mm_inside_12,0.0,692847.0,0.0,passive_inside_buy,,,
default,round1-day-2,-2,386000,68,66,long_60_plus,10000,10010,10,10005.0,10001.25,5.0,rich,-0.75,-3.75,sell_pressure,3.0,False,steady,2,clear_sell,take1,0,2,2,0,14,0,14,1,hold,hold,692835.0,mm_join_12,0.0,692833.0,2.0,take_b1,,,
default,round1-day-2,-2,392900,73,73,long_60_plus,10000,10013,13,10006.5,10001.04,6.5,rich,-0.84,-5.459999999999127,sell_pressure,3.5,True,shock,1,passive_one_sided_sell,one_sided_mm,0,0,0,0,11,0,11,0,hold,hold,742672.0,mm_join_12,0.0,742672.0,0.0,passive_inside_sell,,,
default,round1-day-2,-2,394200,59,56,long_40_59,10002,10013,11,10007.5,10004.357142857143,7.5,rich,-0.5714285714285714,-3.142857142856883,sell_pressure,3.5,True,shock,2,clear_sell,take1,0,3,3,0,11,0,11,1,sell_take1_16,take1,602553.0,hold,3.0,602553.0,0.0,take_b1,,,
default,round1-day-2,-2,397300,67,63,long_60_plus,10002,10012,10,10007.0,10004.35294117647,7.0,rich,-0.5294117647058824,-2.6470588235297328,sell_pressure,4.0,True,shock,2,clear_sell,take1,0,4,4,0,11,0,11,1,sell_take1_16,take1,682514.0,hold,4.0,682514.0,0.0,take_b1,,,
default,round1-day-2,-2,400500,72,63,long_60_plus,10005,10014,9,10009.5,10007.131578947368,9.5,rich,-0.5263157894736842,-2.3684210526316747,sell_pressure,8.0,True,shock,3,clear_sell,take1,0,18,18,0,11,0,11,1,sell_take1_16,take1,732470.0,hold,36.0,732470.0,0.0,take_b1,,,
default,round1-day-2,-2,400600,63,63,long_60_plus,9995,10004,9,9999.5,10001.75,-0.5,neutral,0.5,2.25,buy_pressure,-10.0,True,shock,1,passive_one_sided_buy,one_sided_mm,0,0,0,6,0,6,0,0,hold,hold,642425.0,mm_join_12,0.0,642425.0,0.0,passive_inside_buy,,,
default,round1-day-2,-2,403200,62,62,long_60_plus,9999,10010,11,10004.5,10002.235294117647,4.5,rich,-0.4117647058823529,-2.264705882353155,sell_pressure,-5.5,True,shock,1,passive_one_sided_sell,one_sided_mm,0,0,0,0,11,0,11,0,mm_inside_12,mm_inside,632310.0,mm_inside_20,0.0,632305.0,5.0,passive_inside_sell,,,
default,round1-day-2,-2,404100,62,62,long_60_plus,9994,10004,10,9999.0,10002.333333333334,-1.0,neutral,0.6666666666666666,3.3333333333339397,buy_pressure,-3.0,False,steady,1,passive_one_sided_buy,one_sided_mm,0,0,0,9,0,9,0,0,hold,hold,632305.0,mm_join_12,0.0,632305.0,0.0,passive_inside_buy,,,
default,round1-day-2,-2,404200,62,56,long_60_plus,10000,10010,10,10005.0,10002.35294117647,5.0,rich,-0.5294117647058824,-2.6470588235297328,sell_pressure,6.0,True,shock,1,passive_one_sided_sell,one_sided_mm,0,0,0,0,11,0,11,0,mm_inside_12,mm_inside,632305.0,mm_inside_20,0.0,632305.0,0.0,passive_inside_sell,,,
default,round1-day-2,-2,404300,56,56,long_40_59,9999,10010,11,10004.5,10001.357142857143,4.5,rich,-0.5714285714285714,-3.142857142856883,sell_pressure,-0.5,False,steady,1,passive_one_sided_sell,one_sided_mm,0,0,0,0,14,0,14,0,hold,hold,572251.0,mm_join_12,0.0,572251.0,0.0,passive_inside_sell,,,
default,round1-day-2,-2,406500,56,56,long_40_59,9995,10005,10,10000.0,10002.64705882353,0.0,neutral,0.5294117647058824,2.6470588235297328,buy_pressure,-4.0,True,shock,1,passive_one_sided_buy,one_sided_mm,0,0,0,6,0,6,0,0,hold,hold,572251.0,mm_join_12,0.0,572251.0,0.0,passive_inside_buy,,,
default,round1-day-2,-2,409700,41,41,long_40_59,9997,10007,10,10002.0,10005.125,2.0,rich,0.625,3.125,buy_pressure,-4.5,True,shock,1,passive_one_sided_buy,one_sided_mm,0,0,0,9,0,9,0,0,hold,hold,422186.0,mm_join_12,0.0,422186.0,0.0,passive_inside_buy,,,
default,round1-day-2,-2,412600,43,43,long_40_59,10004,10017,13,10010.5,10004.8125,10.5,rich,-0.875,-5.6875,sell_pressure,11.5,True,shock,1,passive_one_sided_sell,one_sided_mm,0,0,0,0,11,0,11,0,sell_take1_16,take1,442182.0,hold,6.0,442176.0,6.0,passive_inside_sell,,,
default,round1-day-2,-2,415400,50,50,long_40_59,9999,10009,10,10004.0,10006.894736842105,4.0,rich,0.5789473684210527,2.894736842104976,buy_pressure,-3.0,False,steady,1,passive_one_sided_buy,one_sided_mm,0,0,0,9,0,0,0,0,hold,hold,512167.0,mm_join_12,0.0,512167.0,0.0,passive_inside_buy,,,
default,round1-day-2,-2,416600,50,50,long_40_59,9999,10009,10,10004.0,10007.823529411764,4.0,rich,0.7647058823529411,3.823529411763957,buy_pressure,-3.0,False,steady,1,passive_one_sided_buy,one_sided_mm,0,0,0,9,0,9,0,0,hold,hold,512167.0,mm_join_12,0.0,512167.0,0.0,passive_inside_buy,,,
default,round1-day-2,-2,417000,41,41,long_40_59,10000,10009,9,10004.5,10006.5,4.5,rich,0.4444444444444444,2.0,buy_pressure,-3.5,True,shock,2,passive_two_sided,mm_inside,0,0,0,9,9,0,9,0,hold,hold,422014.0,mm_join_12,0.0,422014.0,0.0,,,,
default,round1-day-2,-2,418100,35,35,long_20_39,10000,10009,9,10004.5,10007.2,4.5,rich,0.6,2.7000000000007276,buy_pressure,-4.0,True,shock,2,passive_two_sided,mm_inside,0,0,0,9,9,0,9,0,hold,hold,361912.0,mm_join_12,0.0,361912.0,0.0,,,,
default,round1-day-2,-2,418300,35,35,long_20_39,10000,10010,10,10005.0,10008.333333333334,5.0,rich,0.6666666666666666,3.3333333333339397,buy_pressure,-3.0,False,steady,1,passive_one_sided_buy,one_sided_mm,0,0,0,12,0,0,0,0,hold,hold,361912.0,mm_join_12,0.0,361912.0,0.0,passive_inside_buy,,,
default,round1-day-2,-2,419700,23,23,long_20_39,10000,10009,9,10004.5,10007.5,4.5,rich,0.6666666666666666,3.0,buy_pressure,-3.5,True,shock,2,passive_two_sided,mm_inside,0,0,0,9,9,9,9,0,hold,hold,241900.0,mm_join_12,0.0,241900.0,0.0,,,,
default,round1-day-2,-2,423000,12,12,flat_19,9999,10011,12,10005.0,10008.6,5.0,rich,0.6,3.600000000000364,buy_pressure,-4.0,True,shock,1,passive_one_sided_buy,one_sided_mm,0,0,0,9,0,9,0,0,hold,hold,131889.0,mm_join_12,0.0,131889.0,0.0,passive_inside_buy,,,
default,round1-day-2,-2,426300,12,12,flat_19,10000,10009,9,10004.5,10007.875,4.5,rich,0.75,3.375,buy_pressure,-5.0,True,shock,2,passive_two_sided,mm_inside,0,0,0,9,9,9,9,0,hold,hold,131844.0,mm_join_12,0.0,131844.0,0.0,,,,
default,round1-day-2,-2,426400,12,12,flat_19,10005,10018,13,10011.5,10007.5,11.5,rich,-0.6153846153846154,-4.0,sell_pressure,7.0,True,shock,1,passive_one_sided_sell,one_sided_mm,0,0,0,0,9,0,9,0,sell_take1_16,take1,131844.0,sell_take2_32,0.0,131819.0,25.0,passive_inside_sell,,,
default,round1-day-2,-2,431400,12,12,flat_19,10002,10012,10,10007.0,10004.777777777777,7.0,rich,-0.4444444444444444,-2.2222222222226264,sell_pressure,3.0,True,shock,1,passive_one_sided_sell,one_sided_mm,0,0,0,0,9,0,9,0,sell_take1_16,take1,131726.0,hold,15.0,131711.0,15.0,passive_inside_sell,,,
default,round1-day-2,-2,431700,12,12,flat_19,10002,10013,11,10007.5,10003.833333333334,7.5,rich,-0.6666666666666666,-3.6666666666660603,sell_pressure,3.5,True,shock,1,passive_one_sided_sell,one_sided_mm,0,0,0,0,9,0,9,0,sell_take1_16,take1,131711.0,hold,6.0,131705.0,6.0,passive_inside_sell,,,
default,round1-day-2,-2,435400,18,18,flat_19,10001,10012,11,10006.5,10004.666666666666,6.5,rich,-0.3333333333333333,-1.8333333333339397,mixed_pressure,3.5,True,shock,1,passive_one_sided_buy,one_sided_mm,0,0,0,9,0,0,0,0,sell_take1_16,take1,191696.0,hold,13.0,191683.0,13.0,passive_inside_buy,,,
default,round1-day-2,-2,439500,37,37,long_20_39,10000,10011,11,10005.5,10002.2,5.5,rich,-0.6,-3.2999999999992724,sell_pressure,2.5,False,steady,1,passive_one_sided_sell,one_sided_mm,0,0,0,0,12,0,12,0,sell_take1_16,take1,381499.0,hold,12.0,381487.0,12.0,passive_inside_sell,,,
default,round1-day-2,-2,440500,37,37,long_20_39,9995,10004,9,9999.5,10002.875,-0.5,neutral,0.75,3.375,buy_pressure,-3.5,True,shock,2,passive_two_sided,mm_inside,0,0,0,9,9,0,9,0,hold,hold,381487.0,mm_join_12,0.0,381487.0,0.0,,,,
default,round1-day-2,-2,440800,37,37,long_20_39,9995,10004,9,9999.5,10002.8,-0.5,neutral,0.7333333333333333,3.2999999999992724,buy_pressure,-2.5,False,steady,1,passive_one_sided_buy,one_sided_mm,0,0,0,12,0,12,0,0,hold,hold,381487.0,mm_join_12,0.0,381487.0,0.0,passive_inside_buy,,,
default,round1-day-2,-2,442100,40,40,long_40_59,9993,10002,9,9997.5,9999.42857142857,-2.5,cheap,0.42857142857142855,1.928571428570649,buy_pressure,-1.5,False,steady,1,passive_one_sided_buy,one_sided_mm,0,0,0,13,0,13,0,0,hold,hold,411442.0,mm_join_12,0.0,411442.0,0.0,passive_inside_buy,,,
default,round1-day-2,-2,442500,40,40,long_40_59,9993,10002,9,9997.5,10000.875,-2.5,cheap,0.75,3.375,buy_pressure,-3.5,True,shock,1,passive_one_sided_buy,one_sided_mm,0,0,0,10,0,10,0,0,hold,hold,411442.0,mm_join_12,0.0,411442.0,0.0,passive_inside_buy,,,
default,round1-day-2,-2,442900,40,40,long_40_59,9993,10002,9,9997.5,10000.5,-2.5,cheap,0.6666666666666666,3.0,buy_pressure,-3.5,True,shock,1,passive_one_sided_buy,one_sided_mm,0,0,0,10,0,10,0,0,hold,hold,411442.0,mm_join_12,0.0,411442.0,0.0,passive_inside_buy,,,
default,round1-day-2,-2,443100,40,34,long_40_59,10002,10011,9,10006.5,10004.076923076924,6.5,rich,-0.5384615384615384,-2.4230769230762235,sell_pressure,6.5,True,shock,3,clear_sell,take1,0,12,12,0,9,0,9,1,sell_take1_16,take1,411442.0,hold,35.0,411442.0,0.0,take_b1,,,
default,round1-day-2,-2,443700,34,34,long_20_39,9998,10008,10,10003.0,9999.25,3.0,rich,-0.75,-3.75,sell_pressure,4.0,True,shock,1,passive_one_sided_sell,one_sided_mm,0,0,0,0,9,0,9,0,sell_take1_16,take1,351430.0,hold,3.0,351427.0,3.0,passive_inside_sell,,,
default,round1-day-2,-2,447000,30,21,long_20_39,9998,10009,11,10003.5,9999.941176470587,3.5,rich,-0.6470588235294118,-3.5588235294126207,sell_pressure,3.5,True,shock,1,passive_one_sided_sell,one_sided_mm,0,0,0,0,9,0,9,0,mm_inside_12,mm_inside,311391.0,mm_inside_20,0.0,311391.0,0.0,passive_inside_sell,,,
default,round1-day-2,-2,450500,11,11,flat_19,9991,10000,9,9995.5,9997.5,-4.5,cheap,0.4444444444444444,2.0,buy_pressure,-3.5,True,shock,1,passive_one_sided_buy,one_sided_mm,0,0,0,10,0,10,0,0,hold,hold,121289.0,mm_join_12,0.0,121289.0,0.0,passive_inside_buy,,,
default,round1-day-2,-2,451500,10,10,flat_19,9996,10007,11,10001.5,9998.75,1.5,neutral,-0.5,-2.75,sell_pressure,2.0,False,steady,2,passive_two_sided,mm_inside,0,0,0,12,12,0,12,0,hold,hold,111233.0,mm_join_12,0.0,111233.0,0.0,,,,
default,round1-day-2,-2,451600,10,10,flat_19,9989,10001,12,9995.0,9999.838709677419,-5.0,cheap,0.8064516129032258,4.838709677418592,buy_pressure,-6.5,True,shock,1,passive_one_sided_buy,one_sided_mm,0,0,0,10,0,10,0,0,hold,hold,111233.0,mm_join_12,0.0,111233.0,0.0,passive_inside_buy,,,
default,round1-day-2,-2,454200,11,11,flat_19,9997,10007,10,10002.0,9999.142857142857,2.0,rich,-0.5714285714285714,-2.857142857143117,sell_pressure,3.0,False,steady,1,passive_one_sided_buy,one_sided_mm,0,0,0,12,0,0,0,0,sell_take1_16,take1,121143.0,hold,4.0,121139.0,4.0,passive_inside_buy,,,
default,round1-day-2,-2,456000,27,27,long_20_39,9999,10009,10,10004.0,10000.538461538461,4.0,rich,-0.6923076923076923,-3.4615384615390212,sell_pressure,3.0,False,steady,1,passive_one_sided_sell,one_sided_mm,0,0,0,0,12,0,12,0,sell_take1_16,take1,281043.0,hold,8.0,281035.0,8.0,passive_inside_sell,,,
default,round1-day-2,-2,456100,27,27,long_20_39,9993,10003,10,9998.0,10000.142857142857,-2.0,cheap,0.42857142857142855,2.142857142856883,buy_pressure,-6.0,True,shock,1,passive_one_sided_sell,one_sided_mm,0,0,0,0,9,0,0,0,hold,hold,281035.0,mm_join_12,0.0,281035.0,0.0,passive_inside_sell,,,
default,round1-day-2,-2,457700,27,27,long_20_39,9998,10011,13,10004.5,9999.181818181818,4.5,rich,-0.8181818181818182,-5.3181818181819835,sell_pressure,3.5,True,shock,1,passive_one_sided_sell,one_sided_mm,0,0,0,0,9,0,9,0,sell_take1_16,take1,281035.0,hold,6.0,281029.0,6.0,passive_inside_sell,,,
default,round1-day-2,-2,458000,27,27,long_20_39,9998,10009,11,10003.5,10001.666666666666,3.5,rich,-0.3333333333333333,-1.8333333333339397,mixed_pressure,10.5,True,shock,1,passive_one_sided_buy,one_sided_mm,0,0,0,9,0,0,0,0,sell_take1_16,take1,281029.0,hold,15.0,281014.0,15.0,passive_inside_buy,,,
default,round1-day-2,-2,459100,27,27,long_20_39,9993,10003,10,9998.0,10001.75,-2.0,cheap,0.75,3.75,buy_pressure,-3.0,False,steady,1,passive_one_sided_sell,one_sided_mm,0,0,0,0,12,0,0,0,hold,hold,281014.0,mm_join_12,0.0,281014.0,0.0,passive_inside_sell,,,
default,round1-day-2,-2,460300,27,27,long_20_39,9994,10004,10,9999.0,10001.222222222223,-1.0,neutral,0.4444444444444444,2.2222222222226264,buy_pressure,-4.5,True,shock,2,passive_two_sided,mm_inside,0,0,0,9,9,9,9,0,hold,hold,281014.0,mm_join_12,0.0,281014.0,0.0,,,,
default,round1-day-2,-2,463100,9,9,flat_19,9991,10003,12,9997.0,10001.615384615385,-3.0,cheap,0.7692307692307693,4.615384615384755,buy_pressure,-3.0,False,steady,1,passive_one_sided_buy,one_sided_mm,0,0,0,13,0,13,0,0,hold,hold,100882.0,mm_join_12,0.0,100882.0,0.0,passive_inside_buy,,,
default,round1-day-2,-2,471600,10,10,flat_19,9995,10004,9,9999.5,10001.75,-0.5,neutral,0.5,2.25,buy_pressure,-4.0,True,shock,2,passive_two_sided,mm_inside,0,0,0,9,9,9,0,0,hold,hold,110780.0,mm_join_12,0.0,110780.0,0.0,,,,
default,round1-day-2,-2,472200,10,10,flat_19,9999,10012,13,10005.5,10000.392857142857,5.5,rich,-0.7857142857142857,-5.107142857143117,sell_pressure,9.5,True,shock,1,passive_one_sided_sell,one_sided_mm,0,0,0,0,9,0,9,0,sell_take1_16,take1,110780.0,hold,12.0,110768.0,12.0,passive_inside_sell,,,
default,round1-day-2,-2,474100,17,17,flat_19,9999,10010,11,10004.5,10001.933333333332,4.5,rich,-0.4666666666666667,-2.5666666666675155,sell_pressure,1.5,False,steady,1,passive_one_sided_sell,one_sided_mm,0,0,0,0,12,0,12,0,sell_take1_16,take1,180663.0,sell_take2_32,11.0,180647.0,16.0,passive_inside_sell,,,
default,round1-day-2,-2,476300,12,12,flat_19,9991,10003,12,9997.0,10002.111111111111,-3.0,cheap,0.8518518518518519,5.111111111111313,buy_pressure,-5.0,True,shock,1,passive_one_sided_buy,one_sided_mm,0,0,0,10,0,10,0,0,hold,hold,130607.0,mm_join_12,0.0,130607.0,0.0,passive_inside_buy,,,
default,round1-day-2,-2,477800,18,18,flat_19,9995,10004,9,9999.5,10002.2,-0.5,neutral,0.6,2.7000000000007276,buy_pressure,-2.5,False,steady,2,passive_two_sided,mm_inside,0,0,0,12,12,12,0,0,hold,hold,190577.0,mm_join_12,0.0,190577.0,0.0,,,,
default,round1-day-2,-2,482100,42,42,long_40_59,9993,10003,10,9998.0,10000.5,-2.0,cheap,0.5,2.5,buy_pressure,9998.0,True,shock,1,passive_one_sided_sell,one_sided_mm,0,0,0,0,12,0,12,0,hold,hold,430221.0,mm_join_12,0.0,430221.0,0.0,passive_inside_sell,,,
default,round1-day-2,-2,488000,30,30,long_20_39,9996,10006,10,10001.0,9998.5,1.0,neutral,-0.5,-2.5,sell_pressure,2.0,False,steady,2,passive_two_sided,mm_inside,0,0,0,12,12,0,12,0,sell_take1_16,take1,310091.0,hold,15.0,310076.0,15.0,,,,
default,round1-day-2,-2,489000,21,21,long_20_39,9989,9999,10,9994.0,9996.333333333334,-6.0,cheap,0.4666666666666667,2.3333333333339397,buy_pressure,-5.0,True,shock,1,passive_one_sided_buy,one_sided_mm,0,0,0,10,0,10,0,0,hold,hold,220085.0,mm_join_12,0.0,220085.0,0.0,passive_inside_buy,,,
default,round1-day-2,-2,490800,26,26,long_20_39,9994,10004,10,9999.0,9996.35294117647,-1.0,neutral,-0.5294117647058824,-2.6470588235297328,sell_pressure,2.0,False,steady,1,passive_one_sided_sell,one_sided_mm,0,0,0,0,12,0,12,0,sell_take1_16,take1,270047.0,hold,8.0,270039.0,8.0,passive_inside_sell,,,
default,round1-day-2,-2,492500,34,34,long_20_39,9993,10006,13,9999.5,9994.5,-0.5,neutral,-0.7692307692307693,-5.0,sell_pressure,4.5,True,shock,1,passive_one_sided_sell,one_sided_mm,0,0,0,0,9,0,9,0,sell_take1_16,take1,349955.0,hold,3.0,349952.0,3.0,passive_inside_sell,,,
default,round1-day-2,-2,493700,37,37,long_20_39,9986,9995,9,9990.5,9992.75,-9.5,cheap,0.5,2.25,buy_pressure,-4.5,True,shock,1,passive_one_sided_buy,one_sided_mm,0,0,0,10,0,10,0,0,hold,hold,379913.0,mm_join_12,0.0,379913.0,0.0,passive_inside_buy,,,
default,round1-day-2,-2,503200,36,36,long_20_39,9992,10005,13,9998.5,9992.896551724138,-1.5,neutral,-0.8620689655172413,-5.60344827586232,sell_pressure,5.5,True,shock,1,passive_one_sided_sell,one_sided_mm,0,0,0,0,9,0,9,0,hold,hold,369771.0,mm_join_12,0.0,369771.0,0.0,passive_inside_sell,,,
default,round1-day-2,-2,511400,62,62,long_60_plus,9989,10000,11,9994.5,9990.833333333334,-5.5,cheap,-0.6666666666666666,-3.6666666666660603,sell_pressure,2.5,False,steady,2,passive_two_sided,mm_inside,0,0,0,9,14,0,14,0,hold,hold,629410.0,mm_join_12,0.0,629410.0,0.0,,,,
default,round1-day-2,-2,512600,55,55,long_40_59,9983,9993,10,9988.0,9991.75,-12.0,cheap,0.75,3.75,buy_pressure,-4.0,True,shock,1,passive_one_sided_buy,one_sided_mm,0,0,0,6,0,6,0,0,hold,hold,559408.0,mm_join_12,0.0,559408.0,0.0,passive_inside_buy,,,
default,round1-day-2,-2,515400,69,69,long_60_plus,9983,9992,9,9987.5,9990.875,-12.5,cheap,0.75,3.375,buy_pressure,4.5,True,shock,1,passive_one_sided_buy,one_sided_mm,0,0,0,6,0,6,0,0,hold,hold,699230.0,mm_join_12,0.0,699230.0,0.0,passive_inside_buy,,,
default,round1-day-2,-2,516800,80,80,long_60_plus,9982,9991,9,9986.5,9989.615384615385,-13.5,cheap,0.6923076923076923,3.1153846153847553,buy_pressure,-2.5,True,shock,0,hold,hold,0,0,0,0,0,0,0,0,hold,hold,809070.0,mm_join_12,0.0,809070.0,0.0,,,,
default,round1-day-2,-2,517200,76,76,long_60_plus,9987,9998,11,9992.5,9988.29411764706,-7.5,cheap,-0.7647058823529411,-4.2058823529405345,sell_pressure,2.5,True,shock,1,passive_one_sided_buy,one_sided_mm,0,0,0,4,0,4,0,0,hold,hold,769082.0,mm_join_12,0.0,769082.0,0.0,passive_inside_buy,,,
default,round1-day-2,-2,520800,76,76,long_60_plus,9984,9994,10,9989.0,9991.692307692309,-11.0,cheap,0.5384615384615384,2.692307692308532,buy_pressure,-3.0,True,shock,1,passive_one_sided_buy,one_sided_mm,0,0,0,4,0,4,0,0,hold,hold,769082.0,mm_join_12,0.0,769082.0,0.0,passive_inside_buy,,,
default,round1-day-2,-2,522900,76,76,long_60_plus,9991,10002,11,9996.5,9994.142857142857,-3.5,cheap,-0.42857142857142855,-2.357142857143117,sell_pressure,3.5,True,shock,2,passive_two_sided,mm_inside,0,0,0,4,11,0,11,0,sell_take1_16,take1,769060.0,hold,16.0,769044.0,16.0,,,,
default,round1-day-2,-2,523700,76,76,long_60_plus,9983,9995,12,9989.0,9992.857142857143,-11.0,cheap,0.6428571428571429,3.857142857143117,buy_pressure,-12.0,True,shock,2,passive_two_sided,mm_inside,0,0,0,4,11,4,0,0,hold,hold,769044.0,mm_join_12,0.0,769044.0,0.0,,,,
default,round1-day-2,-2,524800,76,76,long_60_plus,9986,9995,9,9990.5,9992.6,-9.5,cheap,0.4666666666666667,2.100000000000364,buy_pressure,-1.5,True,shock,2,passive_two_sided,mm_inside,0,0,0,4,11,4,0,0,hold,hold,769044.0,mm_join_12,0.0,769044.0,0.0,,,,
default,round1-day-2,-2,525300,79,79,long_60_plus,9986,9995,9,9990.5,9992.6,-9.5,cheap,0.4666666666666667,2.100000000000364,buy_pressure,-3.5,True,shock,2,passive_two_sided,mm_inside,0,0,0,1,11,1,0,0,hold,hold,799008.0,mm_join_12,0.0,799008.0,0.0,,,,
default,round1-day-2,-2,527600,80,80,long_60_plus,9992,10002,10,9997.0,9993.25,-3.0,cheap,-0.75,-3.75,sell_pressure,3.0,False,steady,1,passive_one_sided_sell,one_sided_mm,0,0,0,0,14,0,14,0,sell_take1_16,take1,808930.0,hold,29.0,808901.0,29.0,passive_inside_sell,,,
default,round1-day-2,-2,528800,74,74,long_60_plus,9992,10002,10,9997.0,9993.176470588236,-3.0,cheap,-0.7647058823529411,-3.823529411763957,sell_pressure,-5.0,True,shock,2,passive_two_sided,mm_inside,0,0,0,6,14,0,14,0,sell_take1_16,take1,748895.0,hold,6.0,748889.0,6.0,,,,
default,round1-day-2,-2,531000,71,71,long_60_plus,9993,10003,10,9998.0,9995.777777777777,-2.0,cheap,-0.4444444444444444,-2.2222222222226264,sell_pressure,-5.0,True,shock,2,passive_two_sided,mm_inside,0,0,0,9,14,0,14,0,sell_take1_16,take1,718842.0,hold,9.0,718833.0,9.0,,,,
default,round1-day-2,-2,531300,71,77,long_60_plus,9987,9996,9,9991.5,9994.5,-8.5,cheap,0.6666666666666666,3.0,buy_pressure,4.5,True,shock,2,passive_two_sided,mm_inside,0,0,0,6,11,6,0,0,mm_inside_12,mm_inside,718833.0,mm_inside_20,0.0,718833.0,0.0,,,,
default,round1-day-2,-2,531700,77,77,long_60_plus,9992,10003,11,9997.5,9994.538461538461,-2.5,cheap,-0.5384615384615384,-2.9615384615390212,sell_pressure,2.5,False,steady,2,passive_two_sided,mm_inside,0,0,0,3,14,0,14,0,sell_take1_16,take1,778761.0,hold,6.0,778755.0,6.0,,,,
default,round1-day-2,-2,532800,77,77,long_60_plus,9992,10002,10,9997.0,9993.176470588236,-3.0,cheap,-0.7647058823529411,-3.823529411763957,sell_pressure,1.5,False,steady,2,passive_two_sided,mm_inside,0,0,0,3,14,0,14,0,sell_take1_16,take1,778755.0,hold,15.0,778740.0,15.0,,,,
default,round1-day-2,-2,533700,73,73,long_60_plus,9983,9995,12,9989.0,9994.172413793103,-11.0,cheap,0.8620689655172413,5.17241379310326,buy_pressure,-6.0,True,shock,2,passive_two_sided,mm_inside,0,0,0,6,11,6,0,0,hold,hold,738691.0,mm_join_12,0.0,738691.0,0.0,,,,
default,round1-day-2,-2,533800,73,73,long_60_plus,9986,9995,9,9990.5,9993.0,-9.5,cheap,0.5555555555555556,2.5,buy_pressure,1.5,True,shock,2,passive_two_sided,mm_inside,0,0,0,6,11,6,0,0,hold,hold,738691.0,mm_join_12,0.0,738691.0,0.0,,,,
default,round1-day-2,-2,534100,73,73,long_60_plus,9987,9996,9,9991.5,9994.5,-8.5,cheap,0.6666666666666666,3.0,buy_pressure,-4.5,True,shock,2,passive_two_sided,mm_inside,0,0,0,6,11,6,0,0,hold,hold,738691.0,mm_join_12,0.0,738691.0,0.0,,,,
default,round1-day-2,-2,536500,79,79,long_60_plus,9986,9995,9,9990.5,9993.3125,-9.5,cheap,0.625,2.8125,buy_pressure,-4.5,True,shock,2,passive_two_sided,mm_inside,0,0,0,1,11,1,0,0,hold,hold,798613.0,mm_join_12,0.0,798613.0,0.0,,,,
default,round1-day-2,-2,538100,80,80,long_60_plus,9985,9995,10,9990.0,9992.5,-10.0,cheap,0.5,2.5,buy_pressure,-3.5,True,shock,1,passive_one_sided_sell,one_sided_mm,0,0,0,0,11,0,0,0,hold,hold,808500.0,mm_join_12,0.0,808500.0,0.0,passive_inside_sell,,,
default,round1-day-2,-2,538300,80,80,long_60_plus,9985,9994,9,9989.5,9992.3125,-10.5,cheap,0.625,2.8125,buy_pressure,2.5,True,shock,1,passive_one_sided_sell,one_sided_mm,0,0,0,0,11,0,0,0,hold,hold,808500.0,mm_join_12,0.0,808500.0,0.0,passive_inside_sell,,,
default,round1-day-2,-2,538400,80,80,long_60_plus,9991,10001,10,9996.0,9993.142857142857,-4.0,cheap,-0.5714285714285714,-2.857142857143117,sell_pressure,6.5,True,shock,1,passive_one_sided_sell,one_sided_mm,0,0,0,0,11,0,11,0,sell_take1_16,take1,808500.0,hold,19.0,808481.0,19.0,passive_inside_sell,,,
default,round1-day-2,-2,539200,80,80,long_60_plus,9985,9994,9,9989.5,9991.0,-10.5,cheap,0.3333333333333333,1.5,mixed_pressure,-1.5,True,shock,1,passive_one_sided_sell,one_sided_mm,0,0,0,0,11,0,0,0,hold,hold,808481.0,mm_join_12,0.0,808481.0,0.0,passive_inside_sell,,,
default,round1-day-2,-2,539500,72,72,long_60_plus,9990,10000,10,9995.0,9991.875,-5.0,cheap,-0.625,-3.125,sell_pressure,3.0,False,steady,2,passive_two_sided,mm_inside,0,0,0,8,14,8,14,0,sell_take1_16,take1,728465.0,sell_take2_32,0.0,728429.0,36.0,,,,
default,round1-day-2,-2,540400,72,72,long_60_plus,9989,10000,11,9994.5,9990.57142857143,-5.5,cheap,-0.7142857142857143,-3.928571428570649,sell_pressure,2.5,False,steady,2,passive_two_sided,mm_inside,0,0,0,8,14,0,14,0,hold,hold,728429.0,mm_join_12,0.0,728429.0,0.0,,,,
default,round1-day-2,-2,542700,72,72,long_60_plus,9983,9993,10,9988.0,9991.461538461539,-12.0,cheap,0.6923076923076923,3.4615384615390212,buy_pressure,-2.0,True,shock,2,passive_two_sided,mm_inside,0,0,0,6,11,6,0,0,hold,hold,728429.0,mm_join_12,0.0,728429.0,0.0,,,,
default,round1-day-2,-2,546100,80,80,long_60_plus,9982,9992,10,9987.0,9989.64705882353,-13.0,cheap,0.5294117647058824,2.6470588235297328,buy_pressure,-3.0,True,shock,0,hold,hold,0,0,0,0,0,0,0,0,hold,hold,808209.0,mm_join_12,0.0,808209.0,0.0,,,,
default,round1-day-2,-2,546600,77,77,long_60_plus,9988,9998,10,9993.0,9990.35294117647,-7.0,cheap,-0.5294117647058824,-2.6470588235297328,sell_pressure,3.0,True,shock,2,passive_two_sided,mm_inside,0,0,0,3,11,0,11,0,sell_take1_16,take1,778209.0,sell_take2_32,13.0,778183.0,26.0,,,,
default,round1-day-2,-2,549400,80,80,long_60_plus,9992,10001,9,9996.5,9993.125,-3.5,cheap,-0.75,-3.375,sell_pressure,6.5,True,shock,1,passive_one_sided_sell,one_sided_mm,0,0,0,0,11,0,11,0,sell_take1_16,take1,808113.0,hold,5.0,808108.0,5.0,passive_inside_sell,,,
default,round1-day-2,-2,555300,78,78,long_60_plus,9989,9999,10,9994.0,9990.333333333334,-6.0,cheap,-0.7333333333333333,-3.6666666666660603,sell_pressure,3.0,True,shock,2,passive_two_sided,mm_inside,0,0,0,2,11,0,11,0,hold,hold,788033.0,mm_join_12,0.0,788033.0,0.0,,,,
default,round1-day-2,-2,559000,76,76,long_60_plus,9989,10000,11,9994.5,9991.894736842105,-5.5,cheap,-0.47368421052631576,-2.605263157895024,sell_pressure,2.5,False,steady,2,passive_two_sided,mm_inside,0,0,0,4,14,0,14,0,sell_take1_16,take1,767962.0,hold,75.0,767887.0,75.0,,,,
default,round1-day-2,-2,567700,80,80,long_60_plus,9988,9999,11,9993.5,9989.57142857143,-6.5,cheap,-0.7142857142857143,-3.928571428570649,sell_pressure,3.5,True,shock,1,passive_one_sided_sell,one_sided_mm,0,0,0,0,11,0,11,0,hold,hold,807826.0,mm_join_12,0.0,807826.0,0.0,passive_inside_sell,,,
default,round1-day-2,-2,568000,80,80,long_60_plus,9988,10001,13,9994.5,9990.09677419355,-5.5,cheap,-0.6774193548387096,-4.403225806450791,sell_pressure,-4.5,True,shock,1,passive_one_sided_sell,one_sided_mm,0,0,0,0,11,0,11,0,hold,hold,807826.0,mm_join_12,0.0,807826.0,0.0,passive_inside_sell,,,
default,round1-day-2,-2,568800,80,80,long_60_plus,9985,9994,9,9989.5,9991.5,-10.5,cheap,0.4444444444444444,2.0,buy_pressure,-3.5,True,shock,1,passive_one_sided_sell,one_sided_mm,0,0,0,0,11,0,0,0,hold,hold,807826.0,mm_join_12,0.0,807826.0,0.0,passive_inside_sell,,,
default,round1-day-2,-2,570300,80,80,long_60_plus,9986,9995,9,9990.5,9992.6,-9.5,cheap,0.4666666666666667,2.100000000000364,buy_pressure,-5.5,True,shock,1,passive_one_sided_sell,one_sided_mm,0,0,0,0,11,0,0,0,hold,hold,807756.0,mm_join_12,0.0,807756.0,0.0,passive_inside_sell,,,
default,round1-day-2,-2,574000,75,75,long_60_plus,9994,10004,10,9999.0,9995.666666666666,-1.0,neutral,-0.6666666666666666,-3.3333333333339397,sell_pressure,1.5,False,steady,2,passive_two_sided,mm_inside,0,0,0,5,14,0,14,0,hold,hold,757726.0,mm_join_12,0.0,757726.0,0.0,,,,
default,round1-day-2,-2,575400,69,60,long_60_plus,9999,10008,9,10003.5,10001.131578947368,3.5,rich,-0.5263157894736842,-2.3684210526316747,sell_pressure,7.5,True,shock,2,clear_sell,take1,0,9,9,0,11,0,11,1,sell_take1_16,take1,697690.0,hold,39.0,697690.0,0.0,take_b1,,,
default,round1-day-2,-2,575500,60,60,long_60_plus,9995,10005,10,10000.0,9997.35294117647,0.0,neutral,-0.5294117647058824,-2.6470588235297328,sell_pressure,-3.5,True,shock,2,passive_two_sided,mm_inside,0,0,0,6,11,0,11,0,hold,hold,607699.0,mm_join_12,0.0,607699.0,0.0,,,,
default,round1-day-2,-2,575700,60,60,long_60_plus,9995,10006,11,10000.5,9998.142857142857,0.5,neutral,-0.42857142857142855,-2.357142857143117,sell_pressure,4.5,True,shock,2,passive_two_sided,mm_inside,0,0,0,6,11,0,11,0,sell_take1_16,take1,607699.0,hold,4.0,607695.0,4.0,,,,
default,round1-day-2,-2,576500,60,60,long_60_plus,9996,10007,11,10001.5,9998.894736842105,1.5,neutral,-0.47368421052631576,-2.605263157895024,sell_pressure,1.5,False,steady,2,passive_two_sided,mm_inside,0,0,0,9,14,0,14,0,sell_take1_16,take1,607695.0,hold,10.0,607685.0,10.0,,,,
default,round1-day-2,-2,577600,60,60,long_60_plus,9992,10002,10,9997.0,10000.235294117647,-3.0,cheap,0.6470588235294118,3.235294117646845,buy_pressure,-3.0,False,steady,1,passive_one_sided_buy,one_sided_mm,0,0,0,9,0,9,0,0,hold,hold,607685.0,mm_join_12,0.0,607685.0,0.0,passive_inside_buy,,,
default,round1-day-2,-2,577700,60,60,long_60_plus,9998,10009,11,10003.5,9999.57142857143,3.5,rich,-0.7142857142857143,-3.928571428570649,sell_pressure,6.5,True,shock,1,passive_one_sided_sell,one_sided_mm,0,0,0,0,11,0,11,0,sell_take1_16,take1,607685.0,sell_take2_32,0.0,607679.0,6.0,passive_inside_sell,,,
default,round1-day-2,-2,580900,64,64,long_60_plus,9987,9999,12,9993.0,9996.777777777777,-7.0,cheap,0.6296296296296297,3.7777777777773736,buy_pressure,-5.0,True,shock,2,passive_two_sided,mm_inside,0,0,0,6,11,6,0,0,hold,hold,647651.0,mm_join_12,0.0,647651.0,0.0,,,,
default,round1-day-2,-2,583200,65,65,long_60_plus,9992,10005,13,9998.5,9993.575757575758,-1.5,neutral,-0.7575757575757576,-4.924242424242038,sell_pressure,3.5,True,shock,2,passive_two_sided,mm_inside,0,0,0,6,11,0,11,0,hold,hold,657595.0,mm_join_12,0.0,657595.0,0.0,,,,
default,round1-day-2,-2,583500,71,71,long_60_plus,9992,10003,11,9997.5,9995.055555555555,-2.5,cheap,-0.4444444444444444,-2.444444444445253,sell_pressure,3.0,False,steady,2,passive_two_sided,mm_inside,0,0,0,9,14,0,14,0,hold,hold,717523.0,mm_join_12,0.0,717523.0,0.0,,,,
default,round1-day-2,-2,585100,79,79,long_60_plus,9992,10002,10,9997.0,9994.631578947368,-3.0,cheap,-0.47368421052631576,-2.3684210526316747,sell_pressure,3.0,False,steady,2,passive_two_sided,mm_inside,0,0,0,1,14,0,14,0,hold,hold,797459.0,mm_join_12,0.0,797459.0,0.0,,,,
default,round1-day-2,-2,585700,79,79,long_60_plus,9991,10004,13,9997.5,9992.625,-2.5,cheap,-0.75,-4.875,sell_pressure,4.5,True,shock,2,passive_two_sided,mm_inside,0,0,0,1,11,0,11,0,hold,hold,797459.0,mm_join_12,0.0,797459.0,0.0,,,,
default,round1-day-2,-2,586600,79,79,long_60_plus,9984,9993,9,9988.5,9991.0,-11.5,cheap,0.5555555555555556,2.5,buy_pressure,-3.5,True,shock,1,passive_one_sided_buy,one_sided_mm,0,0,0,1,0,1,0,0,hold,hold,797459.0,mm_join_12,0.0,797459.0,0.0,passive_inside_buy,,,
default,round1-day-2,-2,588900,73,73,long_60_plus,9988,9999,11,9993.5,9990.588235294117,-6.5,cheap,-0.5294117647058824,-2.911764705882888,sell_pressure,2.5,True,shock,2,passive_two_sided,mm_inside,0,0,0,6,11,6,11,0,hold,hold,737471.0,mm_join_12,0.0,737471.0,0.0,,,,
default,round1-day-2,-2,589900,73,73,long_60_plus,9990,10000,10,9995.0,9992.307692307691,-5.0,cheap,-0.5384615384615384,-2.692307692308532,sell_pressure,2.0,False,steady,2,passive_two_sided,mm_inside,0,0,0,7,14,0,14,0,hold,hold,737471.0,mm_join_12,0.0,737471.0,0.0,,,,
default,round1-day-2,-2,591200,73,73,long_60_plus,9989,9999,10,9994.0,9991.105263157895,-6.0,cheap,-0.5789473684210527,-2.894736842104976,sell_pressure,3.0,True,shock,2,passive_two_sided,mm_inside,0,0,0,6,11,0,11,0,hold,hold,737471.0,mm_join_12,0.0,737471.0,0.0,,,,
default,round1-day-2,-2,592700,73,73,long_60_plus,9981,9991,10,9986.0,9989.75,-14.0,cheap,0.75,3.75,buy_pressure,-4.5,True,shock,1,passive_one_sided_buy,one_sided_mm,0,0,0,6,0,6,0,0,buy_take1_16,take1,737471.0,hold,8.0,737463.0,8.0,passive_inside_buy,,,
default,round1-day-2,-2,593100,73,73,long_60_plus,9987,10000,13,9993.5,9988.444444444445,-6.5,cheap,-0.7777777777777778,-5.055555555554747,sell_pressure,2.5,True,shock,2,passive_two_sided,mm_inside,0,0,0,6,11,6,11,0,hold,hold,737463.0,mm_join_12,0.0,737463.0,0.0,,,,
default,round1-day-2,-2,593500,73,73,long_60_plus,9987,10000,13,9993.5,9989.166666666666,-6.5,cheap,-0.6666666666666666,-4.33333333333394,sell_pressure,3.5,True,shock,2,passive_two_sided,mm_inside,0,0,0,6,11,6,11,0,hold,hold,737463.0,mm_join_12,0.0,737463.0,0.0,,,,
default,round1-day-2,-2,597700,80,80,long_60_plus,9983,9993,10,9988.0,9990.222222222223,-12.0,cheap,0.4444444444444444,2.2222222222226264,buy_pressure,-4.5,True,shock,0,hold,hold,0,0,0,0,0,0,0,0,hold,hold,807418.0,mm_join_12,0.0,807418.0,0.0,,,,
default,round1-day-2,-2,598300,80,80,long_60_plus,9986,9995,9,9990.5,9993.5,-9.5,cheap,0.6666666666666666,3.0,buy_pressure,-2.5,True,shock,1,passive_one_sided_sell,one_sided_mm,0,0,0,0,11,0,0,0,hold,hold,807402.0,mm_join_12,0.0,807402.0,0.0,passive_inside_sell,,,
default,round1-day-2,-2,598600,80,80,long_60_plus,9991,10002,11,9996.5,9992.375,-3.5,cheap,-0.75,-4.125,sell_pressure,2.5,False,steady,1,passive_one_sided_sell,one_sided_mm,0,0,0,0,14,0,14,0,hold,hold,807402.0,mm_join_12,0.0,807402.0,0.0,passive_inside_sell,,,
default,round1-day-2,-2,599500,80,80,long_60_plus,9986,9996,10,9991.0,9994.235294117647,-9.0,cheap,0.6470588235294118,3.235294117646845,buy_pressure,-2.0,True,shock,1,passive_one_sided_sell,one_sided_mm,0,0,0,0,11,0,0,0,mm_inside_12,mm_inside,807330.0,mm_inside_20,0.0,807330.0,0.0,passive_inside_sell,,,
default,round1-day-2,-2,601000,80,80,long_60_plus,9991,10002,11,9996.5,9993.75,-3.5,cheap,-0.5,-2.75,sell_pressure,2.5,False,steady,1,passive_one_sided_sell,one_sided_mm,0,0,0,0,14,0,14,0,sell_take1_16,take1,807323.0,hold,14.0,807309.0,14.0,passive_inside_sell,,,
default,round1-day-2,-2,608900,80,80,long_60_plus,9992,10002,10,9997.0,9993.176470588236,-3.0,cheap,-0.7647058823529411,-3.823529411763957,sell_pressure,13.0,True,shock,1,passive_one_sided_sell,one_sided_mm,0,0,0,0,14,0,14,0,hold,hold,807279.0,mm_join_12,0.0,807279.0,0.0,passive_inside_sell,,,
default,round1-day-2,-2,610500,80,80,long_60_plus,9986,9996,10,9991.0,9995.333333333334,-9.0,cheap,0.8666666666666667,4.33333333333394,buy_pressure,-3.0,True,shock,1,passive_one_sided_sell,one_sided_mm,0,0,0,0,11,0,0,0,mm_join_12,mm_inside,807279.0,sell_join_16,0.0,807279.0,0.0,passive_inside_sell,,,
default,round1-day-2,-2,612200,80,77,long_60_plus,9991,10004,13,9997.5,9992.925925925925,-2.5,cheap,-0.7037037037037037,-4.574074074074815,sell_pressure,12.5,True,shock,1,passive_one_sided_sell,one_sided_mm,0,0,0,0,14,0,14,0,mm_inside_12,mm_inside,807277.0,mm_inside_20,0.0,807277.0,0.0,passive_inside_sell,,,
default,round1-day-2,-2,617800,80,80,long_60_plus,9986,9996,10,9991.0,9992.875,-9.0,cheap,0.375,1.875,buy_pressure,-3.0,True,shock,1,passive_one_sided_sell,one_sided_mm,0,0,0,0,11,0,0,0,hold,hold,807173.0,mm_join_12,0.0,807173.0,0.0,passive_inside_sell,,,
default,round1-day-2,-2,623100,80,80,long_60_plus,9992,10002,10,9997.0,9994.666666666666,-3.0,cheap,-0.4666666666666667,-2.3333333333339397,sell_pressure,4.5,True,shock,1,passive_one_sided_sell,one_sided_mm,0,0,0,0,11,0,11,0,hold,hold,807173.0,mm_join_12,0.0,807173.0,0.0,passive_inside_sell,,,
default,round1-day-2,-2,625500,75,75,long_60_plus,9988,9997,9,9992.5,9995.615384615385,-7.5,cheap,0.6923076923076923,3.1153846153847553,buy_pressure,-3.0,True,shock,2,passive_two_sided,mm_inside,0,0,0,5,11,5,0,0,hold,hold,757103.0,mm_join_12,0.0,757103.0,0.0,,,,
default,round1-day-2,-2,633300,71,71,long_60_plus,9995,10005,10,10000.0,9997.35294117647,0.0,neutral,-0.5294117647058824,-2.6470588235297328,sell_pressure,4.0,True,shock,2,passive_two_sided,mm_inside,0,0,0,6,11,0,11,0,hold,hold,717097.0,mm_join_12,0.0,717097.0,0.0,,,,
default,round1-day-2,-2,633900,71,71,long_60_plus,9990,9999,9,9994.5,9996.35294117647,-5.5,cheap,0.4117647058823529,1.8529411764702672,buy_pressure,-3.5,True,shock,2,passive_two_sided,mm_inside,0,0,0,6,11,6,0,0,hold,hold,717097.0,mm_join_12,0.0,717097.0,0.0,,,,
default,round1-day-2,-2,634600,71,71,long_60_plus,9996,10006,10,10001.0,9998.777777777777,1.0,neutral,-0.4444444444444444,-2.2222222222226264,sell_pressure,4.0,True,shock,2,passive_two_sided,mm_inside,0,0,0,6,11,0,11,0,hold,hold,717097.0,mm_join_12,0.0,717097.0,0.0,,,,
default,round1-day-2,-2,634700,71,71,long_60_plus,9990,10000,10,9995.0,9998.823529411764,-5.0,cheap,0.7647058823529411,3.823529411763957,buy_pressure,-6.0,True,shock,1,passive_one_sided_buy,one_sided_mm,0,0,0,6,0,6,0,0,hold,hold,717097.0,mm_join_12,0.0,717097.0,0.0,passive_inside_buy,,,
default,round1-day-2,-2,635500,62,62,long_60_plus,9996,10007,11,10001.5,9999.055555555555,1.5,neutral,-0.4444444444444444,-2.444444444445253,sell_pressure,-5.5,True,shock,2,passive_two_sided,mm_inside,0,0,0,9,14,0,14,0,hold,hold,627043.0,mm_join_12,0.0,627043.0,0.0,,,,
default,round1-day-2,-2,635600,62,62,long_60_plus,9990,10000,10,9995.0,9997.5,-5.0,cheap,0.5,2.5,buy_pressure,-6.5,True,shock,2,passive_two_sided,mm_inside,0,0,0,6,11,6,0,0,hold,hold,627043.0,mm_join_12,0.0,627043.0,0.0,,,,
default,round1-day-2,-2,639800,72,64,long_60_plus,9999,10008,9,10003.5,10001.322580645161,3.5,rich,-0.4838709677419355,-2.177419354839003,sell_pressure,6.5,True,shock,2,clear_sell,take1,0,8,8,0,11,0,11,1,sell_take1_16,take1,726927.0,hold,34.0,726927.0,0.0,take_b1,,,
default,round1-day-2,-2,641600,64,64,long_60_plus,9988,9998,10,9993.0,9995.142857142857,-7.0,cheap,0.42857142857142855,2.142857142856883,buy_pressure,-3.0,True,shock,2,passive_two_sided,mm_inside,0,0,0,6,11,6,0,0,hold,hold,646935.0,mm_join_12,0.0,646935.0,0.0,,,,
default,round1-day-2,-2,643800,70,70,long_60_plus,9997,10006,9,10001.5,9998.8,1.5,neutral,-0.6,-2.7000000000007276,sell_pressure,5.5,True,shock,2,passive_two_sided,mm_inside,0,0,0,6,11,0,11,0,sell_take1_16,take1,706869.0,hold,12.0,706857.0,12.0,,,,
default,round1-day-2,-2,644000,70,70,long_60_plus,9993,10006,13,9999.5,9994.3,-0.5,neutral,-0.8,-5.200000000000728,sell_pressure,5.0,True,shock,2,passive_two_sided,mm_inside,0,0,0,6,11,0,11,0,sell_take1_16,take1,706857.0,hold,12.0,706845.0,12.0,,,,
default,round1-day-2,-2,646300,66,66,long_60_plus,9987,9999,12,9993.0,9997.758620689656,-7.0,cheap,0.7931034482758621,4.7586206896558,buy_pressure,-4.0,True,shock,1,passive_one_sided_buy,one_sided_mm,0,0,0,6,0,6,0,0,hold,hold,666845.0,mm_join_12,0.0,666845.0,0.0,passive_inside_buy,,,
default,round1-day-2,-2,648200,63,63,long_60_plus,9994,10004,10,9999.0,9995.666666666666,-1.0,neutral,-0.6666666666666666,-3.3333333333339397,sell_pressure,3.5,True,shock,2,passive_two_sided,mm_inside,0,0,0,6,11,0,11,0,hold,hold,636830.0,mm_join_12,0.0,636830.0,0.0,,,,
default,round1-day-2,-2,655100,60,60,long_60_plus,9988,9998,10,9993.0,9995.142857142857,-7.0,cheap,0.42857142857142855,2.142857142856883,buy_pressure,-2.0,True,shock,2,passive_two_sided,mm_inside,0,0,0,6,11,6,0,0,hold,hold,606672.0,mm_join_12,0.0,606672.0,0.0,,,,
default,round1-day-2,-2,656400,60,60,long_60_plus,9989,9999,10,9994.0,9997.235294117647,-6.0,cheap,0.6470588235294118,3.235294117646845,buy_pressure,-4.5,True,shock,2,passive_two_sided,mm_inside,0,0,0,6,11,6,0,0,hold,hold,606672.0,mm_join_12,0.0,606672.0,0.0,,,,
default,round1-day-2,-2,657300,67,67,long_60_plus,9996,10006,10,10001.0,9998.307692307691,1.0,neutral,-0.5384615384615384,-2.692307692308532,sell_pressure,2.0,False,steady,2,passive_two_sided,mm_inside,0,0,0,9,14,0,14,0,hold,hold,676597.0,mm_join_12,0.0,676597.0,0.0,,,,
default,round1-day-2,-2,657700,67,67,long_60_plus,9996,10007,11,10001.5,9998.75,1.5,neutral,-0.5,-2.75,sell_pressure,1.5,False,steady,2,passive_two_sided,mm_inside,0,0,0,9,14,0,14,0,hold,hold,676597.0,mm_join_12,0.0,676597.0,0.0,,,,
default,round1-day-2,-2,658200,67,67,long_60_plus,9991,10000,9,9995.5,9998.5,-4.5,cheap,0.6666666666666666,3.0,buy_pressure,-3.5,True,shock,1,passive_one_sided_buy,one_sided_mm,0,0,0,6,0,6,0,0,hold,hold,676597.0,mm_join_12,0.0,676597.0,0.0,passive_inside_buy,,,
default,round1-day-2,-2,660200,60,60,long_60_plus,9990,10000,10,9995.0,9998.57142857143,-5.0,cheap,0.7142857142857143,3.571428571429351,buy_pressure,-3.0,False,steady,1,passive_one_sided_buy,one_sided_mm,0,0,0,9,0,9,0,0,hold,hold,606491.0,mm_join_12,0.0,606491.0,0.0,passive_inside_buy,,,
default,round1-day-2,-2,662200,58,58,long_40_59,9995,10006,11,10000.5,9997.538461538461,0.5,neutral,-0.5384615384615384,-2.9615384615390212,sell_pressure,2.5,False,steady,2,passive_two_sided,mm_inside,0,0,0,9,14,0,14,0,hold,hold,586451.0,mm_join_12,0.0,586451.0,0.0,,,,
default,round1-day-2,-2,662700,55,55,long_40_59,9987,9999,12,9993.0,9998.25,-7.0,cheap,0.875,5.25,buy_pressure,-5.5,True,shock,1,passive_one_sided_buy,one_sided_mm,0,0,0,6,0,6,0,0,hold,hold,556439.0,mm_join_12,0.0,556439.0,0.0,passive_inside_buy,,,
default,round1-day-2,-2,665200,72,72,long_60_plus,9994,10004,10,9999.0,9996.5,-1.0,neutral,-0.5,-2.5,sell_pressure,8.0,True,shock,2,passive_two_sided,mm_inside,0,0,0,6,11,0,11,0,hold,hold,726309.0,mm_join_12,0.0,726309.0,0.0,,,,
default,round1-day-2,-2,671100,53,53,long_40_59,9988,9998,10,9993.0,9995.5,-7.0,cheap,0.5,2.5,buy_pressure,-3.0,True,shock,2,passive_two_sided,mm_inside,0,0,0,6,11,6,0,0,hold,hold,536287.0,mm_join_12,0.0,536287.0,0.0,,,,
default,round1-day-2,-2,673700,69,69,long_60_plus,9992,10003,11,9997.5,9994.315789473685,-2.5,cheap,-0.5789473684210527,-3.184210526314928,sell_pressure,7.5,True,shock,2,passive_two_sided,mm_inside,0,0,0,6,11,0,11,0,hold,hold,696156.0,mm_join_12,0.0,696156.0,0.0,,,,
default,round1-day-2,-2,677900,68,68,long_60_plus,9988,9998,10,9993.0,9996.823529411764,-7.0,cheap,0.7647058823529411,3.823529411763957,buy_pressure,-3.0,True,shock,2,passive_two_sided,mm_inside,0,0,0,6,11,6,0,0,hold,hold,686108.0,mm_join_12,0.0,686108.0,0.0,,,,
default,round1-day-2,-2,679200,68,74,long_60_plus,9985,9997,12,9991.0,9995.615384615385,-9.0,cheap,0.7692307692307693,4.615384615384755,buy_pressure,-5.0,True,shock,2,passive_two_sided,mm_inside,0,0,0,6,11,6,0,0,mm_inside_12,mm_inside,686108.0,mm_inside_20,0.0,686108.0,0.0,,,,
default,round1-day-2,-2,680700,68,68,long_60_plus,9989,9998,9,9993.5,9995.35294117647,-6.5,cheap,0.4117647058823529,1.8529411764702672,buy_pressure,-2.5,True,shock,2,passive_two_sided,mm_inside,0,0,0,6,11,6,0,0,hold,hold,685995.0,mm_join_12,0.0,685995.0,0.0,,,,
default,round1-day-2,-2,682900,63,63,long_60_plus,9996,10007,11,10001.5,9997.833333333334,1.5,neutral,-0.6666666666666666,-3.6666666666660603,sell_pressure,2.5,False,steady,2,passive_two_sided,mm_inside,0,0,0,9,14,0,14,0,hold,hold,636000.0,mm_join_12,0.0,636000.0,0.0,,,,
default,round1-day-2,-2,685000,63,63,long_60_plus,9987,9999,12,9993.0,9997.064516129032,-7.0,cheap,0.6774193548387096,4.064516129032199,buy_pressure,-4.0,True,shock,1,passive_one_sided_buy,one_sided_mm,0,0,0,6,0,6,0,0,hold,hold,636000.0,mm_join_12,0.0,636000.0,0.0,passive_inside_buy,,,
default,round1-day-2,-2,688900,59,59,long_40_59,9996,10007,11,10001.5,9998.894736842105,1.5,neutral,-0.47368421052631576,-2.605263157895024,sell_pressure,2.5,False,steady,2,passive_two_sided,mm_inside,0,0,0,9,14,0,14,0,hold,hold,595932.0,mm_join_12,0.0,595932.0,0.0,,,,
default,round1-day-2,-2,690200,61,61,long_60_plus,9995,10006,11,10000.5,9997.315789473685,0.5,neutral,-0.5789473684210527,-3.184210526314928,sell_pressure,2.5,False,steady,2,passive_two_sided,mm_inside,0,0,0,9,14,0,14,0,hold,hold,615903.0,mm_join_12,0.0,615903.0,0.0,,,,
default,round1-day-2,-2,693100,61,61,long_60_plus,9996,10007,11,10001.5,9997.692307692309,1.5,neutral,-0.6923076923076923,-3.807692307691468,sell_pressure,1.5,False,steady,2,passive_two_sided,mm_inside,0,0,0,9,14,0,14,0,hold,hold,615903.0,mm_join_12,0.0,615903.0,0.0,,,,
default,round1-day-2,-2,696000,64,64,long_60_plus,9997,10007,10,10002.0,9999.142857142857,2.0,rich,-0.5714285714285714,-2.857142857143117,sell_pressure,2.0,False,steady,1,passive_one_sided_buy,one_sided_mm,0,0,0,9,0,0,0,0,sell_take1_16,take1,645882.0,hold,3.0,645879.0,3.0,passive_inside_buy,,,
default,round1-day-2,-2,696200,64,64,long_60_plus,9997,10008,11,10002.5,10000.142857142857,2.5,rich,-0.42857142857142855,-2.357142857143117,sell_pressure,1.5,False,steady,1,passive_one_sided_sell,one_sided_mm,0,0,0,0,14,0,14,0,sell_take1_16,take1,645879.0,hold,3.0,645876.0,3.0,passive_inside_sell,,,
default,round1-day-2,-2,697400,64,64,long_60_plus,9998,10008,10,10003.0,9999.42857142857,3.0,rich,-0.7142857142857143,-3.571428571429351,sell_pressure,-5.0,True,shock,1,passive_one_sided_sell,one_sided_mm,0,0,0,0,14,0,14,0,sell_take1_16,take1,645876.0,hold,4.0,645872.0,4.0,passive_inside_sell,,,
default,round1-day-2,-2,697500,64,64,long_60_plus,9992,10002,10,9997.0,9998.875,-3.0,cheap,0.375,1.875,buy_pressure,-6.0,True,shock,1,passive_one_sided_buy,one_sided_mm,0,0,0,6,0,6,0,0,hold,hold,645872.0,mm_join_12,0.0,645872.0,0.0,passive_inside_buy,,,
default,round1-day-2,-2,697600,64,64,long_60_plus,9992,10002,10,9997.0,9999.5,-3.0,cheap,0.5,2.5,buy_pressure,0.0,False,steady,1,passive_one_sided_buy,one_sided_mm,0,0,0,9,0,9,0,0,hold,hold,645872.0,mm_join_12,0.0,645872.0,0.0,passive_inside_buy,,,
default,round1-day-2,-2,700800,80,80,long_60_plus,9991,10000,9,9995.5,9997.75,-4.5,cheap,0.5,2.25,buy_pressure,-3.5,True,shock,0,hold,hold,0,0,0,0,0,0,0,0,hold,hold,805745.0,mm_join_12,0.0,805745.0,0.0,,,,
default,round1-day-2,-2,703700,80,80,long_60_plus,9996,10006,10,10001.0,9997.333333333334,1.0,neutral,-0.7333333333333333,-3.6666666666660603,sell_pressure,3.0,False,steady,1,passive_one_sided_sell,one_sided_mm,0,0,0,0,14,0,14,0,hold,hold,805745.0,mm_join_12,0.0,805745.0,0.0,passive_inside_sell,,,
default,round1-day-2,-2,704400,80,80,long_60_plus,9996,10006,10,10001.0,9998.142857142857,1.0,neutral,-0.5714285714285714,-2.857142857143117,sell_pressure,-8.0,True,shock,1,passive_one_sided_sell,one_sided_mm,0,0,0,0,14,0,14,0,hold,hold,805745.0,mm_join_12,0.0,805745.0,0.0,passive_inside_sell,,,
default,round1-day-2,-2,705800,80,80,long_60_plus,9990,10000,10,9995.0,9998.0,-5.0,cheap,0.6,3.0,buy_pressure,-3.0,False,steady,0,hold,hold,0,0,0,0,0,0,0,0,hold,hold,805745.0,mm_join_12,0.0,805745.0,0.0,,,,
default,round1-day-2,-2,706100,80,80,long_60_plus,9995,10006,11,10000.5,9997.75,0.5,neutral,-0.5,-2.75,sell_pressure,2.5,False,steady,1,passive_one_sided_sell,one_sided_mm,0,0,0,0,14,0,14,0,hold,hold,805745.0,mm_join_12,0.0,805745.0,0.0,passive_inside_sell,,,
default,round1-day-2,-2,706400,80,80,long_60_plus,9997,10008,11,10002.5,9999.357142857143,2.5,rich,-0.5714285714285714,-3.142857142856883,sell_pressure,3.5,True,shock,1,passive_one_sided_sell,one_sided_mm,0,0,0,0,11,0,11,0,sell_take1_16,take1,805745.0,hold,12.0,805733.0,12.0,passive_inside_sell,,,
default,round1-day-2,-2,707400,71,71,long_60_plus,9993,10003,10,9998.0,10001.461538461539,-2.0,cheap,0.6923076923076923,3.4615384615390212,buy_pressure,-3.0,False,steady,1,passive_one_sided_buy,one_sided_mm,0,0,0,9,0,9,0,0,hold,hold,715643.0,mm_join_12,0.0,715643.0,0.0,passive_inside_buy,,,
default,round1-day-2,-2,707800,71,71,long_60_plus,9999,10010,11,10004.5,10001.315789473685,4.5,rich,-0.5789473684210527,-3.184210526314928,sell_pressure,2.5,False,steady,1,passive_one_sided_sell,one_sided_mm,0,0,0,0,14,0,14,0,sell_take1_16,take1,715643.0,hold,26.0,715617.0,26.0,passive_inside_sell,,,
default,round1-day-2,-2,712300,68,68,long_60_plus,9991,10001,10,9996.0,9998.5,-4.0,cheap,0.5,2.5,buy_pressure,-2.0,False,steady,1,passive_one_sided_buy,one_sided_mm,0,0,0,9,0,9,0,0,hold,hold,685554.0,mm_join_12,0.0,685554.0,0.0,passive_inside_buy,,,
default,round1-day-2,-2,715700,80,80,long_60_plus,9986,9998,12,9992.0,9996.838709677419,-8.0,cheap,0.8064516129032258,4.838709677418592,buy_pressure,-5.0,True,shock,1,passive_one_sided_sell,one_sided_mm,0,0,0,0,11,0,0,0,hold,hold,805384.0,mm_join_12,0.0,805384.0,0.0,passive_inside_sell,1,9,1.0
default,round1-day-2,-2,719000,80,80,long_60_plus,9995,10006,11,10000.5,9998.142857142857,0.5,neutral,-0.42857142857142855,-2.357142857143117,sell_pressure,2.5,False,steady,1,passive_one_sided_sell,one_sided_mm,0,0,0,0,14,0,14,0,hold,hold,805384.0,mm_join_12,0.0,805384.0,0.0,passive_inside_sell,,,
default,round1-day-2,-2,722100,75,75,long_60_plus,9989,9999,10,9994.0,9997.333333333334,-6.0,cheap,0.6666666666666666,3.3333333333339397,buy_pressure,-5.0,True,shock,1,passive_one_sided_buy,one_sided_mm,0,0,0,5,0,5,0,0,hold,hold,755359.0,mm_join_12,0.0,755359.0,0.0,passive_inside_buy,,,
default,round1-day-2,-2,722400,80,80,long_60_plus,9995,10006,11,10000.5,9997.933333333332,0.5,neutral,-0.4666666666666667,-2.5666666666675155,sell_pressure,8.0,True,shock,1,passive_one_sided_sell,one_sided_mm,0,0,0,0,11,0,11,0,sell_take1_16,take1,805314.0,hold,22.0,805292.0,22.0,passive_inside_sell,,,
default,round1-day-2,-2,727800,71,71,long_60_plus,9992,10001,9,9996.5,9999.5,-3.5,cheap,0.6666666666666666,3.0,buy_pressure,-5.0,True,shock,1,passive_one_sided_buy,one_sided_mm,0,0,0,6,0,6,0,0,hold,hold,715252.0,mm_join_12,0.0,715252.0,0.0,passive_inside_buy,,,
default,round1-day-2,-2,728200,71,71,long_60_plus,9997,10007,10,10002.0,9999.0,2.0,rich,-0.6,-3.0,sell_pressure,1.0,False,steady,1,passive_one_sided_buy,one_sided_mm,0,0,0,9,0,0,0,0,hold,hold,715252.0,mm_join_12,0.0,715252.0,0.0,passive_inside_buy,,,
default,round1-day-2,-2,734800,64,64,long_60_plus,9989,9999,10,9994.0,9996.142857142857,-6.0,cheap,0.42857142857142855,2.142857142856883,buy_pressure,-8.0,True,shock,2,passive_two_sided,mm_inside,0,0,0,6,11,6,0,0,hold,hold,645193.0,mm_join_12,0.0,645193.0,0.0,,,,
default,round1-day-2,-2,735100,64,64,long_60_plus,9995,10005,10,10000.0,9997.941176470587,0.0,neutral,-0.4117647058823529,-2.0588235294126207,sell_pressure,3.0,False,steady,2,passive_two_sided,mm_inside,0,0,0,9,14,0,14,0,hold,hold,645193.0,mm_join_12,0.0,645193.0,0.0,,,,
default,round1-day-2,-2,736500,70,70,long_60_plus,9987,9996,9,9991.5,9993.35294117647,-8.5,cheap,0.4117647058823529,1.8529411764702672,buy_pressure,-4.0,True,shock,2,passive_two_sided,mm_inside,0,0,0,6,11,6,0,0,buy_take1_16,take1,705129.0,hold,1.0,705128.0,1.0,,,,
default,round1-day-2,-2,739000,66,66,long_60_plus,9996,10006,10,10001.0,9998.142857142857,1.0,neutral,-0.5714285714285714,-2.857142857143117,sell_pressure,-6.0,True,shock,2,passive_two_sided,mm_inside,0,0,0,9,14,0,14,0,hold,hold,665124.0,mm_join_12,0.0,665124.0,0.0,,,,
default,round1-day-2,-2,741400,76,76,long_60_plus,9990,10000,10,9995.0,9998.0,-5.0,cheap,0.6,3.0,buy_pressure,1.5,False,steady,1,passive_one_sided_buy,one_sided_mm,0,0,0,4,0,4,0,0,hold,hold,765084.0,mm_join_12,0.0,765084.0,0.0,passive_inside_buy,,,
default,round1-day-2,-2,741700,76,76,long_60_plus,9991,10000,9,9995.5,9998.8,-4.5,cheap,0.7333333333333333,3.2999999999992724,buy_pressure,-3.5,True,shock,2,passive_two_sided,mm_inside,0,0,0,4,11,4,0,0,hold,hold,765084.0,mm_join_12,0.0,765084.0,0.0,,,,
default,round1-day-2,-2,741800,76,76,long_60_plus,9996,10007,11,10001.5,9997.692307692309,1.5,neutral,-0.6923076923076923,-3.807692307691468,sell_pressure,6.0,True,shock,2,passive_two_sided,mm_inside,0,0,0,4,11,0,11,0,hold,hold,765084.0,mm_join_12,0.0,765084.0,0.0,,,,
default,round1-day-2,-2,742500,76,76,long_60_plus,9997,10007,10,10002.0,9999.142857142857,2.0,rich,-0.5714285714285714,-2.857142857143117,sell_pressure,-5.0,True,shock,1,passive_one_sided_buy,one_sided_mm,0,0,0,4,0,0,0,0,sell_take1_16,take1,765084.0,hold,2.0,765082.0,2.0,passive_inside_buy,,,
default,round1-day-2,-2,742900,69,69,long_60_plus,9991,10000,9,9995.5,9997.882352941177,-4.5,cheap,0.5294117647058824,2.3823529411765776,buy_pressure,-8.0,True,shock,2,passive_two_sided,mm_inside,0,0,0,6,11,6,0,0,hold,hold,695082.0,mm_join_12,0.0,695082.0,0.0,,,,
default,round1-day-2,-2,746700,67,67,long_60_plus,9989,9999,10,9994.0,9996.222222222223,-6.0,cheap,0.4444444444444444,2.2222222222226264,buy_pressure,-3.0,True,shock,2,passive_two_sided,mm_inside,0,0,0,6,11,6,0,0,hold,hold,675072.0,mm_join_12,0.0,675072.0,0.0,,,,
default,round1-day-2,-2,748100,67,67,long_60_plus,9995,10005,10,10000.0,9997.105263157895,0.0,neutral,-0.5789473684210527,-2.894736842104976,sell_pressure,4.0,True,shock,2,passive_two_sided,mm_inside,0,0,0,6,11,0,11,0,hold,hold,675072.0,mm_join_12,0.0,675072.0,0.0,,,,
default,round1-day-2,-2,748700,67,67,long_60_plus,9994,10004,10,9999.0,9996.631578947368,-1.0,neutral,-0.47368421052631576,-2.3684210526316747,sell_pressure,1.5,False,steady,2,passive_two_sided,mm_inside,0,0,0,9,14,0,14,0,hold,hold,675072.0,mm_join_12,0.0,675072.0,0.0,,,,
default,round1-day-2,-2,748900,67,67,long_60_plus,9988,9998,10,9993.0,9995.5,-7.0,cheap,0.5,2.5,buy_pressure,-3.0,True,shock,2,passive_two_sided,mm_inside,0,0,0,6,11,6,0,0,hold,hold,675072.0,mm_join_12,0.0,675072.0,0.0,,,,
default,round1-day-2,-2,749600,67,67,long_60_plus,9994,10007,13,10000.5,9995.733333333334,0.5,neutral,-0.7333333333333333,-4.766666666666424,sell_pressure,3.0,False,steady,2,passive_two_sided,mm_inside,0,0,0,9,14,0,14,0,hold,hold,675072.0,mm_join_12,0.0,675072.0,0.0,,,,
default,round1-day-2,-2,755200,64,64,long_60_plus,9995,10005,10,10000.0,9997.142857142857,0.0,neutral,-0.5714285714285714,-2.857142857143117,sell_pressure,3.0,False,steady,2,passive_two_sided,mm_inside,0,0,0,9,14,0,14,0,hold,hold,644894.0,mm_join_12,0.0,644894.0,0.0,,,,
default,round1-day-2,-2,755800,60,60,long_60_plus,9993,10006,13,9999.5,9994.625,-0.5,neutral,-0.75,-4.875,sell_pressure,-1.0,False,steady,2,passive_two_sided,mm_inside,0,0,0,9,14,0,14,0,hold,hold,604906.0,mm_join_12,0.0,604906.0,0.0,,,,
default,round1-day-2,-2,758500,47,47,long_40_59,9994,10005,11,9999.5,9997.055555555555,-0.5,neutral,-0.4444444444444444,-2.444444444445253,sell_pressure,2.5,False,steady,1,passive_one_sided_sell,one_sided_mm,0,0,0,0,14,0,14,0,hold,hold,474867.0,mm_join_12,0.0,474867.0,0.0,passive_inside_sell,,,
default,round1-day-2,-2,758900,47,47,long_40_59,9989,9998,9,9993.5,9996.941176470587,-6.5,cheap,0.7647058823529411,3.4411764705873793,buy_pressure,-2.5,True,shock,1,passive_one_sided_buy,one_sided_mm,0,0,0,7,0,7,0,0,hold,hold,474867.0,mm_join_12,0.0,474867.0,0.0,passive_inside_buy,,,
default,round1-day-2,-2,759800,60,60,long_60_plus,9989,9998,9,9993.5,9996.411764705883,-6.5,cheap,0.6470588235294118,2.911764705882888,buy_pressure,-4.5,True,shock,2,passive_two_sided,mm_inside,0,0,0,6,11,6,0,0,hold,hold,604749.0,mm_join_12,0.0,604749.0,0.0,,,,
default,round1-day-2,-2,760700,51,51,long_40_59,9988,9998,10,9993.0,9995.857142857143,-7.0,cheap,0.5714285714285714,2.857142857143117,buy_pressure,-4.0,True,shock,2,passive_two_sided,mm_inside,0,0,0,6,11,6,0,0,hold,hold,514737.0,mm_join_12,0.0,514737.0,0.0,,,,
default,round1-day-2,-2,762000,51,51,long_40_59,9989,9998,9,9993.5,9996.8,-6.5,cheap,0.7333333333333333,3.2999999999992724,buy_pressure,-3.5,True,shock,2,passive_two_sided,mm_inside,0,0,0,6,11,6,0,0,hold,hold,514737.0,mm_join_12,0.0,514737.0,0.0,,,,
default,round1-day-2,-2,762900,49,49,long_40_59,9995,10005,10,10000.0,9997.857142857143,0.0,neutral,-0.42857142857142855,-2.142857142856883,sell_pressure,3.0,False,steady,1,passive_one_sided_sell,one_sided_mm,0,0,0,0,14,0,14,0,hold,hold,494729.0,mm_join_12,0.0,494729.0,0.0,passive_inside_sell,,,
default,round1-day-2,-2,763600,51,51,long_40_59,9986,9998,12,9992.0,9996.588235294117,-8.0,cheap,0.7647058823529411,4.588235294117112,buy_pressure,-5.0,True,shock,2,passive_two_sided,mm_inside,0,0,0,6,11,6,0,0,hold,hold,514709.0,mm_join_12,0.0,514709.0,0.0,,,,
default,round1-day-2,-2,764600,51,51,long_40_59,9988,9997,9,9992.5,9995.105263157895,-7.5,cheap,0.5789473684210527,2.605263157895024,buy_pressure,-3.5,True,shock,2,passive_two_sided,mm_inside,0,0,0,6,11,6,0,0,hold,hold,514709.0,mm_join_12,0.0,514709.0,0.0,,,,
default,round1-day-2,-2,765200,59,54,long_40_59,9993,10003,10,9998.0,9995.0,-2.0,cheap,-0.6,-3.0,sell_pressure,4.0,True,shock,2,passive_two_sided,mm_inside,0,0,0,6,11,0,11,0,mm_inside_12,mm_inside,594621.0,mm_inside_20,0.0,594621.0,0.0,,,,
default,round1-day-2,-2,766000,54,54,long_40_59,9992,10003,11,9997.5,9995.142857142857,-2.5,cheap,-0.42857142857142855,-2.357142857143117,sell_pressure,2.5,False,steady,2,passive_two_sided,mm_inside,0,0,0,9,14,0,14,0,hold,hold,544611.0,mm_join_12,0.0,544611.0,0.0,,,,
default,round1-day-2,-2,770400,39,39,long_20_39,9994,10005,11,9999.5,9996.357142857143,-0.5,neutral,-0.5714285714285714,-3.142857142856883,sell_pressure,2.5,False,steady,1,passive_one_sided_sell,one_sided_mm,0,0,0,0,12,0,12,0,hold,hold,394592.0,mm_join_12,0.0,394592.0,0.0,passive_inside_sell,,,
default,round1-day-2,-2,771700,39,39,long_20_39,9989,9999,10,9994.0,9996.857142857143,-6.0,cheap,0.5714285714285714,2.857142857143117,buy_pressure,-3.0,True,shock,1,passive_one_sided_buy,one_sided_mm,0,0,0,10,0,10,0,0,hold,hold,394592.0,mm_join_12,0.0,394592.0,0.0,passive_inside_buy,,,
default,round1-day-2,-2,773800,33,33,long_20_39,9990,9999,9,9994.5,9997.07142857143,-5.5,cheap,0.5714285714285714,2.571428571429351,buy_pressure,-3.0,False,steady,1,passive_one_sided_buy,one_sided_mm,0,0,0,13,0,13,0,0,hold,hold,334568.0,mm_join_12,0.0,334568.0,0.0,passive_inside_buy,,,
default,round1-day-2,-2,774300,37,37,long_20_39,9989,9999,10,9994.0,9997.666666666666,-6.0,cheap,0.7333333333333333,3.6666666666660603,buy_pressure,-4.0,True,shock,1,passive_one_sided_buy,one_sided_mm,0,0,0,10,0,10,0,0,hold,hold,374532.0,mm_join_12,0.0,374532.0,0.0,passive_inside_buy,,,
default,round1-day-2,-2,776000,32,32,long_20_39,9989,9999,10,9994.0,9996.857142857143,-6.0,cheap,0.5714285714285714,2.857142857143117,buy_pressure,-3.0,True,shock,1,passive_one_sided_buy,one_sided_mm,0,0,0,10,0,10,0,0,hold,hold,324512.0,mm_join_12,0.0,324512.0,0.0,passive_inside_buy,,,
default,round1-day-2,-2,778200,34,34,long_20_39,9989,9999,10,9994.0,9996.894736842105,-6.0,cheap,0.5789473684210527,2.894736842104976,buy_pressure,4.0,True,shock,1,passive_one_sided_buy,one_sided_mm,0,0,0,10,0,10,0,0,hold,hold,344392.0,mm_join_12,0.0,344392.0,0.0,passive_inside_buy,,,
default,round1-day-2,-2,779200,37,37,long_20_39,9995,10006,11,10000.5,9997.933333333332,0.5,neutral,-0.4666666666666667,-2.5666666666675155,sell_pressure,2.5,False,steady,1,passive_one_sided_sell,one_sided_mm,0,0,0,0,12,0,12,0,hold,hold,374369.0,mm_join_12,0.0,374369.0,0.0,passive_inside_sell,,,
default,round1-day-2,-2,780700,37,37,long_20_39,9998,10007,9,10002.5,9999.44,2.5,rich,-0.68,-3.0599999999994907,sell_pressure,13.5,True,shock,1,passive_one_sided_sell,one_sided_mm,0,0,0,0,12,0,12,0,sell_take1_16,take1,374369.0,hold,8.0,374361.0,8.0,passive_inside_sell,,,
default,round1-day-2,-2,781700,37,37,long_20_39,9988,9997,9,9992.5,9995.5,-7.5,cheap,0.6666666666666666,3.0,buy_pressure,-3.0,True,shock,1,passive_one_sided_buy,one_sided_mm,0,0,0,10,0,10,0,0,hold,hold,374361.0,mm_join_12,0.0,374361.0,0.0,passive_inside_buy,,,
default,round1-day-2,-2,785900,50,50,long_40_59,9993,10004,11,9998.5,9995.75,-1.5,neutral,-0.5,-2.75,sell_pressure,3.5,True,shock,2,passive_two_sided,mm_inside,0,0,0,6,11,0,11,0,hold,hold,504292.0,mm_join_12,0.0,504292.0,0.0,,,,
default,round1-day-2,-2,788300,58,58,long_40_59,9993,10003,10,9998.0,9994.25,-2.0,cheap,-0.75,-3.75,sell_pressure,3.0,False,steady,2,passive_two_sided,mm_inside,0,0,0,9,14,9,14,0,hold,hold,584230.0,mm_join_12,0.0,584230.0,0.0,,,,
default,round1-day-2,-2,789800,48,48,long_40_59,9993,10006,13,9999.5,9995.6,-0.5,neutral,-0.6,-3.899999999999636,sell_pressure,4.0,True,shock,1,passive_one_sided_sell,one_sided_mm,0,0,0,0,11,0,11,0,hold,hold,484235.0,mm_join_12,0.0,484235.0,0.0,passive_inside_sell,,,
default,round1-day-2,-2,792200,53,53,long_40_59,9993,10003,10,9998.0,9995.0,-2.0,cheap,-0.6,-3.0,sell_pressure,3.0,False,steady,2,passive_two_sided,mm_inside,0,0,0,9,14,0,14,0,hold,hold,534178.0,mm_join_12,0.0,534178.0,0.0,,,,
default,round1-day-2,-2,793800,46,46,long_40_59,9987,9996,9,9991.5,9993.882352941177,-8.5,cheap,0.5294117647058824,2.3823529411765776,buy_pressure,-3.5,True,shock,1,passive_one_sided_buy,one_sided_mm,0,0,0,7,0,7,0,0,buy_take1_16,take1,464150.0,hold,2.0,464148.0,2.0,passive_inside_buy,,,
default,round1-day-2,-2,797400,53,53,long_40_59,9984,9996,12,9990.0,9995.04,-10.0,cheap,0.84,5.040000000000873,buy_pressure,-5.0,True,shock,2,passive_two_sided,mm_inside,0,0,0,6,11,6,0,0,hold,hold,534060.0,mm_join_12,0.0,534060.0,0.0,,,,
default,round1-day-2,-2,799100,53,53,long_40_59,9985,9997,12,9991.0,9995.235294117647,-9.0,cheap,0.7058823529411765,4.235294117646845,buy_pressure,-5.0,True,shock,2,passive_two_sided,mm_inside,0,0,0,6,11,6,0,0,hold,hold,534060.0,mm_join_12,0.0,534060.0,0.0,,,,
default,round1-day-2,-2,800100,46,49,long_40_59,9988,9997,9,9992.5,9995.3125,-7.5,cheap,0.625,2.8125,buy_pressure,-1.5,True,shock,1,passive_one_sided_buy,one_sided_mm,0,0,0,7,0,7,0,0,mm_inside_12,mm_inside,464025.0,mm_inside_20,0.0,464025.0,0.0,passive_inside_buy,,,
default,round1-day-2,-2,800500,49,49,long_40_59,9988,9997,9,9992.5,9994.35294117647,-7.5,cheap,0.4117647058823529,1.8529411764702672,buy_pressure,-3.5,True,shock,1,passive_one_sided_buy,one_sided_mm,0,0,0,7,0,7,0,0,hold,hold,493992.0,mm_join_12,0.0,493992.0,0.0,passive_inside_buy,,,
default,round1-day-2,-2,802400,51,51,long_40_59,9992,10002,10,9997.0,9993.25,-3.0,cheap,-0.75,-3.75,sell_pressure,4.0,True,shock,2,passive_two_sided,mm_inside,0,0,0,6,11,0,11,0,hold,hold,513968.0,mm_join_12,0.0,513968.0,0.0,,,,
default,round1-day-2,-2,808400,48,40,long_40_59,9990,10001,11,9995.5,9991.692307692309,-4.5,cheap,-0.6923076923076923,-3.807692307691468,sell_pressure,2.5,False,steady,1,passive_one_sided_sell,one_sided_mm,0,0,0,0,14,0,14,0,mm_inside_12,mm_inside,483932.0,mm_inside_20,0.0,483932.0,0.0,passive_inside_sell,,,
default,round1-day-2,-2,810400,37,37,long_20_39,9988,9998,10,9993.0,9989.42857142857,-7.0,cheap,-0.7142857142857143,-3.571428571429351,sell_pressure,3.0,True,shock,1,passive_one_sided_sell,one_sided_mm,0,0,0,0,9,0,9,0,hold,hold,373938.0,mm_join_12,0.0,373938.0,0.0,passive_inside_sell,,,
default,round1-day-2,-2,810900,37,37,long_20_39,9989,10000,11,9994.5,9992.4375,-5.5,cheap,-0.375,-2.0625,sell_pressure,2.5,False,steady,1,passive_one_sided_sell,one_sided_mm,0,0,0,0,12,0,12,0,hold,hold,373938.0,mm_join_12,0.0,373938.0,0.0,passive_inside_sell,,,
default,round1-day-2,-2,811300,37,37,long_20_39,9985,9994,9,9989.5,9991.631578947368,-10.5,cheap,0.47368421052631576,2.1315789473683253,buy_pressure,-2.0,True,shock,1,passive_one_sided_buy,one_sided_mm,0,0,0,10,0,10,0,0,buy_take1_16,take1,373938.0,buy_take2_32,0.0,373923.0,15.0,passive_inside_buy,,,
default,round1-day-2,-2,812100,37,37,long_20_39,9991,10002,11,9996.5,9994.666666666666,-3.5,cheap,-0.3333333333333333,-1.8333333333339397,mixed_pressure,3.5,True,shock,1,passive_one_sided_sell,one_sided_mm,0,0,0,0,9,0,9,0,hold,hold,373923.0,mm_join_12,0.0,373923.0,0.0,passive_inside_sell,,,
default,round1-day-2,-2,812600,37,37,long_20_39,9991,10002,11,9996.5,9993.894736842105,-3.5,cheap,-0.47368421052631576,-2.605263157895024,sell_pressure,2.0,False,steady,1,passive_one_sided_sell,one_sided_mm,0,0,0,0,12,0,12,0,hold,hold,373923.0,mm_join_12,0.0,373923.0,0.0,passive_inside_sell,,,
default,round1-day-2,-2,815800,44,44,long_40_59,9993,10003,10,9998.0,9995.5,-2.0,cheap,-0.5,-2.5,sell_pressure,3.0,False,steady,1,passive_one_sided_sell,one_sided_mm,0,0,0,0,14,0,14,0,hold,hold,443850.0,mm_join_12,0.0,443850.0,0.0,passive_inside_sell,,,
default,round1-day-2,-2,816300,44,44,long_40_59,9988,9998,10,9993.0,9995.5,-7.0,cheap,0.5,2.5,buy_pressure,-3.0,True,shock,1,passive_one_sided_buy,one_sided_mm,0,0,0,7,0,7,0,0,hold,hold,443850.0,mm_join_12,0.0,443850.0,0.0,passive_inside_buy,,,
default,round1-day-2,-2,818300,54,54,long_40_59,9988,9998,10,9993.0,9996.75,-7.0,cheap,0.75,3.75,buy_pressure,-3.0,True,shock,2,passive_two_sided,mm_inside,0,0,0,6,11,6,0,0,hold,hold,543740.0,mm_join_12,0.0,543740.0,0.0,,,,
default,round1-day-2,-2,820500,59,59,long_40_59,9994,10007,13,10000.5,9995.3,0.5,neutral,-0.8,-5.200000000000728,sell_pressure,4.5,True,shock,2,passive_two_sided,mm_inside,0,0,0,6,11,0,11,0,hold,hold,593710.0,mm_join_12,0.0,593710.0,0.0,,,,
default,round1-day-2,-2,821300,59,59,long_40_59,9989,9998,9,9993.5,9995.75,-6.5,cheap,0.5,2.25,buy_pressure,-5.0,True,shock,2,passive_two_sided,mm_inside,0,0,0,6,11,6,0,0,hold,hold,593696.0,mm_join_12,0.0,593696.0,0.0,,,,
default,round1-day-2,-2,822900,52,52,long_40_59,9989,9998,9,9993.5,9995.75,-6.5,cheap,0.5,2.25,buy_pressure,-1.5,True,shock,2,passive_two_sided,mm_inside,0,0,0,6,11,6,0,0,hold,hold,523668.0,mm_join_12,0.0,523668.0,0.0,,,,
default,round1-day-2,-2,823600,52,52,long_40_59,9989,9998,9,9993.5,9995.35294117647,-6.5,cheap,0.4117647058823529,1.8529411764702672,buy_pressure,-3.5,True,shock,2,passive_two_sided,mm_inside,0,0,0,6,11,6,0,0,hold,hold,523668.0,mm_join_12,0.0,523668.0,0.0,,,,
default,round1-day-2,-2,823900,52,52,long_40_59,9988,9998,10,9993.0,9994.666666666666,-7.0,cheap,0.3333333333333333,1.6666666666660603,mixed_pressure,-3.0,True,shock,2,passive_two_sided,mm_inside,0,0,0,6,11,6,0,0,hold,hold,523668.0,mm_join_12,0.0,523668.0,0.0,,,,
default,round1-day-2,-2,824900,59,59,long_40_59,9993,10006,13,9999.5,9994.258064516129,-0.5,neutral,-0.8064516129032258,-5.2419354838712025,sell_pressure,4.5,True,shock,2,passive_two_sided,mm_inside,0,0,0,6,11,0,11,0,sell_take1_16,take1,593619.0,hold,19.0,593600.0,19.0,,,,
default,round1-day-2,-2,825700,69,69,long_60_plus,9988,9998,10,9993.0,9995.894736842105,-7.0,cheap,0.5789473684210527,2.894736842104976,buy_pressure,-4.5,True,shock,2,passive_two_sided,mm_inside,0,0,0,6,11,6,0,0,hold,hold,693520.0,mm_join_12,0.0,693520.0,0.0,,,,
default,round1-day-2,-2,827200,69,69,long_60_plus,9989,9998,9,9993.5,9996.941176470587,-6.5,cheap,0.7647058823529411,3.4411764705873793,buy_pressure,-2.5,True,shock,2,passive_two_sided,mm_inside,0,0,0,6,11,6,0,0,hold,hold,693520.0,mm_join_12,0.0,693520.0,0.0,,,,
default,round1-day-2,-2,828600,69,69,long_60_plus,9995,10006,11,10000.5,9996.833333333334,0.5,neutral,-0.6666666666666666,-3.6666666666660603,sell_pressure,2.5,False,steady,2,passive_two_sided,mm_inside,0,0,0,9,14,0,14,0,hold,hold,693520.0,mm_join_12,0.0,693520.0,0.0,,,,
default,round1-day-2,-2,828800,69,69,long_60_plus,9990,9999,9,9994.5,9996.6,-5.5,cheap,0.4666666666666667,2.100000000000364,buy_pressure,-5.0,True,shock,2,passive_two_sided,mm_inside,0,0,0,6,11,6,0,0,hold,hold,693520.0,mm_join_12,0.0,693520.0,0.0,,,,
default,round1-day-2,-2,830300,74,74,long_60_plus,9992,10002,10,9997.0,10000.333333333334,-3.0,cheap,0.6666666666666666,3.3333333333339397,buy_pressure,-2.0,False,steady,1,passive_one_sided_buy,one_sided_mm,0,0,0,6,0,6,0,0,hold,hold,743451.0,mm_join_12,0.0,743451.0,0.0,passive_inside_buy,,,
default,round1-day-2,-2,831300,80,80,long_60_plus,9999,10012,13,10005.5,10000.969696969696,5.5,rich,-0.696969696969697,-4.530303030303912,sell_pressure,3.0,False,steady,1,passive_one_sided_sell,one_sided_mm,0,0,0,0,14,0,14,0,sell_take1_16,take1,803443.0,sell_take2_32,0.0,803424.0,19.0,passive_inside_sell,,,
default,round1-day-2,-2,833400,80,76,long_60_plus,10001,10012,11,10006.5,10003.588235294117,6.5,rich,-0.5294117647058824,-2.911764705882888,sell_pressure,2.5,True,shock,2,clear_sell,take1,0,4,4,0,11,0,11,1,sell_take1_16,take1,803368.0,hold,4.0,803368.0,0.0,take_b1,,,
default,round1-day-2,-2,834500,71,71,long_60_plus,9995,10005,10,10000.0,10002.142857142857,0.0,neutral,0.42857142857142855,2.142857142856883,buy_pressure,-3.0,False,steady,1,passive_one_sided_buy,one_sided_mm,0,0,0,9,0,9,0,0,hold,hold,713314.0,mm_join_12,0.0,713314.0,0.0,passive_inside_buy,,,
default,round1-day-2,-2,834900,71,71,long_60_plus,10000,10013,13,10006.5,10001.925925925925,6.5,rich,-0.7037037037037037,-4.574074074074815,sell_pressure,2.0,True,shock,1,passive_one_sided_sell,one_sided_mm,0,0,0,0,11,0,11,0,hold,hold,713314.0,mm_join_12,0.0,713314.0,0.0,passive_inside_sell,,,
default,round1-day-2,-2,836200,69,69,long_60_plus,9994,10004,10,9999.0,10001.368421052632,-1.0,neutral,0.47368421052631576,2.3684210526316747,buy_pressure,-1.5,False,steady,2,passive_two_sided,mm_inside,0,0,0,9,14,9,14,0,hold,hold,693294.0,mm_join_12,0.0,693294.0,0.0,,,,
default,round1-day-2,-2,840300,73,69,long_60_plus,10001,10011,10,10006.0,10003.5,6.0,rich,-0.5,-2.5,sell_pressure,2.5,True,shock,2,clear_sell,take1,0,4,4,0,11,0,11,1,sell_take1_16,take1,733169.0,hold,19.0,733169.0,0.0,take_b1,,,
default,round1-day-2,-2,845400,74,70,long_60_plus,10005,10014,9,10009.5,10006.285714285714,9.5,rich,-0.7142857142857143,-3.214285714286234,sell_pressure,6.5,True,shock,3,clear_sell,take1,0,8,8,0,11,0,11,1,sell_take1_16,take1,743100.0,hold,20.0,743100.0,0.0,take_b1,,,
default,round1-day-2,-2,845800,70,70,long_60_plus,9995,10004,9,9999.5,10001.882352941177,-0.5,neutral,0.5294117647058824,2.3823529411765776,buy_pressure,-3.5,True,shock,1,passive_one_sided_buy,one_sided_mm,0,0,0,6,0,6,0,0,hold,hold,703080.0,mm_join_12,0.0,703080.0,0.0,passive_inside_buy,,,
default,round1-day-2,-2,847900,57,53,long_40_59,10003,10013,10,10008.0,10005.857142857143,8.0,rich,-0.42857142857142855,-2.142857142856883,sell_pressure,4.0,True,shock,2,clear_sell,take1,0,4,4,0,11,0,11,1,sell_take1_16,take1,572990.0,hold,12.0,572990.0,0.0,take_b1,,,
default,round1-day-2,-2,848800,53,53,long_40_59,9997,10007,10,10002.0,10005.57142857143,2.0,rich,0.7142857142857143,3.571428571429351,buy_pressure,-3.0,False,steady,1,passive_one_sided_buy,one_sided_mm,0,0,0,9,0,9,0,0,hold,hold,532978.0,mm_join_12,0.0,532978.0,0.0,passive_inside_buy,,,
default,round1-day-2,-2,851000,66,66,long_60_plus,10000,10013,13,10006.5,10001.3,6.5,rich,-0.8,-5.200000000000728,sell_pressure,4.5,True,shock,1,passive_one_sided_sell,one_sided_mm,0,0,0,0,11,0,11,0,hold,hold,662927.0,mm_join_12,0.0,662927.0,0.0,passive_inside_sell,,,
default,round1-day-2,-2,851500,60,56,long_60_plus,10001,10011,10,10006.0,10003.666666666666,6.0,rich,-0.4666666666666667,-2.3333333333339397,sell_pressure,-4.0,True,shock,2,clear_sell,take1,0,4,4,0,11,0,11,1,sell_take1_16,take1,602867.0,hold,4.0,602867.0,0.0,take_b1,,,
default,round1-day-2,-2,852300,56,56,long_40_59,9994,10004,10,9999.0,10002.333333333334,-1.0,neutral,0.6666666666666666,3.3333333333339397,buy_pressure,-3.0,False,steady,1,passive_one_sided_buy,one_sided_mm,0,0,0,9,0,9,0,0,hold,hold,562863.0,mm_join_12,0.0,562863.0,0.0,passive_inside_buy,,,
default,round1-day-2,-2,857100,52,52,long_40_59,10000,10010,10,10005.0,10002.941176470587,5.0,rich,-0.4117647058823529,-2.0588235294126207,sell_pressure,2.0,False,steady,1,passive_one_sided_sell,one_sided_mm,0,0,0,0,14,0,14,0,hold,hold,522799.0,mm_join_12,0.0,522799.0,0.0,passive_inside_sell,,,
default,round1-day-2,-2,858100,43,43,long_40_59,9994,10003,9,9998.5,10001.3125,-1.5,neutral,0.625,2.8125,buy_pressure,-3.5,True,shock,1,passive_one_sided_buy,one_sided_mm,0,0,0,6,0,6,0,0,hold,hold,432763.0,mm_join_12,0.0,432763.0,0.0,passive_inside_buy,,,
default,round1-day-2,-2,860600,58,58,long_40_59,9995,10004,9,9999.5,10001.75,-0.5,neutral,0.5,2.25,buy_pressure,-4.5,True,shock,1,passive_one_sided_buy,one_sided_mm,0,0,0,6,0,6,0,0,hold,hold,582673.0,mm_join_12,0.0,582673.0,0.0,passive_inside_buy,,,
default,round1-day-2,-2,861400,58,58,long_40_59,9994,10003,9,9998.5,10001.0,-1.5,neutral,0.5555555555555556,2.5,buy_pressure,-3.5,True,shock,1,passive_one_sided_buy,one_sided_mm,0,0,0,6,0,6,0,0,hold,hold,582673.0,mm_join_12,0.0,582673.0,0.0,passive_inside_buy,,,
default,round1-day-2,-2,861700,58,58,long_40_59,9995,10005,10,10000.0,10003.0,0.0,neutral,0.6,3.0,buy_pressure,-2.5,False,steady,1,passive_one_sided_buy,one_sided_mm,0,0,0,9,0,9,0,0,hold,hold,582673.0,mm_join_12,0.0,582673.0,0.0,passive_inside_buy,,,
default,round1-day-2,-2,867100,58,54,long_40_59,10002,10013,11,10007.5,10004.444444444445,7.5,rich,-0.5555555555555556,-3.055555555554747,sell_pressure,-4.5,True,shock,2,clear_sell,take1,0,4,4,0,11,0,11,1,sell_take1_16,take1,582673.0,hold,8.0,582673.0,0.0,take_b1,,,
default,round1-day-2,-2,867400,62,57,long_60_plus,10002,10013,11,10007.5,10004.75,7.5,rich,-0.5,-2.75,sell_pressure,1.5,True,shock,2,clear_sell,take1,0,5,5,0,11,0,11,1,sell_take1_16,take1,622649.0,hold,10.0,622649.0,0.0,take_b1,,,
default,round1-day-2,-2,868500,62,62,long_60_plus,9996,10005,9,10000.5,10002.6,0.5,neutral,0.4666666666666667,2.100000000000364,buy_pressure,2.0,False,steady,2,passive_two_sided,mm_inside,0,0,0,9,14,0,14,0,hold,hold,622639.0,mm_join_12,0.0,622639.0,0.0,,,,
default,round1-day-2,-2,873100,52,52,long_40_59,10002,10012,10,10007.0,10004.941176470587,7.0,rich,-0.4117647058823529,-2.0588235294126207,sell_pressure,3.0,True,shock,1,passive_one_sided_sell,one_sided_mm,0,0,0,0,11,0,11,0,sell_take1_16,take1,522589.0,hold,10.0,522579.0,10.0,passive_inside_sell,,,
default,round1-day-2,-2,873800,52,52,long_40_59,10001,10014,13,10007.5,10002.529411764706,7.5,rich,-0.7647058823529411,-4.97058823529369,sell_pressure,3.5,True,shock,1,passive_one_sided_sell,one_sided_mm,0,0,0,0,11,0,11,0,sell_take1_16,take1,522579.0,hold,4.0,522575.0,4.0,passive_inside_sell,,,
default,round1-day-2,-2,874400,52,52,long_40_59,10002,10012,10,10007.0,10005.333333333334,7.0,rich,-0.3333333333333333,-1.6666666666660603,mixed_pressure,3.0,True,shock,1,passive_one_sided_buy,one_sided_mm,0,0,0,6,0,0,0,0,sell_take1_16,take1,522575.0,hold,10.0,522565.0,10.0,passive_inside_buy,,,
default,round1-day-2,-2,876700,48,48,long_40_59,9996,10006,10,10001.0,10004.125,1.0,neutral,0.625,3.125,buy_pressure,-4.0,True,shock,1,passive_one_sided_buy,one_sided_mm,0,0,0,6,0,6,0,0,hold,hold,482541.0,mm_join_12,0.0,482541.0,0.0,passive_inside_buy,,,
default,round1-day-2,-2,877200,48,48,long_40_59,9997,10007,10,10002.0,10004.222222222223,2.0,rich,0.4444444444444444,2.2222222222226264,buy_pressure,-3.0,False,steady,1,passive_one_sided_buy,one_sided_mm,0,0,0,9,0,0,0,0,hold,hold,482541.0,mm_join_12,0.0,482541.0,0.0,passive_inside_buy,,,
default,round1-day-2,-2,877900,48,48,long_40_59,10002,10012,10,10007.0,10004.631578947368,7.0,rich,-0.47368421052631576,-2.3684210526316747,sell_pressure,3.0,True,shock,1,passive_one_sided_sell,one_sided_mm,0,0,0,0,11,0,11,0,sell_take1_16,take1,482541.0,hold,10.0,482531.0,10.0,passive_inside_sell,,,
default,round1-day-2,-2,878700,40,40,long_40_59,10002,10012,10,10007.0,10003.875,7.0,rich,-0.625,-3.125,sell_pressure,3.0,True,shock,1,passive_one_sided_sell,one_sided_mm,0,0,0,0,9,0,9,0,sell_take1_16,take1,402463.0,hold,6.0,402457.0,6.0,passive_inside_sell,,,
default,round1-day-2,-2,878900,40,40,long_40_59,10001,10014,13,10007.5,10002.344827586207,7.5,rich,-0.7931034482758621,-5.15517241379348,sell_pressure,14.5,True,shock,1,passive_one_sided_sell,one_sided_mm,0,0,0,0,9,0,9,0,sell_take1_16,take1,402457.0,hold,3.0,402454.0,3.0,passive_inside_sell,,,
default,round1-day-2,-2,883400,40,40,long_40_59,9993,10003,10,9998.0,10000.368421052632,-2.0,cheap,0.47368421052631576,2.3684210526316747,buy_pressure,-3.0,False,steady,0,hold,hold,0,0,0,0,0,0,0,0,hold,hold,402454.0,mm_join_12,0.0,402454.0,0.0,,,,
default,round1-day-2,-2,884500,40,40,long_40_59,9994,10003,9,9998.5,10001.2,-1.5,neutral,0.6,2.7000000000007276,buy_pressure,-3.5,True,shock,1,passive_one_sided_buy,one_sided_mm,0,0,0,9,0,9,0,0,hold,hold,402454.0,mm_join_12,0.0,402454.0,0.0,passive_inside_buy,,,
default,round1-day-2,-2,885900,40,40,long_40_59,9997,10007,10,10002.0,9998.538461538461,2.0,rich,-0.6923076923076923,-3.4615384615390212,sell_pressure,3.0,False,steady,1,passive_one_sided_buy,one_sided_mm,0,0,0,12,0,0,0,0,hold,hold,402454.0,mm_join_12,0.0,402454.0,0.0,passive_inside_buy,,,
default,round1-day-2,-2,886300,40,40,long_40_59,9991,10001,10,9996.0,9999.0,-4.0,cheap,0.6,3.0,buy_pressure,-4.0,True,shock,1,passive_one_sided_buy,one_sided_mm,0,0,0,10,0,10,0,0,hold,hold,402454.0,mm_join_12,0.0,402454.0,0.0,passive_inside_buy,,,
default,round1-day-2,-2,889300,46,46,long_40_59,9993,10003,10,9998.0,10000.5,-2.0,cheap,0.5,2.5,buy_pressure,-4.5,True,shock,0,hold,hold,0,0,0,0,0,0,0,0,hold,hold,462436.0,mm_join_12,0.0,462436.0,0.0,,,,
default,round1-day-2,-2,891800,36,36,long_20_39,9993,10003,10,9998.0,10000.142857142857,-2.0,cheap,0.42857142857142855,2.142857142856883,buy_pressure,-4.5,True,shock,0,hold,hold,0,0,0,0,0,0,0,0,hold,hold,362366.0,mm_join_12,0.0,362366.0,0.0,,,,
default,round1-day-2,-2,893200,31,31,long_20_39,9998,10011,13,10004.5,9998.8125,4.5,rich,-0.875,-5.6875,sell_pressure,3.0,False,steady,1,passive_one_sided_sell,one_sided_mm,0,0,0,0,12,0,12,0,hold,hold,312331.0,mm_join_12,0.0,312331.0,0.0,passive_inside_sell,,,
default,round1-day-2,-2,893600,31,31,long_20_39,9993,10002,9,9997.5,9999.75,-2.5,cheap,0.5,2.25,buy_pressure,-3.5,True,shock,1,passive_one_sided_buy,one_sided_mm,0,0,0,10,0,10,0,0,hold,hold,312331.0,mm_join_12,0.0,312331.0,0.0,passive_inside_buy,,,
default,round1-day-2,-2,894800,31,31,long_20_39,9993,10003,10,9998.0,10001.0,-2.0,cheap,0.6,3.0,buy_pressure,-3.0,False,steady,0,hold,hold,0,0,0,0,0,0,0,0,hold,hold,312331.0,mm_join_12,0.0,312331.0,0.0,,,,
default,round1-day-2,-2,896000,27,27,long_20_39,10000,10010,10,10005.0,10002.222222222223,5.0,rich,-0.5555555555555556,-2.7777777777773736,sell_pressure,1.5,False,steady,1,passive_one_sided_sell,one_sided_mm,0,0,0,0,12,0,12,0,hold,hold,272295.0,mm_join_12,0.0,272295.0,0.0,passive_inside_sell,,,
default,round1-day-2,-2,898600,28,28,long_20_39,10002,10012,10,10007.0,10003.666666666666,7.0,rich,-0.6666666666666666,-3.3333333333339397,sell_pressure,2.0,True,shock,1,passive_one_sided_sell,one_sided_mm,0,0,0,0,9,0,9,0,sell_take1_16,take1,282227.0,hold,6.0,282221.0,6.0,passive_inside_sell,,,
default,round1-day-2,-2,899500,28,28,long_20_39,10001,10011,10,10006.0,10002.538461538461,6.0,rich,-0.6923076923076923,-3.4615384615390212,sell_pressure,3.0,True,shock,1,passive_one_sided_sell,one_sided_mm,0,0,0,0,9,0,9,0,sell_take1_16,take1,282221.0,hold,2.0,282219.0,2.0,passive_inside_sell,,,
default,round1-day-2,-2,899900,28,28,long_20_39,9995,10005,10,10000.0,10001.666666666666,0.0,neutral,0.3333333333333333,1.6666666666660603,mixed_pressure,-3.0,False,steady,1,passive_one_sided_buy,one_sided_mm,0,0,0,12,0,12,0,0,hold,hold,282219.0,mm_join_12,0.0,282219.0,0.0,passive_inside_buy,,,
default,round1-day-2,-2,900500,28,28,long_20_39,10001,10012,11,10006.5,10003.933333333332,6.5,rich,-0.4666666666666667,-2.5666666666675155,sell_pressure,2.5,True,shock,1,passive_one_sided_sell,one_sided_mm,0,0,0,0,9,0,9,0,sell_take1_16,take1,282219.0,hold,4.0,282215.0,4.0,passive_inside_sell,,,
default,round1-day-2,-2,905200,38,38,long_20_39,9994,10004,10,9999.0,10001.5,-1.0,neutral,0.5,2.5,buy_pressure,-3.0,False,steady,1,passive_one_sided_buy,one_sided_mm,0,0,0,12,0,12,0,0,hold,hold,382135.0,mm_join_12,0.0,382135.0,0.0,passive_inside_buy,,,
default,round1-day-2,-2,908300,34,34,long_20_39,9994,10003,9,9998.5,10000.631578947368,-1.5,neutral,0.47368421052631576,2.1315789473683253,buy_pressure,-3.5,True,shock,1,passive_one_sided_buy,one_sided_mm,0,0,0,9,0,9,0,0,hold,hold,342073.0,mm_join_12,0.0,342073.0,0.0,passive_inside_buy,,,
default,round1-day-2,-2,908700,34,34,long_20_39,9999,10010,11,10004.5,10001.75,4.5,rich,-0.5,-2.75,sell_pressure,1.5,False,steady,1,passive_one_sided_sell,one_sided_mm,0,0,0,0,12,0,12,0,hold,hold,342073.0,mm_join_12,0.0,342073.0,0.0,passive_inside_sell,,,
default,round1-day-2,-2,909200,34,34,long_20_39,9993,10002,9,9997.5,10000.105263157895,-2.5,cheap,0.5789473684210527,2.605263157895024,buy_pressure,-4.0,True,shock,1,passive_one_sided_buy,one_sided_mm,0,0,0,10,0,10,0,0,hold,hold,342073.0,mm_join_12,0.0,342073.0,0.0,passive_inside_buy,,,
default,round1-day-2,-2,914200,41,41,long_40_59,9993,10002,9,9997.5,10000.105263157895,-2.5,cheap,0.5789473684210527,2.605263157895024,buy_pressure,-3.5,True,shock,1,passive_one_sided_buy,one_sided_mm,0,0,0,10,0,10,0,0,hold,hold,412038.0,mm_join_12,0.0,412038.0,0.0,passive_inside_buy,,,
default,round1-day-2,-2,914500,45,45,long_40_59,9998,10009,11,10003.5,10000.588235294117,3.5,rich,-0.5294117647058824,-2.911764705882888,sell_pressure,4.0,True,shock,1,passive_one_sided_sell,one_sided_mm,0,0,0,0,11,0,11,0,hold,hold,452014.0,mm_join_12,0.0,452014.0,0.0,passive_inside_sell,,,
default,round1-day-2,-2,914600,45,45,long_40_59,9990,10002,12,9996.0,10000.875,-4.0,cheap,0.8125,4.875,buy_pressure,-7.5,True,shock,1,passive_one_sided_buy,one_sided_mm,0,0,0,7,0,7,0,0,hold,hold,452014.0,mm_join_12,0.0,452014.0,0.0,passive_inside_buy,,,
default,round1-day-2,-2,915900,45,45,long_40_59,9993,10003,10,9998.0,10000.058823529413,-2.0,cheap,0.4117647058823529,2.0588235294126207,buy_pressure,-3.0,False,steady,0,hold,hold,0,0,0,0,0,0,0,0,hold,hold,452014.0,mm_join_12,0.0,452014.0,0.0,,,,
default,round1-day-2,-2,916600,45,45,long_40_59,9999,10009,10,10004.0,10001.105263157895,4.0,rich,-0.5789473684210527,-2.894736842104976,sell_pressure,3.0,False,steady,1,passive_one_sided_sell,one_sided_mm,0,0,0,0,14,0,14,0,hold,hold,452014.0,mm_join_12,0.0,452014.0,0.0,passive_inside_sell,,,
default,round1-day-2,-2,918500,50,50,long_40_59,10000,10013,13,10006.5,10001.392857142857,6.5,rich,-0.7857142857142857,-5.107142857143117,sell_pressure,3.5,True,shock,1,passive_one_sided_sell,one_sided_mm,0,0,0,0,11,0,11,0,hold,hold,501989.0,mm_join_12,0.0,501989.0,0.0,passive_inside_sell,,,
default,round1-day-2,-2,919300,50,50,long_40_59,9996,10006,10,10001.0,10003.333333333334,1.0,neutral,0.4666666666666667,2.3333333333339397,buy_pressure,-3.0,False,steady,1,passive_one_sided_buy,one_sided_mm,0,0,0,9,0,9,0,0,hold,hold,501989.0,mm_join_12,0.0,501989.0,0.0,passive_inside_buy,,,
default,round1-day-2,-2,920200,50,50,long_40_59,9996,10005,9,10000.5,10003.8,0.5,neutral,0.7333333333333333,3.2999999999992724,buy_pressure,4.5,True,shock,2,passive_two_sided,mm_inside,0,0,0,9,14,0,14,0,hold,hold,501989.0,mm_join_12,0.0,501989.0,0.0,,,,
default,round1-day-2,-2,920500,50,50,long_40_59,10001,10014,13,10007.5,10003.407407407407,7.5,rich,-0.6296296296296297,-4.092592592593064,sell_pressure,3.5,True,shock,1,passive_one_sided_sell,one_sided_mm,0,0,0,0,11,0,11,0,sell_take1_16,take1,501989.0,hold,5.0,501984.0,5.0,passive_inside_sell,,,
default,round1-day-2,-2,923300,56,56,long_40_59,9996,10006,10,10001.0,10003.857142857143,1.0,neutral,0.5714285714285714,2.857142857143117,buy_pressure,-4.5,True,shock,1,passive_one_sided_buy,one_sided_mm,0,0,0,6,0,6,0,0,mm_inside_12,mm_inside,561984.0,mm_inside_20,0.0,561984.0,0.0,passive_inside_buy,,,
default,round1-day-2,-2,926400,54,54,long_40_59,10003,10014,11,10008.5,10005.315789473685,8.5,rich,-0.5789473684210527,-3.184210526314928,sell_pressure,-2.0,True,shock,1,passive_one_sided_sell,one_sided_mm,0,0,0,0,11,0,11,0,sell_take1_16,take1,541925.0,hold,12.0,541913.0,12.0,passive_inside_sell,,,
default,round1-day-2,-2,928000,54,54,long_40_59,10002,10013,11,10007.5,10005.142857142857,7.5,rich,-0.42857142857142855,-2.357142857143117,sell_pressure,2.5,True,shock,1,passive_one_sided_sell,one_sided_mm,0,0,0,0,11,0,11,0,sell_take1_16,take1,541913.0,hold,8.0,541905.0,8.0,passive_inside_sell,,,
default,round1-day-2,-2,932800,54,54,long_40_59,9997,10006,9,10001.5,10004.105263157895,1.5,neutral,0.5789473684210527,2.605263157895024,buy_pressure,-3.5,True,shock,2,passive_two_sided,mm_inside,0,0,0,6,11,6,11,0,hold,hold,541777.0,mm_join_12,0.0,541777.0,0.0,,,,
default,round1-day-2,-2,933000,54,54,long_40_59,10002,10015,13,10008.5,10004.32142857143,8.5,rich,-0.6428571428571429,-4.178571428570649,sell_pressure,11.5,True,shock,1,passive_one_sided_sell,one_sided_mm,0,0,0,0,11,0,11,0,sell_take1_16,take1,541777.0,hold,10.0,541767.0,10.0,passive_inside_sell,,,
default,round1-day-2,-2,935700,44,44,long_40_59,10003,10013,10,10008.0,10004.176470588236,8.0,rich,-0.7647058823529411,-3.823529411763957,sell_pressure,1.0,True,shock,1,passive_one_sided_sell,one_sided_mm,0,0,0,0,11,0,11,0,sell_take1_16,take1,441593.0,sell_take2_32,0.0,441587.0,6.0,passive_inside_sell,,,
default,round1-day-2,-2,936500,48,48,long_40_59,10003,10014,11,10008.5,10005.538461538461,8.5,rich,-0.5384615384615384,-2.9615384615390212,sell_pressure,2.5,True,shock,1,passive_one_sided_sell,one_sided_mm,0,0,0,0,11,0,11,0,sell_take1_16,take1,481571.0,hold,9.0,481562.0,9.0,passive_inside_sell,,,
default,round1-day-2,-2,940400,55,53,long_40_59,10004,10015,11,10009.5,10005.29411764706,9.5,rich,-0.7647058823529411,-4.2058823529405345,sell_pressure,1.0,True,shock,2,clear_sell,take1,0,2,2,0,11,0,11,1,sell_take1_16,take1,551457.0,sell_take2_32,0.0,551457.0,0.0,take_b1,,,
default,round1-day-2,-2,941600,59,55,long_40_59,10003,10013,10,10008.0,10005.105263157895,8.0,rich,-0.5789473684210527,-2.894736842104976,sell_pressure,-5.0,True,shock,2,clear_sell,take1,0,4,4,0,11,0,11,1,sell_take1_16,take1,591416.0,sell_take2_32,15.0,591416.0,0.0,take_b1,,,
default,round1-day-2,-2,943600,61,56,long_60_plus,10004,10014,10,10009.0,10005.666666666666,9.0,rich,-0.6666666666666666,-3.3333333333339397,sell_pressure,3.0,True,shock,3,clear_sell,take1,0,6,6,0,11,0,11,1,sell_take1_16,take1,611376.0,hold,30.0,611376.0,0.0,take_b1,,,
default,round1-day-2,-2,943900,56,56,long_40_59,9998,10008,10,10003.0,10005.692307692309,3.0,rich,0.5384615384615384,2.692307692308532,buy_pressure,-3.0,False,steady,1,passive_one_sided_buy,one_sided_mm,0,0,0,9,0,0,0,0,hold,hold,561342.0,mm_join_12,0.0,561342.0,0.0,passive_inside_buy,,,
default,round1-day-2,-2,944800,56,51,long_40_59,10004,10017,13,10010.5,10006.09677419355,10.5,rich,-0.6774193548387096,-4.403225806450791,sell_pressure,4.5,True,shock,2,clear_sell,take1,0,5,5,0,11,0,11,1,sell_take1_16,take1,561305.0,sell_take2_32,0.0,561305.0,0.0,take_b1,,,
default,round1-day-2,-2,945100,51,49,long_40_59,10003,10014,11,10008.5,10004.692307692309,8.5,rich,-0.6923076923076923,-3.807692307691468,sell_pressure,-5.5,True,shock,2,clear_sell,take1,0,2,2,0,11,0,11,1,sell_take1_16,take1,511285.0,hold,10.0,511285.0,0.0,take_b1,,,
default,round1-day-2,-2,946800,54,54,long_40_59,10003,10016,13,10009.5,10004.695652173914,9.5,rich,-0.7391304347826086,-4.804347826086087,sell_pressure,3.0,True,shock,1,passive_one_sided_sell,one_sided_mm,0,0,0,0,11,0,11,0,sell_take2_32,take2,541216.0,sell_take1_16,13.0,541185.0,31.0,passive_inside_sell,,,
default,round1-day-2,-2,947400,54,54,long_40_59,10003,10016,13,10009.5,10004.344827586207,9.5,rich,-0.7931034482758621,-5.15517241379348,sell_pressure,4.0,True,shock,1,passive_one_sided_sell,one_sided_mm,0,0,0,0,11,0,11,0,sell_take2_32,take2,541150.0,sell_take1_16,24.0,541105.0,45.0,passive_inside_sell,,,
default,round1-day-2,-2,947600,54,54,long_40_59,9997,10006,9,10001.5,10003.6,1.5,neutral,0.4666666666666667,2.100000000000364,buy_pressure,-3.5,True,shock,2,passive_two_sided,mm_inside,0,0,0,6,11,6,11,0,sell_take1_16,take1,541095.0,sell_take2_32,0.0,541084.0,11.0,,,,
default,round1-day-2,-2,948700,49,49,long_40_59,10001,10012,11,10006.5,10003.75,6.5,rich,-0.5,-2.75,sell_pressure,2.5,True,shock,1,passive_one_sided_sell,one_sided_mm,0,0,0,0,11,0,11,0,sell_take2_32,take2,490973.0,sell_take1_16,12.0,490937.0,36.0,passive_inside_sell,,,
default,round1-day-2,-2,949300,49,49,long_40_59,10001,10011,10,10006.0,10003.105263157895,6.0,rich,-0.5789473684210527,-2.894736842104976,sell_pressure,3.0,True,shock,1,passive_one_sided_sell,one_sided_mm,0,0,0,0,11,0,11,0,sell_take1_16,take1,490915.0,sell_take2_32,0.0,490891.0,24.0,passive_inside_sell,,,
default,round1-day-2,-2,951000,49,49,long_40_59,9995,10005,10,10000.0,10003.125,0.0,neutral,0.625,3.125,buy_pressure,-2.5,False,steady,1,passive_one_sided_buy,one_sided_mm,0,0,0,9,0,9,0,0,hold,hold,490868.0,mm_join_12,0.0,490868.0,0.0,passive_inside_buy,,,
default,round1-day-2,-2,954700,59,59,long_40_59,9993,10002,9,9997.5,10000.615384615385,-2.5,cheap,0.6923076923076923,3.1153846153847553,buy_pressure,-11.5,True,shock,1,passive_one_sided_buy,one_sided_mm,0,0,0,9,0,9,0,0,sell_take1_16,take1,590655.0,sell_take2_32,0.0,590654.5,0.5,passive_inside_buy,,,
default,round1-day-2,-2,956800,53,53,long_40_59,9987,9999,12,9993.0,9998.142857142857,-7.0,cheap,0.8571428571428571,5.142857142856883,buy_pressure,-5.0,True,shock,1,passive_one_sided_buy,one_sided_mm,0,0,0,6,0,6,0,0,hold,hold,530600.5,mm_join_12,0.0,530600.5,0.0,passive_inside_buy,,,
default,round1-day-2,-2,958500,49,49,long_40_59,9995,10005,10,10000.0,9996.176470588236,0.0,neutral,-0.7647058823529411,-3.823529411763957,sell_pressure,2.0,False,steady,1,passive_one_sided_sell,one_sided_mm,0,0,0,0,14,0,14,0,sell_take1_16,take1,490580.5,hold,7.5,490573.0,7.5,passive_inside_sell,,,
default,round1-day-2,-2,959300,49,49,long_40_59,9995,10006,11,10000.5,9997.933333333332,0.5,neutral,-0.4666666666666667,-2.5666666666675155,sell_pressure,2.5,False,steady,1,passive_one_sided_sell,one_sided_mm,0,0,0,0,14,0,14,0,sell_take1_16,take1,490573.0,hold,14.0,490559.0,14.0,passive_inside_sell,,,
default,round1-day-2,-2,963100,51,51,long_40_59,9995,10005,10,10000.0,9997.857142857143,0.0,neutral,-0.42857142857142855,-2.142857142856883,sell_pressure,2.0,False,steady,2,passive_two_sided,mm_inside,0,0,0,9,14,0,14,0,sell_take1_16,take1,510479.0,hold,18.5,510460.5,18.5,,,,
default,round1-day-2,-2,965000,39,39,long_20_39,9987,9997,10,9992.0,9994.777777777777,-8.0,cheap,0.5555555555555556,2.7777777777773736,buy_pressure,-4.0,True,shock,1,passive_one_sided_buy,one_sided_mm,0,0,0,10,0,10,0,0,hold,hold,390469.5,mm_join_12,0.0,390469.5,0.0,passive_inside_buy,,,
default,round1-day-2,-2,967300,37,37,long_20_39,9986,9998,12,9992.0,9997.2,-8.0,cheap,0.8666666666666667,5.200000000000728,buy_pressure,-4.0,True,shock,1,passive_one_sided_buy,one_sided_mm,0,0,0,10,0,10,0,0,hold,hold,370373.5,mm_join_12,0.0,370373.5,0.0,passive_inside_buy,,,
default,round1-day-2,-2,968000,37,37,long_20_39,9989,9998,9,9993.5,9996.615384615385,-6.5,cheap,0.6923076923076923,3.1153846153847553,buy_pressure,-2.5,True,shock,1,passive_one_sided_buy,one_sided_mm,0,0,0,10,0,10,0,0,hold,hold,370373.5,mm_join_12,0.0,370373.5,0.0,passive_inside_buy,,,
default,round1-day-2,-2,977500,48,48,long_40_59,9989,10000,11,9994.5,9990.692307692309,-5.5,cheap,-0.6923076923076923,-3.807692307691468,sell_pressure,2.5,False,steady,1,passive_one_sided_sell,one_sided_mm,0,0,0,0,14,0,14,0,hold,hold,480026.0,mm_join_12,0.0,480026.0,0.0,passive_inside_sell,,,
default,round1-day-2,-2,978100,48,48,long_40_59,9984,9994,10,9989.0,9992.235294117647,-11.0,cheap,0.6470588235294118,3.235294117646845,buy_pressure,-2.0,True,shock,1,passive_one_sided_buy,one_sided_mm,0,0,0,7,0,7,0,0,hold,hold,479986.0,mm_join_12,0.0,479986.0,0.0,passive_inside_buy,,,
default,round1-day-2,-2,979300,65,65,long_60_plus,9987,9998,11,9992.5,9988.57142857143,-7.5,cheap,-0.7142857142857143,-3.928571428570649,sell_pressure,2.5,True,shock,2,passive_two_sided,mm_inside,0,0,0,6,11,6,11,0,hold,hold,649807.5,mm_join_12,0.0,649807.5,0.0,,,,
default,round1-day-2,-2,980000,65,65,long_60_plus,9988,9999,11,9993.5,9991.666666666666,-6.5,cheap,-0.3333333333333333,-1.8333333333339397,mixed_pressure,2.5,True,shock,2,passive_two_sided,mm_inside,0,0,0,6,11,6,11,0,hold,hold,649807.5,mm_join_12,0.0,649807.5,0.0,,,,
default,round1-day-2,-2,980900,62,62,long_60_plus,9989,9999,10,9994.0,9990.25,-6.0,cheap,-0.75,-3.75,sell_pressure,3.5,True,shock,2,passive_two_sided,mm_inside,0,0,0,6,11,0,11,0,hold,hold,619810.5,mm_join_12,0.0,619810.5,0.0,,,,
default,round1-day-2,-2,981400,62,62,long_60_plus,9989,10002,13,9995.5,9990.181818181818,-4.5,cheap,-0.8181818181818182,-5.3181818181819835,sell_pressure,4.5,True,shock,2,passive_two_sided,mm_inside,0,0,0,6,11,0,11,0,hold,hold,619810.5,mm_join_12,0.0,619810.5,0.0,,,,
default,round1-day-2,-2,982400,62,62,long_60_plus,9989,9999,10,9994.0,9991.777777777777,-6.0,cheap,-0.4444444444444444,-2.2222222222226264,sell_pressure,3.0,True,shock,2,passive_two_sided,mm_inside,0,0,0,6,11,0,11,0,sell_take1_16,take1,619810.5,hold,5.0,619805.5,5.0,,,,
default,round1-day-2,-2,983100,62,62,long_60_plus,9983,9992,9,9987.5,9990.07142857143,-12.5,cheap,0.5714285714285714,2.571428571429351,buy_pressure,-3.5,True,shock,1,passive_one_sided_buy,one_sided_mm,0,0,0,6,0,6,0,0,hold,hold,619805.5,mm_join_12,0.0,619805.5,0.0,passive_inside_buy,,,
default,round1-day-2,-2,983200,62,62,long_60_plus,9983,9992,9,9987.5,9990.3125,-12.5,cheap,0.625,2.8125,buy_pressure,0.0,True,shock,2,passive_two_sided,mm_inside,0,0,0,6,11,6,0,0,hold,hold,619805.5,mm_join_12,0.0,619805.5,0.0,,,,
default,round1-day-2,-2,986400,62,62,long_60_plus,9984,9993,9,9988.5,9990.923076923076,-11.5,cheap,0.5384615384615384,2.4230769230762235,buy_pressure,-3.5,True,shock,2,passive_two_sided,mm_inside,0,0,0,6,11,6,0,0,hold,hold,619805.5,mm_join_12,0.0,619805.5,0.0,,,,
default,round1-day-2,-2,987800,62,62,long_60_plus,9990,10001,11,9995.5,9993.142857142857,-4.5,cheap,-0.42857142857142855,-2.357142857143117,sell_pressure,2.5,False,steady,2,passive_two_sided,mm_inside,0,0,0,9,14,0,14,0,sell_take1_16,take1,619805.5,hold,8.0,619797.5,8.0,,,,
default,round1-day-2,-2,988900,73,73,long_60_plus,9988,9998,10,9993.0,9991.333333333334,-7.0,cheap,-0.3333333333333333,-1.6666666666660603,mixed_pressure,2.0,True,shock,2,passive_two_sided,mm_inside,0,0,0,6,11,0,11,0,sell_take1_16,take1,729641.5,hold,16.5,729625.0,16.5,,,,
default,round1-day-2,-2,990500,80,80,long_60_plus,9982,9991,9,9986.5,9988.1875,-13.5,cheap,0.375,1.6875,buy_pressure,-3.0,True,shock,0,hold,hold,0,0,0,0,0,0,0,0,hold,hold,799541.5,mm_join_12,0.0,799541.5,0.0,,,,
default,round1-day-2,-2,993300,80,80,long_60_plus,9985,9994,9,9989.5,9992.5,-10.5,cheap,0.6666666666666666,3.0,buy_pressure,-2.5,True,shock,1,passive_one_sided_sell,one_sided_mm,0,0,0,0,11,0,0,0,hold,hold,799541.5,mm_join_12,0.0,799541.5,0.0,passive_inside_sell,,,
default,round1-day-2,-2,993900,80,80,long_60_plus,9991,10001,10,9996.0,9993.5,-4.0,cheap,-0.5,-2.5,sell_pressure,8.5,True,shock,1,passive_one_sided_sell,one_sided_mm,0,0,0,0,11,0,11,0,sell_take1_16,take1,799541.5,hold,2.5,799539.0,2.5,passive_inside_sell,,,
default,round1-day-2,-2,999100,74,74,long_60_plus,9989,10000,11,9994.5,9991.894736842105,-5.5,cheap,-0.47368421052631576,-2.605263157895024,sell_pressure,-5.5,True,shock,2,passive_two_sided,mm_inside,0,0,0,6,11,6,11,0,hold,hold,739519.0,mm_join_12,0.0,739519.0,0.0,,,,
none,round1-day-0,0,300,0,0,flat_19,10000,10010,10,10005.0,10002.105263157895,5.0,rich,-0.5789473684210527,-2.894736842104976,sell_pressure,1.5,False,steady,1,passive_one_sided_sell,one_sided_mm,0,0,0,0,12,0,12,0,hold,hold,645.0,mm_join_12,0.0,645.0,0.0,passive_inside_sell,,,
none,round1-day-0,0,4800,-6,-6,flat_19,9998,10009,11,10003.5,9999.941176470587,3.5,rich,-0.6470588235294118,-3.5588235294126207,sell_pressure,1.5,False,steady,1,passive_one_sided_sell,one_sided_mm,0,0,0,0,12,0,12,0,hold,hold,-59373.0,mm_join_12,0.0,-59373.0,0.0,passive_inside_sell,,,
none,round1-day-0,0,8400,-7,-7,flat_19,9998,10008,10,10003.0,10000.142857142857,3.0,rich,-0.5714285714285714,-2.857142857143117,sell_pressure,2.5,False,steady,1,passive_one_sided_sell,one_sided_mm,0,0,0,0,12,0,12,0,hold,hold,-69407.0,mm_join_12,0.0,-69407.0,0.0,passive_inside_sell,,,
none,round1-day-0,0,9400,-7,-7,flat_19,9992,10002,10,9997.0,9999.894736842105,-3.0,cheap,0.5789473684210527,2.894736842104976,buy_pressure,-3.0,False,steady,1,passive_one_sided_buy,one_sided_mm,0,0,0,13,0,13,0,0,hold,hold,-69407.0,mm_join_12,0.0,-69407.0,0.0,passive_inside_buy,,,
none,round1-day-0,0,14200,-12,-12,flat_19,9999,10010,11,10004.5,10001.588235294117,4.5,rich,-0.5294117647058824,-2.911764705882888,sell_pressure,9.5,True,shock,1,passive_one_sided_sell,one_sided_mm,0,0,0,0,9,0,9,0,hold,hold,-119427.0,mm_join_12,0.0,-119427.0,0.0,passive_inside_sell,,,
none,round1-day-0,0,14400,-12,-12,flat_19,9994,10003,9,9998.5,10000.42857142857,-1.5,neutral,0.42857142857142855,1.928571428570649,buy_pressure,-3.5,True,shock,2,passive_two_sided,mm_inside,0,0,0,9,9,9,0,0,hold,hold,-119427.0,mm_join_12,0.0,-119427.0,0.0,,,,
none,round1-day-0,0,15900,-12,-12,flat_19,9993,10003,10,9998.0,10001.235294117647,-2.0,cheap,0.6470588235294118,3.235294117646845,buy_pressure,-1.5,False,steady,1,passive_one_sided_sell,one_sided_mm,0,0,0,0,12,0,0,0,hold,hold,-119427.0,mm_join_12,0.0,-119427.0,0.0,passive_inside_sell,,,
none,round1-day-0,0,16100,-12,-12,flat_19,9994,10003,9,9998.5,10001.8,-1.5,neutral,0.7333333333333333,3.2999999999992724,buy_pressure,-1.5,False,steady,2,passive_two_sided,mm_inside,0,0,0,12,12,12,0,0,hold,hold,-119427.0,mm_join_12,0.0,-119427.0,0.0,,,,
none,round1-day-0,0,18700,-19,-19,flat_19,9994,10003,9,9998.5,10001.875,-1.5,neutral,0.75,3.375,buy_pressure,-3.5,True,shock,2,passive_two_sided,mm_inside,0,0,0,9,9,9,0,0,hold,hold,-189441.0,mm_join_12,0.0,-189441.0,0.0,,,,
none,round1-day-0,0,20500,-26,-26,short_20_39,9990,10002,12,9996.0,10001.111111111111,-4.0,cheap,0.8518518518518519,5.111111111111313,buy_pressure,-4.0,True,shock,1,passive_one_sided_buy,one_sided_mm,0,0,0,10,0,10,0,0,hold,hold,-259462.0,mm_join_12,0.0,-259462.0,0.0,passive_inside_buy,,,
none,round1-day-0,0,21100,-26,-26,short_20_39,9998,10008,10,10003.0,9999.42857142857,3.0,rich,-0.7142857142857143,-3.571428571429351,sell_pressure,2.0,False,steady,1,passive_one_sided_sell,one_sided_mm,0,0,0,0,12,0,12,0,hold,hold,-259462.0,mm_join_12,0.0,-259462.0,0.0,passive_inside_sell,,,
none,round1-day-0,0,25100,-32,-32,short_20_39,9999,10009,10,10004.0,10001.777777777777,4.0,rich,-0.4444444444444444,-2.2222222222226264,sell_pressure,-5.0,True,shock,1,passive_one_sided_sell,one_sided_mm,0,0,0,0,9,0,9,0,hold,hold,-319480.0,mm_join_12,0.0,-319480.0,0.0,passive_inside_sell,,,
none,round1-day-0,0,29500,-17,-17,flat_19,9998,10011,13,10004.5,9999.181818181818,4.5,rich,-0.8181818181818182,-5.3181818181819835,sell_pressure,4.0,True,shock,1,passive_one_sided_sell,one_sided_mm,0,0,0,0,9,0,9,0,hold,hold,-169495.0,mm_join_12,0.0,-169495.0,0.0,passive_inside_sell,,,
none,round1-day-0,0,31400,-17,-17,flat_19,9998,10011,13,10004.5,10000.407407407407,4.5,rich,-0.6296296296296297,-4.092592592593064,sell_pressure,3.5,True,shock,1,passive_one_sided_sell,one_sided_mm,0,0,0,0,9,0,9,0,hold,hold,-169495.0,mm_join_12,0.0,-169495.0,0.0,passive_inside_sell,,,
none,round1-day-0,0,32200,-17,-17,flat_19,9999,10010,11,10004.5,10000.466666666667,4.5,rich,-0.7333333333333333,-4.033333333332848,sell_pressure,4.5,True,shock,1,passive_one_sided_sell,one_sided_mm,0,0,0,0,9,0,9,0,hold,hold,-169495.0,mm_join_12,0.0,-169495.0,0.0,passive_inside_sell,,,
none,round1-day-0,0,32500,-17,-17,flat_19,9993,10002,9,9997.5,10000.5,-2.5,cheap,0.6666666666666666,3.0,buy_pressure,-3.5,True,shock,1,passive_one_sided_buy,one_sided_mm,0,0,0,10,0,10,0,0,hold,hold,-169495.0,mm_join_12,0.0,-169495.0,0.0,passive_inside_buy,,,
none,round1-day-0,0,33600,-17,-17,flat_19,9999,10009,10,10004.0,10000.875,4.0,rich,-0.625,-3.125,sell_pressure,3.5,True,shock,1,passive_one_sided_sell,one_sided_mm,0,0,0,0,9,0,9,0,hold,hold,-169495.0,mm_join_12,0.0,-169495.0,0.0,passive_inside_sell,,,
none,round1-day-0,0,36300,-17,-17,flat_19,9992,10002,10,9997.0,9999.222222222223,-3.0,cheap,0.4444444444444444,2.2222222222226264,buy_pressure,-4.0,True,shock,1,passive_one_sided_buy,one_sided_mm,0,0,0,10,0,10,0,0,hold,hold,-169495.0,mm_join_12,0.0,-169495.0,0.0,passive_inside_buy,,,
none,round1-day-0,0,36400,-17,-17,flat_19,9992,10002,10,9997.0,9999.058823529413,-3.0,cheap,0.4117647058823529,2.0588235294126207,buy_pressure,0.0,False,steady,1,passive_one_sided_buy,one_sided_mm,0,0,0,13,0,13,0,0,hold,hold,-169495.0,mm_join_12,0.0,-169495.0,0.0,passive_inside_buy,,,
none,round1-day-0,0,42400,-17,-17,flat_19,9993,10002,9,9997.5,9999.6,-2.5,cheap,0.4666666666666667,2.100000000000364,buy_pressure,-3.5,True,shock,1,passive_one_sided_buy,one_sided_mm,0,0,0,10,0,10,0,0,hold,hold,-169495.0,mm_join_12,0.0,-169495.0,0.0,passive_inside_buy,,,
none,round1-day-0,0,46000,-7,-7,flat_19,9991,10001,10,9996.0,9998.64705882353,-4.0,cheap,0.5294117647058824,2.6470588235297328,buy_pressure,-4.0,True,shock,1,passive_one_sided_buy,one_sided_mm,0,0,0,10,0,10,0,0,buy_take1_16,take1,-69511.0,hold,4.0,-69515.0,4.0,passive_inside_buy,,,
none,round1-day-0,0,47200,-7,-7,flat_19,9991,10001,10,9996.0,9999.823529411764,-4.0,cheap,0.7647058823529411,3.823529411763957,buy_pressure,-4.0,True,shock,1,passive_one_sided_buy,one_sided_mm,0,0,0,10,0,10,0,0,buy_take1_16,take1,-69515.0,hold,2.0,-69517.0,2.0,passive_inside_buy,,,
none,round1-day-0,0,47700,-7,-7,flat_19,9990,10000,10,9995.0,9996.875,-5.0,cheap,0.375,1.875,buy_pressure,-4.5,True,shock,1,passive_one_sided_buy,one_sided_mm,0,0,0,10,0,10,0,0,buy_take1_16,take1,-69517.0,hold,10.0,-69527.0,10.0,passive_inside_buy,,,
none,round1-day-0,0,52400,-7,-7,flat_19,9990,10000,10,9995.0,9998.75,-5.0,cheap,0.75,3.75,buy_pressure,-4.0,True,shock,1,passive_one_sided_buy,one_sided_mm,0,0,0,10,0,10,0,0,buy_take1_16,take1,-69527.0,hold,4.0,-69531.0,4.0,passive_inside_buy,,,
none,round1-day-0,0,53700,-7,-7,flat_19,9999,10008,9,10003.5,10001.1,3.5,rich,-0.5333333333333333,-2.399999999999636,sell_pressure,5.5,True,shock,1,passive_one_sided_sell,one_sided_mm,0,0,0,0,9,0,9,0,hold,hold,-69531.0,mm_join_12,0.0,-69531.0,0.0,passive_inside_sell,,,
none,round1-day-0,0,56000,-7,-7,flat_19,9988,9997,9,9992.5,9995.615384615385,-7.5,cheap,0.6923076923076923,3.1153846153847553,buy_pressure,-11.5,True,shock,1,passive_one_sided_buy,one_sided_mm,0,0,0,10,0,10,0,0,buy_take1_16,take1,-69531.0,hold,10.0,-69541.0,10.0,passive_inside_buy,,,
none,round1-day-0,0,65600,2,2,flat_19,9995,10008,13,10001.5,9995.619047619048,1.5,neutral,-0.9047619047619048,-5.880952380952294,sell_pressure,4.5,True,shock,2,passive_two_sided,mm_inside,0,0,0,9,9,0,9,0,hold,hold,20373.0,mm_join_12,0.0,20373.0,0.0,,,,
none,round1-day-0,0,66400,2,2,flat_19,9994,10005,11,9999.5,9996.588235294117,-0.5,neutral,-0.5294117647058824,-2.911764705882888,sell_pressure,2.5,False,steady,1,passive_one_sided_sell,one_sided_mm,0,0,0,0,12,0,12,0,hold,hold,20373.0,mm_join_12,0.0,20373.0,0.0,passive_inside_sell,,,
none,round1-day-0,0,69600,15,15,flat_19,9994,10005,11,9999.5,9996.357142857143,-0.5,neutral,-0.5714285714285714,-3.142857142856883,sell_pressure,4.0,True,shock,1,passive_one_sided_sell,one_sided_mm,0,0,0,0,9,0,9,0,hold,hold,150295.0,mm_join_12,0.0,150295.0,0.0,passive_inside_sell,,,
none,round1-day-0,0,71600,22,22,long_20_39,9990,9999,9,9994.5,9997.941176470587,-5.5,cheap,0.7647058823529411,3.4411764705873793,buy_pressure,-3.5,True,shock,1,passive_one_sided_buy,one_sided_mm,0,0,0,10,0,10,0,0,buy_take1_16,take1,220260.0,hold,8.0,220252.0,8.0,passive_inside_buy,,,
none,round1-day-0,0,75900,22,22,long_20_39,9999,10009,10,10004.0,10002.333333333334,4.0,rich,-0.3333333333333333,-1.6666666666660603,mixed_pressure,3.0,False,steady,1,passive_one_sided_buy,one_sided_mm,0,0,0,12,0,0,0,0,hold,hold,220252.0,mm_join_12,0.0,220252.0,0.0,passive_inside_buy,,,
none,round1-day-0,0,76100,22,22,long_20_39,9993,10002,9,9997.5,10000.2,-2.5,cheap,0.6,2.7000000000007276,buy_pressure,-11.5,True,shock,1,passive_one_sided_buy,one_sided_mm,0,0,0,13,0,13,0,0,buy_take1_16,take1,220252.0,hold,3.0,220249.0,3.0,passive_inside_buy,,,
none,round1-day-0,0,79700,4,4,flat_19,9992,10004,12,9998.0,10003.111111111111,-2.0,cheap,0.8518518518518519,5.111111111111313,buy_pressure,-2.5,False,steady,1,passive_one_sided_sell,one_sided_mm,0,0,0,0,12,0,0,0,hold,hold,40165.0,mm_join_12,0.0,40165.0,0.0,passive_inside_sell,1,9,1.0
none,round1-day-0,0,80500,4,4,flat_19,9992,10004,12,9998.0,10001.692307692309,-2.0,cheap,0.6153846153846154,3.692307692308532,buy_pressure,-3.0,False,steady,1,passive_one_sided_sell,one_sided_mm,0,0,0,0,12,0,0,0,hold,hold,40165.0,mm_join_12,0.0,40165.0,0.0,passive_inside_sell,1,9,1.0
none,round1-day-0,0,84100,4,4,flat_19,9994,10005,11,9999.5,9996.357142857143,-0.5,neutral,-0.5714285714285714,-3.142857142856883,sell_pressure,3.5,True,shock,1,passive_one_sided_sell,one_sided_mm,0,0,0,0,9,0,9,0,hold,hold,40165.0,mm_join_12,0.0,40165.0,0.0,passive_inside_sell,,,
none,round1-day-0,0,85300,14,14,flat_19,9994,10005,11,9999.5,9996.315789473685,-0.5,neutral,-0.5789473684210527,-3.184210526314928,sell_pressure,3.0,False,steady,1,passive_one_sided_sell,one_sided_mm,0,0,0,0,12,0,12,0,hold,hold,140115.0,mm_join_12,0.0,140115.0,0.0,passive_inside_sell,,,
none,round1-day-0,0,87700,21,21,long_20_39,9988,10000,12,9994.0,9998.222222222223,-6.0,cheap,0.7037037037037037,4.222222222222626,buy_pressure,4.0,True,shock,1,passive_one_sided_buy,one_sided_mm,0,0,0,10,0,10,0,0,buy_take1_16,take1,210087.0,hold,12.0,210075.0,12.0,passive_inside_buy,,,
none,round1-day-0,0,89800,17,17,flat_19,10000,10010,10,10005.0,10002.105263157895,5.0,rich,-0.5789473684210527,-2.894736842104976,sell_pressure,2.0,False,steady,1,passive_one_sided_sell,one_sided_mm,0,0,0,0,12,0,12,0,hold,hold,170063.0,mm_join_12,0.0,170063.0,0.0,passive_inside_sell,,,
none,round1-day-0,0,91900,17,17,flat_19,10000,10011,11,10005.5,10003.055555555555,5.5,rich,-0.4444444444444444,-2.444444444445253,sell_pressure,2.0,False,steady,1,passive_one_sided_sell,one_sided_mm,0,0,0,0,12,0,12,0,hold,hold,170063.0,mm_join_12,0.0,170063.0,0.0,passive_inside_sell,,,
none,round1-day-0,0,92100,17,17,flat_19,10000,10010,10,10005.0,10002.777777777777,5.0,rich,-0.4444444444444444,-2.2222222222226264,sell_pressure,2.0,False,steady,1,passive_one_sided_sell,one_sided_mm,0,0,0,0,12,0,12,0,hold,hold,170063.0,mm_join_12,0.0,170063.0,0.0,passive_inside_sell,,,
none,round1-day-0,0,94000,17,17,flat_19,9994,10003,9,9998.5,10000.6,-1.5,neutral,0.4666666666666667,2.100000000000364,buy_pressure,-10.5,True,shock,2,passive_two_sided,mm_inside,0,0,0,12,12,12,12,0,hold,hold,170063.0,mm_join_12,0.0,170063.0,0.0,,,,
none,round1-day-0,0,95900,17,17,flat_19,9992,10002,10,9997.0,9999.777777777777,-3.0,cheap,0.5555555555555556,2.7777777777773736,buy_pressure,-5.0,True,shock,1,passive_one_sided_buy,one_sided_mm,0,0,0,13,0,13,0,0,buy_take1_16,take1,170059.0,hold,4.0,170055.0,4.0,passive_inside_buy,,,
none,round1-day-0,0,97600,17,17,flat_19,9992,10002,10,9997.0,9999.894736842105,-3.0,cheap,0.5789473684210527,2.894736842104976,buy_pressure,-3.0,False,steady,1,passive_one_sided_buy,one_sided_mm,0,0,0,13,0,13,0,0,buy_take1_16,take1,170055.0,hold,4.0,170051.0,4.0,passive_inside_buy,,,
none,round1-day-0,0,97800,17,17,flat_19,10002,10011,9,10006.5,10004.5,6.5,rich,-0.4444444444444444,-2.0,sell_pressure,-3.5,True,shock,1,passive_one_sided_sell,one_sided_mm,0,0,0,0,9,0,9,0,hold,hold,170051.0,mm_join_12,0.0,170051.0,0.0,passive_inside_sell,,,
none,round1-day-0,0,98400,10,10,flat_19,9998,10009,11,10003.5,9999.833333333334,3.5,rich,-0.6666666666666666,-3.6666666666660603,sell_pressure,3.5,True,shock,1,passive_one_sided_sell,one_sided_mm,0,0,0,0,9,0,9,0,hold,hold,100030.0,mm_join_12,0.0,100030.0,0.0,passive_inside_sell,,,
none,round1-day-1,-1,3100,0,0,flat_19,9991,10002,11,9996.5,9992.57142857143,-3.5,cheap,-0.7142857142857143,-3.928571428570649,sell_pressure,2.5,False,steady,1,passive_one_sided_sell,one_sided_mm,0,0,0,0,12,0,12,0,hold,hold,6166.0,mm_join_12,0.0,6166.0,0.0,passive_inside_sell,,,
none,round1-day-1,-1,3500,0,0,flat_19,9991,10004,13,9997.5,9992.733333333334,-2.5,cheap,-0.7333333333333333,-4.766666666666424,sell_pressure,5.5,True,shock,1,passive_one_sided_sell,one_sided_mm,0,0,0,0,9,0,9,0,hold,hold,6166.0,mm_join_12,0.0,6166.0,0.0,passive_inside_sell,,,
none,round1-day-1,-1,3800,0,0,flat_19,9991,10004,13,9997.5,9992.04,-2.5,cheap,-0.84,-5.459999999999127,sell_pressure,4.5,True,shock,1,passive_one_sided_sell,one_sided_mm,0,0,0,0,9,0,9,0,hold,hold,6166.0,mm_join_12,0.0,6166.0,0.0,passive_inside_sell,,,
none,round1-day-1,-1,6200,8,8,flat_19,9986,9996,10,9991.0,9993.894736842105,-9.0,cheap,0.5789473684210527,2.894736842104976,buy_pressure,2.0,True,shock,1,passive_one_sided_buy,one_sided_mm,0,0,0,10,0,10,0,0,buy_take1_16,take1,86102.0,hold,20.0,86082.0,20.0,passive_inside_buy,,,
none,round1-day-1,-1,6400,8,8,flat_19,9992,10002,10,9997.0,9994.5,-3.0,cheap,-0.5,-2.5,sell_pressure,3.0,False,steady,1,passive_one_sided_sell,one_sided_mm,0,0,0,0,12,0,12,0,hold,hold,86082.0,mm_join_12,0.0,86082.0,0.0,passive_inside_sell,,,
none,round1-day-1,-1,9500,8,8,flat_19,9988,9998,10,9993.0,9995.142857142857,-7.0,cheap,0.42857142857142855,2.142857142856883,buy_pressure,-3.0,True,shock,1,passive_one_sided_buy,one_sided_mm,0,0,0,10,0,10,0,0,buy_take1_16,take1,86082.0,hold,12.0,86070.0,12.0,passive_inside_buy,,,
none,round1-day-1,-1,12300,2,2,flat_19,9994,10005,11,9999.5,9997.666666666666,-0.5,neutral,-0.3333333333333333,-1.8333333333339397,mixed_pressure,-5.5,True,shock,1,passive_one_sided_sell,one_sided_mm,0,0,0,0,12,0,12,0,hold,hold,26064.0,mm_join_12,0.0,26064.0,0.0,passive_inside_sell,,,
none,round1-day-1,-1,14700,6,6,flat_19,9991,10001,10,9996.0,9999.57142857143,-4.0,cheap,0.7142857142857143,3.571428571429351,buy_pressure,-3.0,False,steady,1,passive_one_sided_buy,one_sided_mm,0,0,0,13,0,13,0,0,hold,hold,66044.0,mm_join_12,0.0,66044.0,0.0,passive_inside_buy,,,
none,round1-day-1,-1,17800,6,6,flat_19,9994,10003,9,9998.5,10000.882352941177,-1.5,neutral,0.5294117647058824,2.3823529411765776,buy_pressure,-11.5,True,shock,2,passive_two_sided,mm_inside,0,0,0,12,12,12,0,0,hold,hold,66044.0,mm_join_12,0.0,66044.0,0.0,,,,
none,round1-day-1,-1,19800,1,1,flat_19,9998,10009,11,10003.5,10001.142857142857,3.5,rich,-0.42857142857142855,-2.357142857143117,sell_pressure,4.5,True,shock,1,passive_one_sided_sell,one_sided_mm,0,0,0,0,9,0,9,0,hold,hold,16018.0,mm_join_12,0.0,16018.0,0.0,passive_inside_sell,,,
none,round1-day-1,-1,23300,1,1,flat_19,9991,10001,10,9996.0,9999.333333333334,-4.0,cheap,0.6666666666666666,3.3333333333339397,buy_pressure,-3.0,False,steady,1,passive_one_sided_buy,one_sided_mm,0,0,0,13,0,13,0,0,hold,hold,16018.0,mm_join_12,0.0,16018.0,0.0,passive_inside_buy,,,
none,round1-day-1,-1,23700,1,1,flat_19,9991,10001,10,9996.0,9999.57142857143,-4.0,cheap,0.7142857142857143,3.571428571429351,buy_pressure,-2.5,False,steady,1,passive_one_sided_buy,one_sided_mm,0,0,0,13,0,13,0,0,hold,hold,16018.0,mm_join_12,0.0,16018.0,0.0,passive_inside_buy,,,
none,round1-day-1,-1,24000,1,1,flat_19,9997,10007,10,10002.0,9998.333333333334,2.0,rich,-0.7333333333333333,-3.6666666666660603,sell_pressure,3.0,False,steady,1,passive_one_sided_buy,one_sided_mm,0,0,0,12,0,0,0,0,hold,hold,16018.0,mm_join_12,0.0,16018.0,0.0,passive_inside_buy,,,
none,round1-day-1,-1,26500,1,1,flat_19,9993,10002,9,9997.5,9999.5,-2.5,cheap,0.4444444444444444,2.0,buy_pressure,-2.5,False,steady,1,passive_one_sided_buy,one_sided_mm,0,0,0,13,0,13,0,0,hold,hold,16018.0,mm_join_12,0.0,16018.0,0.0,passive_inside_buy,,,
none,round1-day-1,-1,28300,-7,-7,flat_19,9999,10009,10,10004.0,10001.857142857143,4.0,rich,-0.42857142857142855,-2.142857142856883,sell_pressure,3.0,False,steady,1,passive_one_sided_sell,one_sided_mm,0,0,0,0,12,0,12,0,hold,hold,-64006.0,mm_join_12,0.0,-64006.0,0.0,passive_inside_sell,,,
none,round1-day-1,-1,32500,-3,-3,flat_19,9993,10003,10,9998.0,10001.333333333334,-2.0,cheap,0.6666666666666666,3.3333333333339397,buy_pressure,-3.0,False,steady,1,passive_one_sided_sell,one_sided_mm,0,0,0,0,12,0,0,0,hold,hold,-24006.0,mm_join_12,0.0,-24006.0,0.0,passive_inside_sell,,,
none,round1-day-1,-1,34900,-3,-3,flat_19,9994,10003,9,9998.5,10001.714285714286,-1.5,neutral,0.7142857142857143,3.214285714286234,buy_pressure,-4.0,True,shock,2,passive_two_sided,mm_inside,0,0,0,9,9,9,0,0,hold,hold,-24006.0,mm_join_12,0.0,-24006.0,0.0,,,,
none,round1-day-1,-1,39900,-3,-3,flat_19,9995,10004,9,9999.5,10002.615384615385,-0.5,neutral,0.6923076923076923,3.1153846153847553,buy_pressure,-4.5,True,shock,2,passive_two_sided,mm_inside,0,0,0,9,9,9,0,0,hold,hold,-24006.0,mm_join_12,0.0,-24006.0,0.0,,,,
none,round1-day-1,-1,46600,-2,-2,flat_19,9997,10008,11,10002.5,9998.375,2.5,rich,-0.75,-4.125,sell_pressure,3.5,True,shock,1,passive_one_sided_sell,one_sided_mm,0,0,0,0,9,0,9,0,hold,hold,-14031.0,mm_join_12,0.0,-14031.0,0.0,passive_inside_sell,,,
none,round1-day-1,-1,48600,-9,-9,flat_19,9999,10010,11,10004.5,10002.4375,4.5,rich,-0.375,-2.0625,sell_pressure,2.5,False,steady,1,passive_one_sided_sell,one_sided_mm,0,0,0,0,12,0,12,0,hold,hold,-84038.0,mm_join_12,0.0,-84038.0,0.0,passive_inside_sell,,,
none,round1-day-1,-1,49000,-9,-9,flat_19,9994,10004,10,9999.0,10001.058823529413,-1.0,neutral,0.4117647058823529,2.0588235294126207,buy_pressure,-1.5,False,steady,2,passive_two_sided,mm_inside,0,0,0,12,12,12,0,0,hold,hold,-84038.0,mm_join_12,0.0,-84038.0,0.0,,,,
none,round1-day-1,-1,51300,-9,-9,flat_19,9995,10006,11,10000.5,9997.444444444445,0.5,neutral,-0.5555555555555556,-3.055555555554747,sell_pressure,3.5,True,shock,1,passive_one_sided_sell,one_sided_mm,0,0,0,0,9,0,9,0,hold,hold,-84038.0,mm_join_12,0.0,-84038.0,0.0,passive_inside_sell,,,
none,round1-day-1,-1,53400,-13,-13,flat_19,9989,9999,10,9994.0,9997.75,-6.0,cheap,0.75,3.75,buy_pressure,-2.0,True,shock,1,passive_one_sided_buy,one_sided_mm,0,0,0,10,0,10,0,0,buy_take1_16,take1,-124042.0,hold,4.0,-124046.0,4.0,passive_inside_buy,,,
none,round1-day-1,-1,55400,-13,-13,flat_19,9988,9998,10,9993.0,9996.0,-7.0,cheap,0.6,3.0,buy_pressure,-4.0,True,shock,1,passive_one_sided_buy,one_sided_mm,0,0,0,10,0,10,0,0,buy_take1_16,take1,-124046.0,hold,9.0,-124055.0,9.0,passive_inside_buy,,,
none,round1-day-1,-1,55900,-13,-13,flat_19,9989,9998,9,9993.5,9995.5,-6.5,cheap,0.4444444444444444,2.0,buy_pressure,-2.5,True,shock,1,passive_one_sided_buy,one_sided_mm,0,0,0,10,0,10,0,0,buy_take1_16,take1,-124055.0,hold,15.0,-124070.0,15.0,passive_inside_buy,,,
none,round1-day-1,-1,57200,-13,-13,flat_19,9991,10001,10,9996.0,9998.857142857143,-4.0,cheap,0.5714285714285714,2.857142857143117,buy_pressure,-3.0,False,steady,1,passive_one_sided_buy,one_sided_mm,0,0,0,13,0,13,0,0,hold,hold,-124070.0,mm_join_12,0.0,-124070.0,0.0,passive_inside_buy,,,
none,round1-day-1,-1,60200,-13,-13,flat_19,9991,10000,9,9995.5,9998.105263157895,-4.5,cheap,0.5789473684210527,2.605263157895024,buy_pressure,-2.5,False,steady,1,passive_one_sided_buy,one_sided_mm,0,0,0,13,0,13,0,0,buy_take1_16,take1,-124110.0,hold,4.0,-124114.0,4.0,passive_inside_buy,,,
none,round1-day-1,-1,60500,-13,-13,flat_19,9996,10006,10,10001.0,9998.631578947368,1.0,neutral,-0.47368421052631576,-2.3684210526316747,sell_pressure,3.0,False,steady,1,passive_one_sided_sell,one_sided_mm,0,0,0,0,12,0,12,0,hold,hold,-124114.0,mm_join_12,0.0,-124114.0,0.0,passive_inside_sell,,,
none,round1-day-1,-1,63900,-13,-13,flat_19,9999,10008,9,10003.5,10001.48275862069,3.5,rich,-0.4482758620689655,-2.0172413793097803,sell_pressure,5.5,True,shock,1,passive_one_sided_sell,one_sided_mm,0,0,0,0,9,0,9,0,hold,hold,-124114.0,mm_join_12,0.0,-124114.0,0.0,passive_inside_sell,,,
none,round1-day-1,-1,65000,-5,-5,flat_19,9994,10005,11,9999.5,9995.466666666667,-0.5,neutral,-0.7333333333333333,-4.033333333332848,sell_pressure,1.5,False,steady,2,passive_two_sided,mm_inside,0,0,0,12,12,12,12,0,hold,hold,-44162.0,mm_join_12,0.0,-44162.0,0.0,,,,
none,round1-day-1,-1,65500,-5,-5,flat_19,9994,10007,13,10000.5,9995.677419354839,0.5,neutral,-0.7419354838709677,-4.822580645160997,sell_pressure,3.5,True,shock,1,passive_one_sided_sell,one_sided_mm,0,0,0,0,9,0,9,0,hold,hold,-44162.0,mm_join_12,0.0,-44162.0,0.0,passive_inside_sell,,,
none,round1-day-1,-1,67200,-5,-5,flat_19,9995,10006,11,10000.5,9998.666666666666,0.5,neutral,-0.3333333333333333,-1.8333333333339397,mixed_pressure,-1.5,False,steady,2,passive_two_sided,mm_inside,0,0,0,12,12,12,12,0,hold,hold,-44162.0,mm_join_12,0.0,-44162.0,0.0,,,,
none,round1-day-1,-1,67400,-5,-5,flat_19,9995,10005,10,10000.0,9996.42857142857,0.0,neutral,-0.7142857142857143,-3.571428571429351,sell_pressure,2.0,False,steady,1,passive_one_sided_sell,one_sided_mm,0,0,0,0,12,0,12,0,hold,hold,-44162.0,mm_join_12,0.0,-44162.0,0.0,passive_inside_sell,,,
none,round1-day-1,-1,69800,-5,-5,flat_19,9991,10000,9,9995.5,9997.882352941177,-4.5,cheap,0.5294117647058824,2.3823529411765776,buy_pressure,-3.5,True,shock,1,passive_one_sided_buy,one_sided_mm,0,0,0,10,0,10,0,0,buy_take1_16,take1,-44162.0,hold,4.0,-44166.0,4.0,passive_inside_buy,,,
none,round1-day-1,-1,70400,-5,-5,flat_19,9997,10010,13,10003.5,9998.344827586207,3.5,rich,-0.7931034482758621,-5.15517241379348,sell_pressure,4.5,True,shock,1,passive_one_sided_sell,one_sided_mm,0,0,0,0,9,0,9,0,hold,hold,-44166.0,mm_join_12,0.0,-44166.0,0.0,passive_inside_sell,,,
none,round1-day-1,-1,72500,-5,-5,flat_19,9997,10007,10,10002.0,9998.42857142857,2.0,rich,-0.7142857142857143,-3.571428571429351,sell_pressure,2.0,False,steady,1,passive_one_sided_buy,one_sided_mm,0,0,0,12,0,0,0,0,hold,hold,-44166.0,mm_join_12,0.0,-44166.0,0.0,passive_inside_buy,,,
none,round1-day-1,-1,72900,2,2,flat_19,9992,10002,10,9997.0,9999.5,-3.0,cheap,0.5,2.5,buy_pressure,-4.0,True,shock,1,passive_one_sided_buy,one_sided_mm,0,0,0,10,0,10,0,0,hold,hold,25813.0,mm_join_12,0.0,25813.0,0.0,passive_inside_buy,,,
none,round1-day-1,-1,73800,2,2,flat_19,9998,10009,11,10003.5,10000.444444444445,3.5,rich,-0.5555555555555556,-3.055555555554747,sell_pressure,-1.5,False,steady,1,passive_one_sided_sell,one_sided_mm,0,0,0,0,12,0,12,0,hold,hold,25803.0,mm_join_12,0.0,25803.0,0.0,passive_inside_sell,,,
none,round1-day-1,-1,81400,7,7,flat_19,9994,10003,9,9998.5,10000.6,-1.5,neutral,0.4666666666666667,2.100000000000364,buy_pressure,-3.5,True,shock,2,passive_two_sided,mm_inside,0,0,0,9,9,9,0,0,hold,hold,75798.0,mm_join_12,0.0,75798.0,0.0,,,,
none,round1-day-1,-1,83200,7,3,flat_19,10002,10011,9,10006.5,10003.241379310344,6.5,rich,-0.7241379310344828,-3.2586206896557997,sell_pressure,10006.5,True,shock,2,clear_sell,take1,0,4,4,0,9,0,9,1,sell_take1_16,take1,75798.0,hold,4.0,75798.0,0.0,take_b1,,,
none,round1-day-1,-1,84800,3,3,flat_19,9996,10005,9,10000.5,10002.923076923076,0.5,neutral,0.5384615384615384,2.4230769230762235,buy_pressure,-2.5,False,steady,2,passive_two_sided,mm_inside,0,0,0,12,12,12,0,0,hold,hold,35790.0,mm_join_12,0.0,35790.0,0.0,,,,
none,round1-day-1,-1,86400,10,10,flat_19,10000,10011,11,10005.5,10002.933333333332,5.5,rich,-0.4666666666666667,-2.5666666666675155,sell_pressure,2.5,False,steady,1,passive_one_sided_sell,one_sided_mm,0,0,0,0,12,0,12,0,hold,hold,105790.0,mm_join_12,0.0,105790.0,0.0,passive_inside_sell,,,
none,round1-day-1,-1,90500,10,10,flat_19,10001,10012,11,10006.5,10003.933333333332,6.5,rich,-0.4666666666666667,-2.5666666666675155,sell_pressure,2.5,True,shock,1,passive_one_sided_sell,one_sided_mm,0,0,0,0,9,0,9,0,hold,hold,105790.0,mm_join_12,0.0,105790.0,0.0,passive_inside_sell,,,
none,round1-day-1,-1,91900,6,6,flat_19,10001,10011,10,10006.0,10002.875,6.0,rich,-0.625,-3.125,sell_pressure,-8.0,True,shock,1,passive_one_sided_sell,one_sided_mm,0,0,0,0,9,0,9,0,hold,hold,65766.0,mm_join_12,0.0,65766.0,0.0,passive_inside_sell,,,
none,round1-day-1,-1,97800,1,1,flat_19,9997,10010,13,10003.5,9998.3,3.5,rich,-0.8,-5.200000000000728,sell_pressure,3.5,True,shock,1,passive_one_sided_sell,one_sided_mm,0,0,0,0,9,0,9,0,hold,hold,15709.0,mm_join_12,0.0,15709.0,0.0,passive_inside_sell,,,
none,round1-day-1,-1,108200,15,15,flat_19,9997,10008,11,10002.5,9998.29411764706,2.5,rich,-0.7647058823529411,-4.2058823529405345,sell_pressure,4.0,True,shock,1,passive_one_sided_sell,one_sided_mm,0,0,0,0,9,0,9,0,hold,hold,155632.0,mm_join_12,0.0,155632.0,0.0,passive_inside_sell,,,
none,round1-day-1,-1,111900,15,15,flat_19,9999,10009,10,10004.0,10000.42857142857,4.0,rich,-0.7142857142857143,-3.571428571429351,sell_pressure,1.5,False,steady,1,passive_one_sided_sell,one_sided_mm,0,0,0,0,12,0,12,0,hold,hold,155632.0,mm_join_12,0.0,155632.0,0.0,passive_inside_sell,,,
none,round1-day-1,-1,112400,15,15,flat_19,9993,10002,9,9997.5,9999.923076923076,-2.5,cheap,0.5384615384615384,2.4230769230762235,buy_pressure,-3.5,True,shock,1,passive_one_sided_buy,one_sided_mm,0,0,0,10,0,10,0,0,hold,hold,155632.0,mm_join_12,0.0,155632.0,0.0,passive_inside_buy,,,
none,round1-day-1,-1,113600,19,10,flat_19,10002,10011,9,10006.5,10004.454545454546,6.5,rich,-0.45454545454545453,-2.0454545454540494,sell_pressure,6.5,True,shock,2,clear_sell,take1,0,9,9,0,9,0,9,1,sell_take1_16,take1,195624.0,hold,9.0,195624.0,0.0,take_b1,,,
none,round1-day-1,-1,120200,15,15,flat_19,9992,10001,9,9996.5,9999.8,-3.5,cheap,0.7333333333333333,3.2999999999992724,buy_pressure,-2.5,False,steady,1,passive_one_sided_buy,one_sided_mm,0,0,0,13,0,13,0,0,buy_take1_16,take1,155550.0,hold,1.0,155549.0,1.0,passive_inside_buy,,,
none,round1-day-1,-1,122500,15,15,flat_19,9997,10007,10,10002.0,9999.307692307691,2.0,rich,-0.5384615384615384,-2.692307692308532,sell_pressure,4.0,True,shock,1,passive_one_sided_buy,one_sided_mm,0,0,0,9,0,0,0,0,hold,hold,155549.0,mm_join_12,0.0,155549.0,0.0,passive_inside_buy,,,
none,round1-day-1,-1,122800,15,15,flat_19,9991,10001,10,9996.0,9998.142857142857,-4.0,cheap,0.42857142857142855,2.142857142856883,buy_pressure,-1.5,False,steady,1,passive_one_sided_buy,one_sided_mm,0,0,0,13,0,13,0,0,hold,hold,155549.0,mm_join_12,0.0,155549.0,0.0,passive_inside_buy,,,
none,round1-day-1,-1,127500,10,10,flat_19,9993,10006,13,9999.5,9994.575757575758,-0.5,neutral,-0.7575757575757576,-4.924242424242038,sell_pressure,3.5,True,shock,1,passive_one_sided_sell,one_sided_mm,0,0,0,0,9,0,9,0,hold,hold,105539.0,mm_join_12,0.0,105539.0,0.0,passive_inside_sell,,,
none,round1-day-1,-1,128300,10,10,flat_19,9992,10003,11,9997.5,9993.57142857143,-2.5,cheap,-0.7142857142857143,-3.928571428570649,sell_pressure,3.5,True,shock,1,passive_one_sided_sell,one_sided_mm,0,0,0,0,9,0,9,0,hold,hold,105539.0,mm_join_12,0.0,105539.0,0.0,passive_inside_sell,,,
none,round1-day-1,-1,128700,10,10,flat_19,9993,10003,10,9998.0,9995.777777777777,-2.0,cheap,-0.4444444444444444,-2.2222222222226264,sell_pressure,3.0,False,steady,1,passive_one_sided_sell,one_sided_mm,0,0,0,0,12,0,12,0,hold,hold,105539.0,mm_join_12,0.0,105539.0,0.0,passive_inside_sell,,,
none,round1-day-1,-1,130000,10,10,flat_19,9992,10005,13,9998.5,9993.911764705883,-1.5,neutral,-0.7058823529411765,-4.588235294117112,sell_pressure,4.5,True,shock,1,passive_one_sided_sell,one_sided_mm,0,0,0,0,9,0,9,0,hold,hold,105539.0,mm_join_12,0.0,105539.0,0.0,passive_inside_sell,,,
none,round1-day-1,-1,130200,10,10,flat_19,9992,10003,11,9997.5,9994.357142857143,-2.5,cheap,-0.5714285714285714,-3.142857142856883,sell_pressure,3.5,True,shock,1,passive_one_sided_sell,one_sided_mm,0,0,0,0,9,0,9,0,hold,hold,105539.0,mm_join_12,0.0,105539.0,0.0,passive_inside_sell,,,
none,round1-day-1,-1,130600,19,19,flat_19,9984,9996,12,9990.0,9994.5,-10.0,cheap,0.75,4.5,buy_pressure,1.0,True,shock,1,passive_one_sided_buy,one_sided_mm,0,0,0,10,0,10,0,0,buy_take1_16,take1,195467.0,buy_take2_32,7.0,195449.0,18.0,passive_inside_buy,,,
none,round1-day-1,-1,130700,19,19,flat_19,9992,10003,11,9997.5,9994.315789473685,-2.5,cheap,-0.5789473684210527,-3.184210526314928,sell_pressure,7.5,True,shock,1,passive_one_sided_sell,one_sided_mm,0,0,0,0,9,0,9,0,hold,hold,195449.0,mm_join_12,0.0,195449.0,0.0,passive_inside_sell,,,
none,round1-day-1,-1,132600,19,19,flat_19,9994,10004,10,9999.0,9996.35294117647,-1.0,neutral,-0.5294117647058824,-2.6470588235297328,sell_pressure,3.0,False,steady,1,passive_one_sided_sell,one_sided_mm,0,0,0,0,12,0,12,0,hold,hold,195449.0,mm_join_12,0.0,195449.0,0.0,passive_inside_sell,,,
none,round1-day-1,-1,135100,23,23,long_20_39,9989,9999,10,9994.0,9997.666666666666,-6.0,cheap,0.7333333333333333,3.6666666666660603,buy_pressure,-4.0,True,shock,1,passive_one_sided_buy,one_sided_mm,0,0,0,10,0,10,0,0,buy_take1_16,take1,235425.0,hold,6.0,235419.0,6.0,passive_inside_buy,,,
none,round1-day-1,-1,136400,24,24,long_20_39,9989,9999,10,9994.0,9996.5,-6.0,cheap,0.5,2.5,buy_pressure,1.5,True,shock,1,passive_one_sided_buy,one_sided_mm,0,0,0,10,0,10,0,0,buy_take1_16,take1,245386.0,hold,12.0,245374.0,12.0,passive_inside_buy,,,
none,round1-day-1,-1,141700,17,17,flat_19,9997,10010,13,10003.5,9999.407407407407,3.5,rich,-0.6296296296296297,-4.092592592593064,sell_pressure,3.5,True,shock,1,passive_one_sided_sell,one_sided_mm,0,0,0,0,9,0,9,0,hold,hold,175360.0,mm_join_12,0.0,175360.0,0.0,passive_inside_sell,,,
none,round1-day-1,-1,147000,17,17,flat_19,9998,10011,13,10004.5,10000.241379310344,4.5,rich,-0.6551724137931034,-4.2586206896558,sell_pressure,3.5,True,shock,1,passive_one_sided_sell,one_sided_mm,0,0,0,0,9,0,9,0,hold,hold,175360.0,mm_join_12,0.0,175360.0,0.0,passive_inside_sell,,,
none,round1-day-1,-1,149300,17,17,flat_19,9998,10008,10,10003.0,10000.105263157895,3.0,rich,-0.5789473684210527,-2.894736842104976,sell_pressure,2.0,False,steady,1,passive_one_sided_sell,one_sided_mm,0,0,0,0,12,0,12,0,hold,hold,175360.0,mm_join_12,0.0,175360.0,0.0,passive_inside_sell,,,
none,round1-day-1,-1,149600,17,17,flat_19,10003,10012,9,10007.5,10005.25,7.5,rich,-0.5,-2.25,sell_pressure,7.0,True,shock,1,passive_one_sided_sell,one_sided_mm,0,0,0,0,9,0,9,0,sell_take1_16,take1,175360.0,hold,10.0,175350.0,10.0,passive_inside_sell,,,
none,round1-day-1,-1,154300,23,23,long_20_39,9994,10003,9,9998.5,10000.6,-1.5,neutral,0.4666666666666667,2.100000000000364,buy_pressure,-1.5,False,steady,2,passive_two_sided,mm_inside,0,0,0,12,12,12,0,0,hold,hold,235285.0,mm_join_12,0.0,235285.0,0.0,,,,
none,round1-day-1,-1,154800,23,23,long_20_39,9999,10009,10,10004.0,10001.666666666666,4.0,rich,-0.4666666666666667,-2.3333333333339397,sell_pressure,3.0,False,steady,1,passive_one_sided_sell,one_sided_mm,0,0,0,0,12,0,12,0,hold,hold,235285.0,mm_join_12,0.0,235285.0,0.0,passive_inside_sell,,,
none,round1-day-1,-1,156200,23,23,long_20_39,9994,10004,10,9999.0,10002.75,-1.0,neutral,0.75,3.75,buy_pressure,-4.5,True,shock,1,passive_one_sided_buy,one_sided_mm,0,0,0,9,0,9,0,0,hold,hold,235285.0,mm_join_12,0.0,235285.0,0.0,passive_inside_buy,,,
none,round1-day-1,-1,157500,23,23,long_20_39,9994,10003,9,9998.5,10000.1875,-1.5,neutral,0.375,1.6875,buy_pressure,-3.5,True,shock,2,passive_two_sided,mm_inside,0,0,0,9,9,9,0,0,hold,hold,235285.0,mm_join_12,0.0,235285.0,0.0,,,,
none,round1-day-1,-1,162500,19,19,flat_19,9992,10001,9,9996.5,9999.714285714286,-3.5,cheap,0.7142857142857143,3.214285714286234,buy_pressure,-3.5,True,shock,1,passive_one_sided_buy,one_sided_mm,0,0,0,10,0,10,0,0,buy_take1_16,take1,195265.0,hold,2.0,195263.0,2.0,passive_inside_buy,,,
none,round1-day-1,-1,162700,19,19,flat_19,9997,10007,10,10002.0,9998.42857142857,2.0,rich,-0.7142857142857143,-3.571428571429351,sell_pressure,2.0,False,steady,1,passive_one_sided_buy,one_sided_mm,0,0,0,12,0,0,0,0,hold,hold,195263.0,mm_join_12,0.0,195263.0,0.0,passive_inside_buy,,,
none,round1-day-1,-1,163100,19,19,flat_19,9992,10002,10,9997.0,10000.125,-3.0,cheap,0.625,3.125,buy_pressure,-3.0,False,steady,1,passive_one_sided_buy,one_sided_mm,0,0,0,13,0,13,0,0,hold,hold,195263.0,mm_join_12,0.0,195263.0,0.0,passive_inside_buy,,,
none,round1-day-1,-1,167200,27,27,long_20_39,10001,10010,9,10005.5,10002.8,5.5,rich,-0.6,-2.7000000000007276,sell_pressure,5.5,True,shock,1,passive_one_sided_sell,one_sided_mm,0,0,0,0,9,0,9,0,hold,hold,275231.0,mm_join_12,0.0,275231.0,0.0,passive_inside_sell,,,
none,round1-day-1,-1,168900,27,27,long_20_39,9996,10006,10,10001.0,9998.35294117647,1.0,neutral,-0.5294117647058824,-2.6470588235297328,sell_pressure,3.0,False,steady,2,passive_two_sided,mm_inside,0,0,0,12,12,0,12,0,hold,hold,275231.0,mm_join_12,0.0,275231.0,0.0,,,,
none,round1-day-1,-1,172500,31,31,long_20_39,9992,10001,9,9996.5,9999.714285714286,-3.5,cheap,0.7142857142857143,3.214285714286234,buy_pressure,-2.5,False,steady,1,passive_one_sided_buy,one_sided_mm,0,0,0,13,0,13,0,0,buy_take1_16,take1,315165.0,hold,2.0,315163.0,2.0,passive_inside_buy,,,
none,round1-day-1,-1,173000,31,31,long_20_39,9997,10008,11,10002.5,9999.75,2.5,rich,-0.5,-2.75,sell_pressure,2.5,False,steady,1,passive_one_sided_sell,one_sided_mm,0,0,0,0,12,0,12,0,hold,hold,315163.0,mm_join_12,0.0,315163.0,0.0,passive_inside_sell,,,
none,round1-day-1,-1,177800,35,35,long_20_39,9997,10007,10,10002.0,9999.105263157895,2.0,rich,-0.5789473684210527,-2.894736842104976,sell_pressure,11.0,True,shock,1,passive_one_sided_buy,one_sided_mm,0,0,0,12,0,0,0,0,hold,hold,355150.0,mm_join_12,0.0,355150.0,0.0,passive_inside_buy,,,
none,round1-day-1,-1,179300,35,29,long_20_39,10002,10011,9,10006.5,10003.5,6.5,rich,-0.6666666666666666,-3.0,sell_pressure,7.5,True,shock,3,clear_sell,take1,0,12,12,0,9,0,9,1,hold,hold,355150.0,mm_join_12,0.0,355150.0,0.0,take_b1,,,
none,round1-day-1,-1,183800,5,5,flat_19,9995,10004,9,9999.5,10002.3125,-0.5,neutral,0.625,2.8125,buy_pressure,3.5,True,shock,2,passive_two_sided,mm_inside,0,0,0,9,9,9,0,0,hold,hold,55052.0,mm_join_12,0.0,55052.0,0.0,,,,
none,round1-day-1,-1,184800,5,5,flat_19,10001,10011,10,10006.0,10002.333333333334,6.0,rich,-0.7333333333333333,-3.6666666666660603,sell_pressure,-6.0,True,shock,1,passive_one_sided_sell,one_sided_mm,0,0,0,0,9,0,9,0,hold,hold,55052.0,mm_join_12,0.0,55052.0,0.0,passive_inside_sell,,,
none,round1-day-1,-1,187400,5,5,flat_19,10001,10012,11,10006.5,10003.75,6.5,rich,-0.5,-2.75,sell_pressure,3.5,True,shock,1,passive_one_sided_sell,one_sided_mm,0,0,0,0,9,0,9,0,hold,hold,55052.0,mm_join_12,0.0,55052.0,0.0,passive_inside_sell,,,
none,round1-day-1,-1,187700,5,5,flat_19,10000,10013,13,10006.5,10001.677419354839,6.5,rich,-0.7419354838709677,-4.822580645160997,sell_pressure,3.5,True,shock,1,passive_one_sided_sell,one_sided_mm,0,0,0,0,9,0,9,0,hold,hold,55052.0,mm_join_12,0.0,55052.0,0.0,passive_inside_sell,,,
none,round1-day-1,-1,189800,0,0,flat_19,10000,10011,11,10005.5,10002.588235294117,5.5,rich,-0.5294117647058824,-2.911764705882888,sell_pressure,2.5,False,steady,1,passive_one_sided_sell,one_sided_mm,0,0,0,0,12,0,12,0,hold,hold,5032.0,mm_join_12,0.0,5032.0,0.0,passive_inside_sell,,,
none,round1-day-1,-1,191300,0,0,flat_19,10001,10012,11,10006.5,10004.235294117647,6.5,rich,-0.4117647058823529,-2.264705882353155,sell_pressure,2.5,True,shock,1,passive_one_sided_sell,one_sided_mm,0,0,0,0,9,0,9,0,hold,hold,5032.0,mm_join_12,0.0,5032.0,0.0,passive_inside_sell,,,
none,round1-day-1,-1,191500,0,0,flat_19,9996,10005,9,10000.5,10003.714285714286,0.5,neutral,0.7142857142857143,3.214285714286234,buy_pressure,-3.5,True,shock,2,passive_two_sided,mm_inside,0,0,0,9,9,9,9,0,hold,hold,5032.0,mm_join_12,0.0,5032.0,0.0,,,,
none,round1-day-1,-1,192300,0,0,flat_19,9997,10006,9,10001.5,10004.941176470587,1.5,neutral,0.7647058823529411,3.4411764705873793,buy_pressure,-3.5,True,shock,2,passive_two_sided,mm_inside,0,0,0,9,9,9,0,0,hold,hold,5032.0,mm_join_12,0.0,5032.0,0.0,,,,
none,round1-day-1,-1,195800,0,0,flat_19,10001,10014,13,10007.5,10002.181818181818,7.5,rich,-0.8181818181818182,-5.3181818181819835,sell_pressure,3.5,True,shock,1,passive_one_sided_sell,one_sided_mm,0,0,0,0,9,0,9,0,hold,hold,5032.0,mm_join_12,0.0,5032.0,0.0,passive_inside_sell,,,
none,round1-day-1,-1,200200,-30,-30,short_20_39,9994,10004,10,9999.0,10001.692307692309,-1.0,neutral,0.5384615384615384,2.692307692308532,buy_pressure,-3.0,False,steady,1,passive_one_sided_buy,one_sided_mm,0,0,0,12,0,12,0,0,hold,hold,-295108.0,mm_join_12,0.0,-295108.0,0.0,passive_inside_buy,,,
none,round1-day-1,-1,200700,-30,-30,short_20_39,10000,10010,10,10005.0,10002.5,5.0,rich,-0.5,-2.5,sell_pressure,3.0,False,steady,1,passive_one_sided_sell,one_sided_mm,0,0,0,0,12,0,12,0,hold,hold,-295108.0,mm_join_12,0.0,-295108.0,0.0,passive_inside_sell,,,
none,round1-day-1,-1,201900,-30,-30,short_20_39,9992,10002,10,9997.0,9999.894736842105,-3.0,cheap,0.5789473684210527,2.894736842104976,buy_pressure,-4.0,True,shock,1,passive_one_sided_buy,one_sided_mm,0,0,0,10,0,10,0,0,hold,hold,-295108.0,mm_join_12,0.0,-295108.0,0.0,passive_inside_buy,,,
none,round1-day-1,-1,202400,-30,-30,short_20_39,9998,10008,10,10003.0,9999.666666666666,3.0,rich,-0.6666666666666666,-3.3333333333339397,sell_pressure,1.5,False,steady,1,passive_one_sided_sell,one_sided_mm,0,0,0,0,12,0,12,0,hold,hold,-295108.0,mm_join_12,0.0,-295108.0,0.0,passive_inside_sell,,,
none,round1-day-1,-1,204200,-30,-30,short_20_39,9991,10001,10,9996.0,9999.333333333334,-4.0,cheap,0.6666666666666666,3.3333333333339397,buy_pressure,-3.0,False,steady,1,passive_one_sided_buy,one_sided_mm,0,0,0,13,0,13,0,0,buy_take1_16,take1,-295108.0,hold,2.0,-295110.0,2.0,passive_inside_buy,,,
none,round1-day-1,-1,204400,-30,-30,short_20_39,9991,10000,9,9995.5,9997.35294117647,-4.5,cheap,0.4117647058823529,1.8529411764702672,buy_pressure,-3.5,True,shock,1,passive_one_sided_buy,one_sided_mm,0,0,0,10,0,10,0,0,buy_take1_16,take1,-295110.0,hold,10.0,-295120.0,10.0,passive_inside_buy,,,
none,round1-day-1,-1,204800,-20,-20,short_20_39,9991,10001,10,9996.0,9998.894736842105,-4.0,cheap,0.5789473684210527,2.894736842104976,buy_pressure,-3.0,False,steady,1,passive_one_sided_buy,one_sided_mm,0,0,0,13,0,13,0,0,buy_take1_16,take1,-195160.0,hold,6.0,-195166.0,6.0,passive_inside_buy,,,
none,round1-day-1,-1,204900,-20,-20,short_20_39,10001,10010,9,10005.5,10002.161290322581,5.5,rich,-0.7419354838709677,-3.338709677418592,sell_pressure,9.5,True,shock,1,passive_one_sided_sell,one_sided_mm,0,0,0,0,9,0,9,0,hold,hold,-195166.0,mm_join_12,0.0,-195166.0,0.0,passive_inside_sell,,,
none,round1-day-1,-1,211600,-20,-20,short_20_39,9991,10003,12,9997.0,10001.0,-3.0,cheap,0.6666666666666666,4.0,buy_pressure,-4.0,True,shock,1,passive_one_sided_buy,one_sided_mm,0,0,0,10,0,10,0,0,hold,hold,-195166.0,mm_join_12,0.0,-195166.0,0.0,passive_inside_buy,,,
none,round1-day-1,-1,214400,-20,-20,short_20_39,9993,10003,10,9998.0,10001.75,-2.0,cheap,0.75,3.75,buy_pressure,-2.5,False,steady,1,passive_one_sided_sell,one_sided_mm,0,0,0,0,12,0,0,0,hold,hold,-195166.0,mm_join_12,0.0,-195166.0,0.0,passive_inside_sell,,,
none,round1-day-1,-1,214800,-20,-20,short_20_39,9991,10003,12,9997.0,10001.222222222223,-3.0,cheap,0.7037037037037037,4.222222222222626,buy_pressure,-4.0,True,shock,1,passive_one_sided_buy,one_sided_mm,0,0,0,10,0,10,0,0,hold,hold,-195166.0,mm_join_12,0.0,-195166.0,0.0,passive_inside_buy,,,
none,round1-day-1,-1,216500,-20,-20,short_20_39,9992,10002,10,9997.0,9999.5,-3.0,cheap,0.5,2.5,buy_pressure,-2.0,False,steady,1,passive_one_sided_buy,one_sided_mm,0,0,0,13,0,13,0,0,buy_take1_16,take1,-195166.0,hold,3.0,-195169.0,3.0,passive_inside_buy,,,
none,round1-day-1,-1,216800,-20,-20,short_20_39,9993,10003,10,9998.0,10000.368421052632,-2.0,cheap,0.47368421052631576,2.3684210526316747,buy_pressure,-3.0,False,steady,0,hold,hold,0,0,0,0,0,0,0,0,hold,hold,-195169.0,mm_join_12,0.0,-195169.0,0.0,,,,
none,round1-day-1,-1,221800,-26,-26,short_20_39,9992,10004,12,9998.0,10002.8,-2.0,cheap,0.8,4.799999999999272,buy_pressure,-5.0,True,shock,1,passive_one_sided_sell,one_sided_mm,0,0,0,0,9,0,0,0,hold,hold,-255199.0,mm_join_12,0.0,-255199.0,0.0,passive_inside_sell,1,9,1.0
none,round1-day-1,-1,225800,-26,-26,short_20_39,10002,10013,11,10007.5,10004.0625,7.5,rich,-0.625,-3.4375,sell_pressure,4.0,True,shock,1,passive_one_sided_sell,one_sided_mm,0,0,0,0,9,0,9,0,hold,hold,-255199.0,mm_join_12,0.0,-255199.0,0.0,passive_inside_sell,,,
none,round1-day-1,-1,226700,-18,-18,flat_19,10002,10013,11,10007.5,10004.894736842105,7.5,rich,-0.47368421052631576,-2.605263157895024,sell_pressure,8.5,True,shock,1,passive_one_sided_sell,one_sided_mm,0,0,0,0,9,0,9,0,hold,hold,-175183.0,mm_join_12,0.0,-175183.0,0.0,passive_inside_sell,,,
none,round1-day-1,-1,232600,-13,-13,flat_19,9999,10009,10,10004.0,10001.666666666666,4.0,rich,-0.4666666666666667,-2.3333333333339397,sell_pressure,-5.0,True,shock,1,passive_one_sided_sell,one_sided_mm,0,0,0,0,9,0,9,0,hold,hold,-125188.0,mm_join_12,0.0,-125188.0,0.0,passive_inside_sell,,,
none,round1-day-1,-1,238200,-13,-13,flat_19,9994,10004,10,9999.0,10002.0,-1.0,neutral,0.6,3.0,buy_pressure,-4.0,True,shock,1,passive_one_sided_buy,one_sided_mm,0,0,0,9,0,9,0,0,hold,hold,-125188.0,mm_join_12,0.0,-125188.0,0.0,passive_inside_buy,,,
none,round1-day-1,-1,238400,-13,-13,flat_19,10000,10011,11,10005.5,10001.941176470587,5.5,rich,-0.6470588235294118,-3.5588235294126207,sell_pressure,2.5,False,steady,1,passive_one_sided_sell,one_sided_mm,0,0,0,0,12,0,12,0,hold,hold,-125188.0,mm_join_12,0.0,-125188.0,0.0,passive_inside_sell,,,
none,round1-day-1,-1,238700,-13,-13,flat_19,9995,10005,10,10000.0,10003.333333333334,0.0,neutral,0.6666666666666666,3.3333333333339397,buy_pressure,-3.0,False,steady,1,passive_one_sided_buy,one_sided_mm,0,0,0,12,0,12,0,0,hold,hold,-125188.0,mm_join_12,0.0,-125188.0,0.0,passive_inside_buy,,,
none,round1-day-1,-1,243500,-23,-23,short_20_39,9993,10003,10,9998.0,10000.777777777777,-2.0,cheap,0.5555555555555556,2.7777777777773736,buy_pressure,-3.0,False,steady,1,passive_one_sided_sell,one_sided_mm,0,0,0,0,12,0,0,0,hold,hold,-225223.0,mm_join_12,0.0,-225223.0,0.0,passive_inside_sell,,,
none,round1-day-1,-1,249600,-19,-19,flat_19,9993,10003,10,9998.0,10000.333333333334,-2.0,cheap,0.4666666666666667,2.3333333333339397,buy_pressure,-4.5,True,shock,1,passive_one_sided_sell,one_sided_mm,0,0,0,0,9,0,0,0,hold,hold,-185269.0,mm_join_12,0.0,-185269.0,0.0,passive_inside_sell,,,
none,round1-day-1,-1,249700,-19,-19,flat_19,9999,10012,13,10005.5,10000.793103448275,5.5,rich,-0.7241379310344828,-4.70689655172464,sell_pressure,7.5,True,shock,1,passive_one_sided_sell,one_sided_mm,0,0,0,0,9,0,9,0,hold,hold,-185269.0,mm_join_12,0.0,-185269.0,0.0,passive_inside_sell,,,
none,round1-day-1,-1,255900,-42,-42,short_40_59,9999,10009,10,10004.0,10002.333333333334,4.0,rich,-0.3333333333333333,-1.6666666666660603,mixed_pressure,4.0,True,shock,0,hold,hold,0,0,0,0,0,0,0,0,hold,hold,-415338.0,mm_join_12,0.0,-415338.0,0.0,,,,
none,round1-day-1,-1,261200,-42,-42,short_40_59,10002,10012,10,10007.0,10003.666666666666,7.0,rich,-0.6666666666666666,-3.3333333333339397,sell_pressure,1.0,True,shock,1,passive_one_sided_sell,one_sided_mm,0,0,0,0,9,0,9,0,hold,hold,-415338.0,mm_join_12,0.0,-415338.0,0.0,passive_inside_sell,,,
none,round1-day-1,-1,261500,-42,-42,short_40_59,9993,10005,12,9999.0,10002.6,-1.0,neutral,0.6,3.600000000000364,buy_pressure,6.0,True,shock,2,passive_two_sided,mm_inside,0,0,0,12,12,12,0,0,hold,hold,-415338.0,mm_join_12,0.0,-415338.0,0.0,,,,
none,round1-day-1,-1,263800,-42,-42,short_40_59,9991,10003,12,9997.0,10002.172413793103,-3.0,cheap,0.8620689655172413,5.17241379310326,buy_pressure,-5.0,True,shock,1,passive_one_sided_buy,one_sided_mm,0,0,0,10,0,10,0,0,hold,hold,-415338.0,mm_join_12,0.0,-415338.0,0.0,passive_inside_buy,,,
none,round1-day-1,-1,265900,-32,-32,short_20_39,9992,10002,10,9997.0,9999.64705882353,-3.0,cheap,0.5294117647058824,2.6470588235297328,buy_pressure,-3.0,False,steady,1,passive_one_sided_buy,one_sided_mm,0,0,0,13,0,13,0,0,buy_take1_16,take1,-315358.0,hold,4.0,-315362.0,4.0,passive_inside_buy,,,
none,round1-day-1,-1,266300,-32,-32,short_20_39,9997,10007,10,10002.0,9999.35294117647,2.0,rich,-0.5294117647058824,-2.6470588235297328,sell_pressure,2.0,False,steady,0,hold,hold,0,0,0,0,0,0,0,0,hold,hold,-315362.0,mm_join_12,0.0,-315362.0,0.0,,,,
none,round1-day-1,-1,269500,-22,-22,short_20_39,9988,10000,12,9994.0,9998.451612903225,-6.0,cheap,0.7419354838709677,4.451612903225396,buy_pressure,-5.0,True,shock,1,passive_one_sided_buy,one_sided_mm,0,0,0,10,0,10,0,0,buy_take1_16,take1,-215398.0,hold,12.0,-215410.0,12.0,passive_inside_buy,,,
none,round1-day-1,-1,274000,-16,-16,flat_19,9994,10007,13,10000.5,9995.575757575758,0.5,neutral,-0.7575757575757576,-4.924242424242038,sell_pressure,2.5,False,steady,1,passive_one_sided_sell,one_sided_mm,0,0,0,0,12,0,12,0,hold,hold,-155446.0,mm_join_12,0.0,-155446.0,0.0,passive_inside_sell,,,
none,round1-day-1,-1,278700,-9,-9,flat_19,9996,10007,11,10001.5,9997.833333333334,1.5,neutral,-0.6666666666666666,-3.6666666666660603,sell_pressure,2.5,False,steady,2,passive_two_sided,mm_inside,0,0,0,12,12,0,12,0,hold,hold,-85481.0,mm_join_12,0.0,-85481.0,0.0,,,,
none,round1-day-1,-1,279700,-9,-9,flat_19,9997,10008,11,10002.5,9999.0625,2.5,rich,-0.625,-3.4375,sell_pressure,3.5,True,shock,1,passive_one_sided_sell,one_sided_mm,0,0,0,0,9,0,9,0,hold,hold,-85481.0,mm_join_12,0.0,-85481.0,0.0,passive_inside_sell,,,
none,round1-day-1,-1,283800,0,0,flat_19,10000,10009,9,10004.5,10002.1,4.5,rich,-0.5333333333333333,-2.399999999999636,sell_pressure,7.5,True,shock,1,passive_one_sided_sell,one_sided_mm,0,0,0,0,9,0,9,0,hold,hold,4456.0,mm_join_12,0.0,4456.0,0.0,passive_inside_sell,,,
none,round1-day-1,-1,285900,0,0,flat_19,9996,10009,13,10002.5,9997.130434782608,2.5,rich,-0.8260869565217391,-5.369565217391937,sell_pressure,5.0,True,shock,1,passive_one_sided_sell,one_sided_mm,0,0,0,0,9,0,9,0,hold,hold,4456.0,mm_join_12,0.0,4456.0,0.0,passive_inside_sell,,,
none,round1-day-1,-1,288600,0,0,flat_19,9999,10008,9,10003.5,10001.4,3.5,rich,-0.4666666666666667,-2.100000000000364,sell_pressure,5.5,True,shock,1,passive_one_sided_sell,one_sided_mm,0,0,0,0,9,0,9,0,hold,hold,4456.0,mm_join_12,0.0,4456.0,0.0,passive_inside_sell,,,
none,round1-day-1,-1,290100,0,0,flat_19,9994,10005,11,9999.5,9996.538461538461,-0.5,neutral,-0.5384615384615384,-2.9615384615390212,sell_pressure,1.5,False,steady,1,passive_one_sided_sell,one_sided_mm,0,0,0,0,12,0,12,0,hold,hold,4456.0,mm_join_12,0.0,4456.0,0.0,passive_inside_sell,,,
none,round1-day-1,-1,290600,0,0,flat_19,9994,10004,10,9999.0,9996.666666666666,-1.0,neutral,-0.4666666666666667,-2.3333333333339397,sell_pressure,3.0,False,steady,1,passive_one_sided_sell,one_sided_mm,0,0,0,0,12,0,12,0,hold,hold,4456.0,mm_join_12,0.0,4456.0,0.0,passive_inside_sell,,,
none,round1-day-1,-1,296900,4,4,flat_19,9995,10005,10,10000.0,9997.307692307691,0.0,neutral,-0.5384615384615384,-2.692307692308532,sell_pressure,3.0,False,steady,1,passive_one_sided_sell,one_sided_mm,0,0,0,0,12,0,12,0,hold,hold,44428.0,mm_join_12,0.0,44428.0,0.0,passive_inside_sell,,,
none,round1-day-1,-1,297200,4,4,flat_19,9989,9998,9,9993.5,9996.714285714286,-6.5,cheap,0.7142857142857143,3.214285714286234,buy_pressure,-3.5,True,shock,1,passive_one_sided_buy,one_sided_mm,0,0,0,10,0,10,0,0,buy_take1_16,take1,44428.0,hold,10.0,44418.0,10.0,passive_inside_buy,,,
none,round1-day-1,-1,301500,4,4,flat_19,9997,10007,10,10002.0,9998.875,2.0,rich,-0.625,-3.125,sell_pressure,3.0,False,steady,1,passive_one_sided_buy,one_sided_mm,0,0,0,12,0,0,0,0,hold,hold,44418.0,mm_join_12,0.0,44418.0,0.0,passive_inside_buy,,,
none,round1-day-1,-1,301600,4,4,flat_19,9992,10001,9,9996.5,9999.3125,-3.5,cheap,0.625,2.8125,buy_pressure,-5.5,True,shock,1,passive_one_sided_buy,one_sided_mm,0,0,0,10,0,10,0,0,buy_take1_16,take1,44418.0,buy_take2_32,0.0,44412.0,6.0,passive_inside_buy,,,
none,round1-day-1,-1,305200,4,4,flat_19,9991,10001,10,9996.0,9998.5,-4.0,cheap,0.5,2.5,buy_pressure,-13.0,True,shock,1,passive_one_sided_buy,one_sided_mm,0,0,0,10,0,10,0,0,buy_take1_16,take1,44412.0,hold,8.0,44404.0,8.0,passive_inside_buy,,,
none,round1-day-1,-1,305400,4,4,flat_19,9998,10008,10,10003.0,9999.666666666666,3.0,rich,-0.6666666666666666,-3.3333333333339397,sell_pressure,3.0,False,steady,1,passive_one_sided_sell,one_sided_mm,0,0,0,0,12,0,12,0,hold,hold,44404.0,mm_join_12,0.0,44404.0,0.0,passive_inside_sell,,,
none,round1-day-1,-1,307600,4,4,flat_19,9995,10004,9,9999.5,10002.07142857143,-0.5,neutral,0.5714285714285714,2.571428571429351,buy_pressure,-3.0,False,steady,2,passive_two_sided,mm_inside,0,0,0,12,12,12,0,0,hold,hold,44404.0,mm_join_12,0.0,44404.0,0.0,,,,
none,round1-day-1,-1,308400,4,4,flat_19,9995,10004,9,9999.5,10001.75,-0.5,neutral,0.5,2.25,buy_pressure,-3.5,True,shock,2,passive_two_sided,mm_inside,0,0,0,9,9,9,0,0,hold,hold,44404.0,mm_join_12,0.0,44404.0,0.0,,,,
none,round1-day-1,-1,309100,4,4,flat_19,9995,10005,10,10000.0,10002.333333333334,0.0,neutral,0.4666666666666667,2.3333333333339397,buy_pressure,-3.0,False,steady,1,passive_one_sided_buy,one_sided_mm,0,0,0,12,0,12,0,0,hold,hold,44404.0,mm_join_12,0.0,44404.0,0.0,passive_inside_buy,,,
none,round1-day-1,-1,312300,4,4,flat_19,10001,10011,10,10006.0,10002.176470588236,6.0,rich,-0.7647058823529411,-3.823529411763957,sell_pressure,3.0,True,shock,1,passive_one_sided_sell,one_sided_mm,0,0,0,0,9,0,9,0,hold,hold,44399.0,mm_join_12,0.0,44399.0,0.0,passive_inside_sell,,,
none,round1-day-1,-1,313200,4,4,flat_19,9996,10006,10,10001.0,10004.666666666666,1.0,neutral,0.7333333333333333,3.6666666666660603,buy_pressure,-4.5,True,shock,1,passive_one_sided_buy,one_sided_mm,0,0,0,9,0,9,0,0,hold,hold,44379.0,mm_join_12,0.0,44379.0,0.0,passive_inside_buy,,,
none,round1-day-1,-1,316000,0,0,flat_19,10001,10011,10,10006.0,10003.857142857143,6.0,rich,-0.42857142857142855,-2.142857142856883,sell_pressure,2.0,True,shock,1,passive_one_sided_sell,one_sided_mm,0,0,0,0,9,0,9,0,hold,hold,4355.0,mm_join_12,0.0,4355.0,0.0,passive_inside_sell,,,
none,round1-day-1,-1,316800,0,0,flat_19,10001,10012,11,10006.5,10004.055555555555,6.5,rich,-0.4444444444444444,-2.444444444445253,sell_pressure,2.5,True,shock,1,passive_one_sided_sell,one_sided_mm,0,0,0,0,9,0,9,0,hold,hold,4355.0,mm_join_12,0.0,4355.0,0.0,passive_inside_sell,,,
none,round1-day-1,-1,316900,0,0,flat_19,9996,10005,9,10000.5,10003.2,0.5,neutral,0.6,2.7000000000007276,buy_pressure,-6.0,True,shock,2,passive_two_sided,mm_inside,0,0,0,9,9,9,0,0,hold,hold,4355.0,mm_join_12,0.0,4355.0,0.0,,,,
none,round1-day-1,-1,317600,0,-9,flat_19,10005,10014,9,10009.5,10007.382352941177,9.5,rich,-0.47058823529411764,-2.1176470588234224,sell_pressure,16.5,True,shock,2,take_sell,take1,0,9,9,0,9,0,9,1,sell_take1_16,take1,4355.0,hold,14.0,4355.0,0.0,take_b1,,,
none,round1-day-1,-1,318600,-9,-17,flat_19,10006,10015,9,10010.5,10008.322580645161,10.5,rich,-0.4838709677419355,-2.177419354839003,sell_pressure,6.5,True,shock,2,take_sell,take1,0,8,8,0,9,0,9,1,sell_take1_16,take1,-85690.0,hold,20.0,-85690.0,0.0,take_b1,,,
none,round1-day-1,-1,321200,-17,-17,flat_19,10003,10014,11,10008.5,10005.588235294117,8.5,rich,-0.5294117647058824,-2.911764705882888,sell_pressure,4.0,True,shock,1,passive_one_sided_sell,one_sided_mm,0,0,0,0,9,0,9,0,hold,hold,-165738.0,mm_join_12,0.0,-165738.0,0.0,passive_inside_sell,,,
none,round1-day-1,-1,321300,-17,-17,flat_19,10004,10014,10,10009.0,10006.777777777777,9.0,rich,-0.4444444444444444,-2.2222222222226264,sell_pressure,0.5,True,shock,1,passive_one_sided_sell,one_sided_mm,0,0,0,0,9,0,9,0,sell_take1_16,take1,-165738.0,hold,1.0,-165739.0,1.0,passive_inside_sell,,,
none,round1-day-1,-1,321600,-17,-17,flat_19,9998,10008,10,10003.0,10005.5,3.0,rich,0.5,2.5,buy_pressure,-3.0,False,steady,1,passive_one_sided_buy,one_sided_mm,0,0,0,12,0,12,0,0,hold,hold,-165739.0,mm_join_12,0.0,-165739.0,0.0,passive_inside_buy,,,
none,round1-day-1,-1,322400,-17,-17,flat_19,10004,10015,11,10009.5,10006.0625,9.5,rich,-0.625,-3.4375,sell_pressure,2.5,True,shock,1,passive_one_sided_sell,one_sided_mm,0,0,0,0,9,0,9,0,sell_take1_16,take1,-165739.0,hold,3.0,-165742.0,3.0,passive_inside_sell,,,
none,round1-day-1,-1,325600,-16,-16,flat_19,10004,10017,13,10010.5,10005.911764705883,10.5,rich,-0.7058823529411765,-4.588235294117112,sell_pressure,4.0,True,shock,1,passive_one_sided_sell,one_sided_mm,0,0,0,0,9,0,9,0,sell_take1_16,take1,-155779.0,hold,5.0,-155784.0,5.0,passive_inside_sell,,,
none,round1-day-1,-1,326500,-16,-16,flat_19,9996,10008,12,10002.0,10007.172413793103,2.0,rich,0.8620689655172413,5.17241379310326,buy_pressure,-5.0,True,shock,1,passive_one_sided_buy,one_sided_mm,0,0,0,9,0,9,0,0,hold,hold,-155784.0,mm_join_12,0.0,-155784.0,0.0,passive_inside_buy,,,
none,round1-day-1,-1,327600,-16,-26,flat_19,10008,10017,9,10012.5,10010.5,12.5,rich,-0.4444444444444444,-2.0,sell_pressure,7.5,True,shock,2,take_sell,take1,0,10,10,0,9,0,9,1,sell_take1_16,take1,-155784.0,hold,50.0,-155784.0,0.0,take_b1,,,
none,round1-day-1,-1,328200,-26,-26,short_20_39,9997,10009,12,10003.0,10007.95652173913,3.0,rich,0.8260869565217391,4.956521739130039,buy_pressure,-3.5,True,shock,1,passive_one_sided_buy,one_sided_mm,0,0,0,9,0,9,0,0,hold,hold,-255864.0,mm_join_12,0.0,-255864.0,0.0,passive_inside_buy,,,
none,round1-day-1,-1,329300,-26,-26,short_20_39,10001,10010,9,10005.5,10008.941176470587,5.5,rich,0.7647058823529411,3.4411764705873793,buy_pressure,-4.5,True,shock,2,passive_two_sided,mm_inside,0,0,0,9,9,9,0,0,hold,hold,-255864.0,mm_join_12,0.0,-255864.0,0.0,,,,
none,round1-day-1,-1,329800,-26,-26,short_20_39,10005,10016,11,10010.5,10006.941176470587,10.5,rich,-0.6470588235294118,-3.5588235294126207,sell_pressure,-5.5,True,shock,1,passive_one_sided_sell,one_sided_mm,0,0,0,0,9,0,9,0,sell_take1_16,take1,-255864.0,hold,6.0,-255870.0,6.0,passive_inside_sell,,,
none,round1-day-1,-1,330300,-26,-26,short_20_39,10001,10010,9,10005.5,10008.411764705883,5.5,rich,0.6470588235294118,2.911764705882888,buy_pressure,-1.5,False,steady,2,passive_two_sided,mm_inside,0,0,0,12,12,12,0,0,hold,hold,-255870.0,mm_join_12,0.0,-255870.0,0.0,,,,
none,round1-day-1,-1,333600,-31,-31,short_20_39,10005,10016,11,10010.5,10006.466666666667,10.5,rich,-0.7333333333333333,-4.033333333332848,sell_pressure,3.5,True,shock,1,passive_one_sided_sell,one_sided_mm,0,0,0,0,9,0,9,0,sell_take1_16,take1,-305915.0,hold,4.0,-305919.0,4.0,passive_inside_sell,,,
none,round1-day-1,-1,338400,-57,-57,short_40_59,9998,10008,10,10003.0,10005.058823529413,3.0,rich,0.4117647058823529,2.0588235294126207,buy_pressure,-3.0,False,steady,2,passive_two_sided,mm_inside,0,0,0,14,9,14,0,0,hold,hold,-566133.0,mm_join_12,0.0,-566133.0,0.0,,,,
none,round1-day-1,-1,338600,-57,-57,short_40_59,9998,10008,10,10003.0,10005.058823529413,3.0,rich,0.4117647058823529,2.0588235294126207,buy_pressure,-4.0,True,shock,2,passive_two_sided,mm_inside,0,0,0,11,6,11,0,0,hold,hold,-566133.0,mm_join_12,0.0,-566133.0,0.0,,,,
none,round1-day-1,-1,340200,-57,-57,short_40_59,10004,10015,11,10009.5,10005.833333333334,9.5,rich,-0.6666666666666666,-3.6666666666660603,sell_pressure,2.5,True,shock,2,passive_two_sided,mm_inside,0,0,0,11,6,0,6,0,sell_take1_16,take1,-566133.0,hold,3.0,-566136.0,3.0,,,,
none,round1-day-1,-1,342600,-57,-57,short_40_59,10004,10014,10,10009.0,10006.857142857143,9.0,rich,-0.42857142857142855,-2.142857142856883,sell_pressure,2.5,True,shock,2,passive_two_sided,mm_inside,0,0,0,11,6,0,6,0,sell_take1_16,take1,-566136.0,hold,4.0,-566140.0,4.0,,,,
none,round1-day-1,-1,343500,-57,-57,short_40_59,10000,10009,9,10004.5,10007.5,4.5,rich,0.6666666666666666,3.0,buy_pressure,-11.5,True,shock,2,passive_two_sided,mm_inside,0,0,0,11,6,11,0,0,hold,hold,-566140.0,mm_join_12,0.0,-566140.0,0.0,,,,
none,round1-day-1,-1,345200,-57,-57,short_40_59,10004,10015,11,10009.5,10005.375,9.5,rich,-0.75,-4.125,sell_pressure,4.0,True,shock,2,passive_two_sided,mm_inside,0,0,0,11,6,0,6,0,sell_take1_16,take1,-566140.0,hold,2.0,-566142.0,2.0,,,,
none,round1-day-1,-1,350300,-57,-57,short_40_59,9994,10004,10,9999.0,10001.777777777777,-1.0,neutral,0.5555555555555556,2.7777777777773736,buy_pressure,-4.0,True,shock,2,passive_two_sided,mm_inside,0,0,0,11,6,11,0,0,hold,hold,-566142.0,mm_join_12,0.0,-566142.0,0.0,,,,
none,round1-day-1,-1,351700,-57,-62,short_40_59,10003,10012,9,10007.5,10004.5,7.5,rich,-0.6666666666666666,-3.0,sell_pressure,5.5,True,shock,3,take_sell,take1,0,5,5,11,6,0,6,1,hold,hold,-566142.0,mm_join_12,0.0,-566142.0,0.0,take_b1,,,
none,round1-day-1,-1,352800,-62,-62,short_60_plus,9999,10012,13,10005.5,10000.56,5.5,rich,-0.76,-4.940000000000509,sell_pressure,5.0,True,shock,2,passive_two_sided,mm_inside,0,0,0,11,6,11,6,0,hold,hold,-616157.0,mm_join_12,0.0,-616157.0,0.0,,,,
none,round1-day-1,-1,354900,-68,-65,short_60_plus,9991,10000,9,9995.5,9998.5,-4.5,cheap,0.6666666666666666,3.0,buy_pressure,-3.5,True,shock,2,clear_buy,take1,3,0,3,12,0,12,0,1,buy_take1_16,take1,-676175.0,hold,9.0,-676175.0,0.0,take_a1,,,
none,round1-day-1,-1,356300,-65,-65,short_60_plus,9998,10011,13,10004.5,9999.625,4.5,rich,-0.75,-4.875,sell_pressure,12.5,True,shock,1,passive_one_sided_sell,one_sided_mm,0,0,0,0,6,0,6,0,hold,hold,-646175.0,mm_join_12,0.0,-646175.0,0.0,passive_inside_sell,,,
none,round1-day-1,-1,356500,-65,-62,short_60_plus,9992,10001,9,9996.5,9999.3125,-3.5,cheap,0.625,2.8125,buy_pressure,-3.5,True,shock,2,clear_buy,take1,3,0,3,12,0,12,0,1,buy_take1_16,take1,-646175.0,hold,6.0,-646175.0,0.0,take_a1,,,
none,round1-day-1,-1,357300,-62,-59,short_60_plus,9991,10000,9,9995.5,9998.411764705883,-4.5,cheap,0.6470588235294118,2.911764705882888,buy_pressure,-2.5,False,steady,2,clear_buy,take1,3,0,3,15,0,15,0,1,buy_take1_16,take1,-616172.0,hold,9.0,-616172.0,0.0,take_a1,,,
none,round1-day-1,-1,357700,-59,-59,short_40_59,9996,10009,13,10002.5,9997.5,2.5,rich,-0.7692307692307693,-5.0,sell_pressure,2.5,False,steady,2,passive_two_sided,mm_inside,0,0,0,14,9,14,9,0,hold,hold,-586172.0,mm_join_12,0.0,-586172.0,0.0,,,,
none,round1-day-1,-1,358000,-59,-59,short_40_59,9997,10010,13,10003.5,9998.925925925925,3.5,rich,-0.7037037037037037,-4.574074074074815,sell_pressure,5.5,True,shock,2,passive_two_sided,mm_inside,0,0,0,11,6,11,6,0,hold,hold,-586172.0,mm_join_12,0.0,-586172.0,0.0,,,,
none,round1-day-1,-1,358900,-59,-59,short_40_59,9997,10007,10,10002.0,9999.5,2.0,rich,-0.5,-2.5,sell_pressure,2.5,False,steady,2,passive_two_sided,mm_inside,0,0,0,14,9,14,9,0,hold,hold,-586172.0,mm_join_12,0.0,-586172.0,0.0,,,,
none,round1-day-1,-1,361100,-51,-51,short_40_59,9998,10009,11,10003.5,10000.444444444445,3.5,rich,-0.5555555555555556,-3.055555555554747,sell_pressure,4.5,True,shock,1,passive_one_sided_sell,one_sided_mm,0,0,0,0,6,0,6,0,hold,hold,-506188.0,mm_join_12,0.0,-506188.0,0.0,passive_inside_sell,,,
none,round1-day-1,-1,361800,-51,-60,short_40_59,10003,10012,9,10007.5,10005.53125,7.5,rich,-0.4375,-1.96875,sell_pressure,6.5,True,shock,3,take_sell,take1,0,9,9,11,6,0,6,1,hold,hold,-506188.0,mm_join_12,0.0,-506188.0,0.0,take_b1,,,
none,round1-day-1,-1,362000,-60,-60,short_60_plus,9999,10010,11,10004.5,10000.57142857143,4.5,rich,-0.7142857142857143,-3.928571428570649,sell_pressure,3.5,True,shock,1,passive_one_sided_sell,one_sided_mm,0,0,0,0,6,0,6,0,hold,hold,-596215.0,mm_join_12,0.0,-596215.0,0.0,passive_inside_sell,,,
none,round1-day-1,-1,367600,-67,-67,short_60_plus,9991,10003,12,9997.0,10001.153846153846,-3.0,cheap,0.6923076923076923,4.153846153845734,buy_pressure,-4.0,True,shock,1,passive_one_sided_buy,one_sided_mm,0,0,0,12,0,12,0,0,hold,hold,-666236.0,mm_join_12,0.0,-666236.0,0.0,passive_inside_buy,,,
none,round1-day-1,-1,371600,-60,-60,short_60_plus,9997,10008,11,10002.5,9999.444444444445,2.5,rich,-0.5555555555555556,-3.055555555554747,sell_pressure,3.5,True,shock,1,passive_one_sided_sell,one_sided_mm,0,0,0,0,6,0,6,0,hold,hold,-596236.0,mm_join_12,0.0,-596236.0,0.0,passive_inside_sell,,,
none,round1-day-1,-1,372100,-60,-60,short_60_plus,9998,10008,10,10003.0,9999.875,3.0,rich,-0.625,-3.125,sell_pressure,-5.0,True,shock,1,passive_one_sided_sell,one_sided_mm,0,0,0,0,9,0,9,0,hold,hold,-596236.0,mm_join_12,0.0,-596236.0,0.0,passive_inside_sell,,,
none,round1-day-1,-1,375200,-60,-60,short_60_plus,9993,10003,10,9998.0,10001.823529411764,-2.0,cheap,0.7647058823529411,3.823529411763957,buy_pressure,-4.0,True,shock,1,passive_one_sided_sell,one_sided_mm,0,0,0,0,6,0,0,0,hold,hold,-596236.0,mm_join_12,0.0,-596236.0,0.0,passive_inside_sell,,,
none,round1-day-1,-1,381000,-72,-72,short_60_plus,10001,10012,11,10006.5,10002.833333333334,6.5,rich,-0.6666666666666666,-3.6666666666660603,sell_pressure,2.5,True,shock,1,passive_one_sided_sell,one_sided_mm,0,0,0,0,6,0,6,0,hold,hold,-716272.0,mm_join_12,0.0,-716272.0,0.0,passive_inside_sell,,,
none,round1-day-1,-1,383800,-80,-80,short_60_plus,9998,10009,11,10003.5,10000.315789473685,3.5,rich,-0.5789473684210527,-3.184210526314928,sell_pressure,3.5,True,shock,0,hold,hold,0,0,0,0,0,0,0,0,hold,hold,-796302.0,mm_join_12,0.0,-796302.0,0.0,,,,
none,round1-day-1,-1,384600,-80,-80,short_60_plus,10004,10013,9,10008.5,10006.076923076924,8.5,rich,-0.5384615384615384,-2.4230769230762235,sell_pressure,6.5,True,shock,1,passive_one_sided_buy,one_sided_mm,0,0,0,11,0,0,0,0,hold,hold,-796302.0,mm_join_12,0.0,-796302.0,0.0,passive_inside_buy,,,
none,round1-day-1,-1,385500,-80,-80,short_60_plus,10000,10013,13,10006.5,10002.166666666666,6.5,rich,-0.6666666666666666,-4.33333333333394,sell_pressure,4.5,True,shock,0,hold,hold,0,0,0,0,0,0,0,0,hold,hold,-796302.0,mm_join_12,0.0,-796302.0,0.0,,,,
none,round1-day-1,-1,388700,-73,-73,short_60_plus,9995,10004,9,9999.5,10001.75,-0.5,neutral,0.5,2.25,buy_pressure,-4.0,True,shock,2,passive_two_sided,mm_inside,0,0,0,11,6,11,0,0,hold,hold,-726316.0,mm_join_12,0.0,-726316.0,0.0,,,,
none,round1-day-1,-1,396100,-69,-69,short_60_plus,10004,10014,10,10009.0,10006.0,9.0,rich,-0.6,-3.0,sell_pressure,1.0,True,shock,2,passive_two_sided,mm_inside,0,0,0,11,6,0,6,0,sell_take1_16,take1,-686312.0,hold,3.0,-686315.0,3.0,,,,
none,round1-day-1,-1,397200,-69,-69,short_60_plus,9996,10008,12,10002.0,10006.125,2.0,rich,0.6875,4.125,buy_pressure,-4.0,True,shock,2,passive_two_sided,mm_inside,0,0,0,11,6,11,0,0,hold,hold,-686315.0,mm_join_12,0.0,-686315.0,0.0,,,,
none,round1-day-1,-1,401600,-63,-63,short_60_plus,10004,10014,10,10009.0,10006.777777777777,9.0,rich,-0.4444444444444444,-2.2222222222226264,sell_pressure,2.0,True,shock,2,passive_two_sided,mm_inside,0,0,0,11,6,0,6,0,sell_take1_16,take1,-626297.0,hold,5.0,-626302.0,5.0,,,,
none,round1-day-1,-1,402400,-63,-63,short_60_plus,9998,10007,9,10002.5,10004.75,2.5,rich,0.5,2.25,buy_pressure,-4.5,True,shock,2,passive_two_sided,mm_inside,0,0,0,11,6,11,0,0,hold,hold,-626302.0,mm_join_12,0.0,-626302.0,0.0,,,,
none,round1-day-1,-1,402600,-63,-63,short_60_plus,9998,10007,9,10002.5,10004.6,2.5,rich,0.4666666666666667,2.100000000000364,buy_pressure,-3.5,True,shock,2,passive_two_sided,mm_inside,0,0,0,11,6,11,0,0,hold,hold,-626302.0,mm_join_12,0.0,-626302.0,0.0,,,,
none,round1-day-1,-1,402900,-63,-63,short_60_plus,9997,10007,10,10002.0,10004.5,2.0,rich,0.5,2.5,buy_pressure,-2.0,False,steady,2,passive_two_sided,mm_inside,0,0,0,14,9,14,0,0,hold,hold,-626302.0,mm_join_12,0.0,-626302.0,0.0,,,,
none,round1-day-1,-1,403600,-63,-63,short_60_plus,10003,10013,10,10008.0,10004.875,8.0,rich,-0.625,-3.125,sell_pressure,1.5,True,shock,2,passive_two_sided,mm_inside,0,0,0,11,6,0,6,0,hold,hold,-626302.0,mm_join_12,0.0,-626302.0,0.0,,,,
none,round1-day-1,-1,406900,-57,-57,short_40_59,9999,10010,11,10004.5,10000.833333333334,4.5,rich,-0.6666666666666666,-3.6666666666660603,sell_pressure,2.5,False,steady,1,passive_one_sided_sell,one_sided_mm,0,0,0,0,9,0,9,0,hold,hold,-566302.0,mm_join_12,0.0,-566302.0,0.0,passive_inside_sell,,,
none,round1-day-1,-1,409600,-47,-47,short_40_59,9998,10009,11,10003.5,9999.833333333334,3.5,rich,-0.6666666666666666,-3.6666666666660603,sell_pressure,1.5,False,steady,1,passive_one_sided_sell,one_sided_mm,0,0,0,0,9,0,9,0,hold,hold,-466312.0,mm_join_12,0.0,-466312.0,0.0,passive_inside_sell,,,
none,round1-day-1,-1,410800,-47,-47,short_40_59,9997,10008,11,10002.5,10000.235294117647,2.5,rich,-0.4117647058823529,-2.264705882353155,sell_pressure,2.5,False,steady,2,passive_two_sided,mm_inside,0,0,0,14,9,14,9,0,hold,hold,-466312.0,mm_join_12,0.0,-466312.0,0.0,,,,
none,round1-day-1,-1,414800,-47,-47,short_40_59,9994,10003,9,9998.5,10000.1875,-1.5,neutral,0.375,1.6875,buy_pressure,-3.5,True,shock,2,passive_two_sided,mm_inside,0,0,0,11,6,11,0,0,hold,hold,-466312.0,mm_join_12,0.0,-466312.0,0.0,,,,
none,round1-day-1,-1,415800,-47,-47,short_40_59,10000,10010,10,10005.0,10001.25,5.0,rich,-0.75,-3.75,sell_pressure,5.0,True,shock,2,passive_two_sided,mm_inside,0,0,0,11,6,0,6,0,hold,hold,-466312.0,mm_join_12,0.0,-466312.0,0.0,,,,
none,round1-day-1,-1,418100,-47,-47,short_40_59,9999,10009,10,10004.0,10001.631578947368,4.0,rich,-0.47368421052631576,-2.3684210526316747,sell_pressure,3.0,False,steady,1,passive_one_sided_sell,one_sided_mm,0,0,0,0,9,0,9,0,hold,hold,-466312.0,mm_join_12,0.0,-466312.0,0.0,passive_inside_sell,,,
none,round1-day-1,-1,420100,-47,-47,short_40_59,9991,10001,10,9996.0,9998.058823529413,-4.0,cheap,0.4117647058823529,2.0588235294126207,buy_pressure,-4.0,True,shock,1,passive_one_sided_buy,one_sided_mm,0,0,0,12,0,12,0,0,buy_take1_16,take1,-466312.0,hold,10.0,-466322.0,10.0,passive_inside_buy,,,
none,round1-day-1,-1,420300,-47,-47,short_40_59,9988,10000,12,9994.0,9999.0,-6.0,cheap,0.8333333333333334,5.0,buy_pressure,-13.0,True,shock,1,passive_one_sided_buy,one_sided_mm,0,0,0,12,0,12,0,0,buy_take1_16,take1,-466322.0,hold,6.0,-466328.0,6.0,passive_inside_buy,,,
none,round1-day-1,-1,422900,-43,-43,short_40_59,9998,10009,11,10003.5,10000.357142857143,3.5,rich,-0.5714285714285714,-3.142857142856883,sell_pressure,2.5,False,steady,1,passive_one_sided_sell,one_sided_mm,0,0,0,0,9,0,9,0,hold,hold,-426340.0,mm_join_12,0.0,-426340.0,0.0,passive_inside_sell,,,
none,round1-day-1,-1,424400,-43,-43,short_40_59,9994,10004,10,9999.0,10002.666666666666,-1.0,neutral,0.7333333333333333,3.6666666666660603,buy_pressure,-3.0,False,steady,1,passive_one_sided_buy,one_sided_mm,0,0,0,14,0,14,0,0,hold,hold,-426340.0,mm_join_12,0.0,-426340.0,0.0,passive_inside_buy,,,
none,round1-day-1,-1,424700,-43,-43,short_40_59,9994,10003,9,9998.5,10000.35294117647,-1.5,neutral,0.4117647058823529,1.8529411764702672,buy_pressure,-5.0,True,shock,2,passive_two_sided,mm_inside,0,0,0,11,6,11,0,0,hold,hold,-426340.0,mm_join_12,0.0,-426340.0,0.0,,,,
none,round1-day-1,-1,426300,-43,-43,short_40_59,9991,10003,12,9997.0,10002.076923076924,-3.0,cheap,0.8461538461538461,5.0769230769237765,buy_pressure,-5.0,True,shock,1,passive_one_sided_buy,one_sided_mm,0,0,0,12,0,12,0,0,hold,hold,-426340.0,mm_join_12,0.0,-426340.0,0.0,passive_inside_buy,,,
none,round1-day-1,-1,431400,-37,-37,short_20_39,9998,10007,9,10002.5,10005.411764705883,2.5,rich,0.6470588235294118,2.911764705882888,buy_pressure,-3.5,True,shock,2,passive_two_sided,mm_inside,0,0,0,9,9,9,0,0,hold,hold,-366346.0,mm_join_12,0.0,-366346.0,0.0,,,,
none,round1-day-1,-1,433600,-37,-37,short_20_39,9997,10006,9,10001.5,10003.35294117647,1.5,neutral,0.4117647058823529,1.8529411764702672,buy_pressure,-2.5,False,steady,2,passive_two_sided,mm_inside,0,0,0,12,12,12,0,0,hold,hold,-366346.0,mm_join_12,0.0,-366346.0,0.0,,,,
none,round1-day-1,-1,434200,-37,-37,short_20_39,9996,10006,10,10001.0,10003.058823529413,1.0,neutral,0.4117647058823529,2.0588235294126207,buy_pressure,-3.0,False,steady,1,passive_one_sided_buy,one_sided_mm,0,0,0,12,0,12,0,0,hold,hold,-366346.0,mm_join_12,0.0,-366346.0,0.0,passive_inside_buy,,,
none,round1-day-1,-1,434300,-37,-37,short_20_39,9996,10006,10,10001.0,10004.125,1.0,neutral,0.625,3.125,buy_pressure,0.0,False,steady,1,passive_one_sided_buy,one_sided_mm,0,0,0,12,0,12,0,0,hold,hold,-366346.0,mm_join_12,0.0,-366346.0,0.0,passive_inside_buy,,,
none,round1-day-1,-1,438300,-33,-33,short_20_39,10003,10014,11,10008.5,10005.444444444445,8.5,rich,-0.5555555555555556,-3.055555555554747,sell_pressure,2.5,True,shock,1,passive_one_sided_sell,one_sided_mm,0,0,0,0,9,0,9,0,hold,hold,-326338.0,mm_join_12,0.0,-326338.0,0.0,passive_inside_sell,,,
none,round1-day-1,-1,438400,-33,-33,short_20_39,10003,10014,11,10008.5,10004.466666666667,8.5,rich,-0.7333333333333333,-4.033333333332848,sell_pressure,0.0,True,shock,1,passive_one_sided_sell,one_sided_mm,0,0,0,0,9,0,9,0,hold,hold,-326338.0,mm_join_12,0.0,-326338.0,0.0,passive_inside_sell,,,
none,round1-day-1,-1,441900,-40,-40,short_40_59,10004,10014,10,10009.0,10005.875,9.0,rich,-0.625,-3.125,sell_pressure,1.5,True,shock,1,passive_one_sided_sell,one_sided_mm,0,0,0,0,9,0,9,0,sell_take1_16,take1,-396401.0,hold,3.0,-396404.0,3.0,passive_inside_sell,,,
none,round1-day-1,-1,443900,-40,-40,short_40_59,9997,10007,10,10002.0,10005.461538461539,2.0,rich,0.6923076923076923,3.4615384615390212,buy_pressure,-2.0,False,steady,1,passive_one_sided_buy,one_sided_mm,0,0,0,12,0,12,0,0,hold,hold,-396404.0,mm_join_12,0.0,-396404.0,0.0,passive_inside_buy,,,
none,round1-day-1,-1,444600,-40,-40,short_40_59,9998,10007,9,10002.5,10004.5,2.5,rich,0.4444444444444444,2.0,buy_pressure,-3.5,True,shock,2,passive_two_sided,mm_inside,0,0,0,9,9,9,0,0,hold,hold,-396404.0,mm_join_12,0.0,-396404.0,0.0,,,,
none,round1-day-1,-1,444700,-40,-40,short_40_59,9998,10007,9,10002.5,10004.35294117647,2.5,rich,0.4117647058823529,1.8529411764702672,buy_pressure,0.0,False,steady,2,passive_two_sided,mm_inside,0,0,0,12,12,12,0,0,hold,hold,-396404.0,mm_join_12,0.0,-396404.0,0.0,,,,
none,round1-day-1,-1,447600,-40,-40,short_40_59,9997,10007,10,10002.0,10004.777777777777,2.0,rich,0.5555555555555556,2.7777777777773736,buy_pressure,-2.5,False,steady,1,passive_one_sided_buy,one_sided_mm,0,0,0,12,0,12,0,0,hold,hold,-396404.0,mm_join_12,0.0,-396404.0,0.0,passive_inside_buy,,,
none,round1-day-1,-1,448500,-40,-40,short_40_59,9994,10006,12,10000.0,10003.931034482759,0.0,neutral,0.6551724137931034,3.9310344827590598,buy_pressure,3.0,False,steady,1,passive_one_sided_buy,one_sided_mm,0,0,0,12,0,12,0,0,hold,hold,-396404.0,mm_join_12,0.0,-396404.0,0.0,passive_inside_buy,,,
none,round1-day-1,-1,451100,-40,-40,short_40_59,10001,10012,11,10006.5,10002.833333333334,6.5,rich,-0.6666666666666666,-3.6666666666660603,sell_pressure,2.5,True,shock,1,passive_one_sided_sell,one_sided_mm,0,0,0,0,9,0,9,0,hold,hold,-396404.0,mm_join_12,0.0,-396404.0,0.0,passive_inside_sell,,,
none,round1-day-1,-1,453300,-33,-33,short_20_39,10002,10012,10,10007.0,10004.307692307691,7.0,rich,-0.5384615384615384,-2.692307692308532,sell_pressure,4.0,True,shock,1,passive_one_sided_sell,one_sided_mm,0,0,0,0,9,0,9,0,hold,hold,-326390.0,mm_join_12,0.0,-326390.0,0.0,passive_inside_sell,,,
none,round1-day-1,-1,455900,-25,-25,short_20_39,9991,10003,12,9997.0,10001.222222222223,-3.0,cheap,0.7037037037037037,4.222222222222626,buy_pressure,-5.0,True,shock,1,passive_one_sided_buy,one_sided_mm,0,0,0,10,0,10,0,0,hold,hold,-246374.0,mm_join_12,0.0,-246374.0,0.0,passive_inside_buy,,,
none,round1-day-1,-1,457900,-25,-34,short_20_39,10003,10012,9,10007.5,10005.53125,7.5,rich,-0.4375,-1.96875,sell_pressure,4.0,True,shock,2,take_sell,take1,0,9,9,0,9,0,9,1,sell_take1_16,take1,-246374.0,hold,1.0,-246374.0,0.0,take_b1,,,
none,round1-day-1,-1,458400,-34,-34,short_20_39,9999,10010,11,10004.5,10001.2,4.5,rich,-0.6,-3.2999999999992724,sell_pressure,2.0,False,steady,1,passive_one_sided_sell,one_sided_mm,0,0,0,0,12,0,12,0,hold,hold,-336401.0,mm_join_12,0.0,-336401.0,0.0,passive_inside_sell,,,
none,round1-day-1,-1,459800,-34,-34,short_20_39,10000,10013,13,10006.5,10001.392857142857,6.5,rich,-0.7857142857142857,-5.107142857143117,sell_pressure,3.5,True,shock,1,passive_one_sided_sell,one_sided_mm,0,0,0,0,9,0,9,0,hold,hold,-336401.0,mm_join_12,0.0,-336401.0,0.0,passive_inside_sell,,,
none,round1-day-1,-1,460700,-34,-34,short_20_39,10001,10012,11,10006.5,10004.142857142857,6.5,rich,-0.42857142857142855,-2.357142857143117,sell_pressure,2.5,True,shock,1,passive_one_sided_sell,one_sided_mm,0,0,0,0,9,0,9,0,hold,hold,-336401.0,mm_join_12,0.0,-336401.0,0.0,passive_inside_sell,,,
none,round1-day-1,-1,462600,-34,-34,short_20_39,10002,10012,10,10007.0,10003.538461538461,7.0,rich,-0.6923076923076923,-3.4615384615390212,sell_pressure,3.0,True,shock,1,passive_one_sided_sell,one_sided_mm,0,0,0,0,9,0,9,0,hold,hold,-336401.0,mm_join_12,0.0,-336401.0,0.0,passive_inside_sell,,,
none,round1-day-1,-1,464700,-38,-38,short_20_39,10001,10011,10,10006.0,10003.0,6.0,rich,-0.6,-3.0,sell_pressure,3.0,True,shock,1,passive_one_sided_sell,one_sided_mm,0,0,0,0,9,0,9,0,hold,hold,-376421.0,mm_join_12,0.0,-376421.0,0.0,passive_inside_sell,,,
none,round1-day-1,-1,469200,-45,-45,short_40_59,9999,10010,11,10004.5,10001.315789473685,4.5,rich,-0.5789473684210527,-3.184210526314928,sell_pressure,2.5,False,steady,1,passive_one_sided_sell,one_sided_mm,0,0,0,0,9,0,9,0,hold,hold,-446442.0,mm_join_12,0.0,-446442.0,0.0,passive_inside_sell,,,
none,round1-day-1,-1,469900,-45,-45,short_40_59,9999,10010,11,10004.5,10000.692307692309,4.5,rich,-0.6923076923076923,-3.807692307691468,sell_pressure,3.5,True,shock,1,passive_one_sided_sell,one_sided_mm,0,0,0,0,6,0,6,0,hold,hold,-446442.0,mm_join_12,0.0,-446442.0,0.0,passive_inside_sell,,,
none,round1-day-1,-1,471300,-45,-45,short_40_59,9999,10010,11,10004.5,10001.588235294117,4.5,rich,-0.5294117647058824,-2.911764705882888,sell_pressure,2.5,False,steady,1,passive_one_sided_sell,one_sided_mm,0,0,0,0,9,0,9,0,hold,hold,-446442.0,mm_join_12,0.0,-446442.0,0.0,passive_inside_sell,,,
none,round1-day-1,-1,472800,-45,-45,short_40_59,9998,10009,11,10003.5,10000.75,3.5,rich,-0.5,-2.75,sell_pressure,3.5,True,shock,1,passive_one_sided_sell,one_sided_mm,0,0,0,0,6,0,6,0,hold,hold,-446442.0,mm_join_12,0.0,-446442.0,0.0,passive_inside_sell,,,
none,round1-day-1,-1,473200,-45,-45,short_40_59,9993,10002,9,9997.5,9999.0,-2.5,cheap,0.3333333333333333,1.5,mixed_pressure,-11.5,True,shock,1,passive_one_sided_sell,one_sided_mm,0,0,0,0,9,0,0,0,buy_take1_16,take1,-446442.0,hold,5.0,-446447.0,5.0,passive_inside_sell,,,
none,round1-day-1,-1,477500,-45,-45,short_40_59,9993,10003,10,9998.0,10001.125,-2.0,cheap,0.625,3.125,buy_pressure,-2.0,False,steady,1,passive_one_sided_sell,one_sided_mm,0,0,0,0,9,0,0,0,hold,hold,-446447.0,mm_join_12,0.0,-446447.0,0.0,passive_inside_sell,,,
none,round1-day-1,-1,480300,-45,-45,short_40_59,9989,10001,12,9995.0,9999.615384615385,-5.0,cheap,0.7692307692307693,4.615384615384755,buy_pressure,-5.0,True,shock,1,passive_one_sided_buy,one_sided_mm,0,0,0,12,0,12,0,0,buy_take1_16,take1,-446447.0,hold,6.0,-446453.0,6.0,passive_inside_buy,,,
none,round1-day-1,-1,480400,-45,-45,short_40_59,9997,10007,10,10002.0,9998.25,2.0,rich,-0.75,-3.75,sell_pressure,7.0,True,shock,0,hold,hold,0,0,0,0,0,0,0,0,hold,hold,-446453.0,mm_join_12,0.0,-446453.0,0.0,,,,
none,round1-day-1,-1,480700,-45,-45,short_40_59,9998,10011,13,10004.5,10000.407407407407,4.5,rich,-0.6296296296296297,-4.092592592593064,sell_pressure,4.5,True,shock,1,passive_one_sided_sell,one_sided_mm,0,0,0,0,6,0,6,0,hold,hold,-446453.0,mm_join_12,0.0,-446453.0,0.0,passive_inside_sell,,,
none,round1-day-1,-1,481200,-45,-45,short_40_59,9999,10009,10,10004.0,10001.666666666666,4.0,rich,-0.4666666666666667,-2.3333333333339397,sell_pressure,3.0,False,steady,1,passive_one_sided_sell,one_sided_mm,0,0,0,0,9,0,9,0,hold,hold,-446453.0,mm_join_12,0.0,-446453.0,0.0,passive_inside_sell,,,
none,round1-day-1,-1,481400,-45,-45,short_40_59,9994,10003,9,9998.5,10000.0,-1.5,neutral,0.3333333333333333,1.5,mixed_pressure,-3.5,True,shock,2,passive_two_sided,mm_inside,0,0,0,11,6,11,0,0,hold,hold,-446453.0,mm_join_12,0.0,-446453.0,0.0,,,,
none,round1-day-1,-1,481500,-45,-45,short_40_59,9993,10003,10,9998.0,10000.5,-2.0,cheap,0.5,2.5,buy_pressure,-0.5,False,steady,1,passive_one_sided_sell,one_sided_mm,0,0,0,0,9,0,0,0,hold,hold,-446453.0,mm_join_12,0.0,-446453.0,0.0,passive_inside_sell,,,
none,round1-day-1,-1,482100,-45,-45,short_40_59,9994,10003,9,9998.5,10001.615384615385,-1.5,neutral,0.6923076923076923,3.1153846153847553,buy_pressure,-2.5,False,steady,2,passive_two_sided,mm_inside,0,0,0,14,9,14,0,0,hold,hold,-446453.0,mm_join_12,0.0,-446453.0,0.0,,,,
none,round1-day-1,-1,483500,-45,-45,short_40_59,9992,10002,10,9997.0,9999.857142857143,-3.0,cheap,0.5714285714285714,2.857142857143117,buy_pressure,-5.0,True,shock,1,passive_one_sided_buy,one_sided_mm,0,0,0,12,0,12,0,0,buy_take1_16,take1,-446453.0,hold,3.0,-446456.0,3.0,passive_inside_buy,,,
none,round1-day-1,-1,484900,-45,-45,short_40_59,9993,10002,9,9997.5,9999.75,-2.5,cheap,0.5,2.25,buy_pressure,-3.5,True,shock,1,passive_one_sided_buy,one_sided_mm,0,0,0,12,0,12,0,0,buy_take1_16,take1,-446456.0,hold,4.0,-446460.0,4.0,passive_inside_buy,,,
none,round1-day-1,-1,485100,-45,-45,short_40_59,9993,10003,10,9998.0,10001.75,-2.0,cheap,0.75,3.75,buy_pressure,-3.0,False,steady,1,passive_one_sided_sell,one_sided_mm,0,0,0,0,9,0,0,0,hold,hold,-446460.0,mm_join_12,0.0,-446460.0,0.0,passive_inside_sell,,,
none,round1-day-1,-1,486600,-51,-51,short_40_59,9994,10003,9,9998.5,10000.75,-1.5,neutral,0.5,2.25,buy_pressure,-2.5,False,steady,2,passive_two_sided,mm_inside,0,0,0,14,9,14,0,0,buy_take1_16,take1,-506478.0,hold,4.0,-506482.0,4.0,,,,
none,round1-day-1,-1,488000,-70,-70,short_60_plus,9995,10005,10,10000.0,10001.666666666666,0.0,neutral,0.3333333333333333,1.6666666666660603,mixed_pressure,-3.0,False,steady,2,passive_two_sided,mm_inside,0,0,0,14,9,14,0,0,hold,hold,-696558.0,mm_join_12,0.0,-696558.0,0.0,,,,
none,round1-day-1,-1,492100,-70,-70,short_60_plus,10000,10010,10,10005.0,10001.176470588236,5.0,rich,-0.7647058823529411,-3.823529411763957,sell_pressure,-5.0,True,shock,1,passive_one_sided_sell,one_sided_mm,0,0,0,0,6,0,6,0,hold,hold,-696558.0,mm_join_12,0.0,-696558.0,0.0,passive_inside_sell,,,
none,round1-day-1,-1,492300,-70,-70,short_60_plus,10000,10011,11,10005.5,10001.833333333334,5.5,rich,-0.6666666666666666,-3.6666666666660603,sell_pressure,2.5,False,steady,1,passive_one_sided_sell,one_sided_mm,0,0,0,0,9,0,9,0,hold,hold,-696558.0,mm_join_12,0.0,-696558.0,0.0,passive_inside_sell,,,
none,round1-day-1,-1,493400,-70,-80,short_60_plus,10006,10015,9,10010.5,10008.307692307691,10.5,rich,-0.48717948717948717,-2.192307692308532,sell_pressure,-1.5,True,shock,1,take_sell,take1,0,10,10,0,0,0,0,1,sell_take1_16,take1,-696558.0,hold,22.0,-696558.0,0.0,take_b1,,,
none,round1-day-1,-1,494100,-80,-80,short_60_plus,9998,10007,9,10002.5,10004.923076923076,2.5,rich,0.5384615384615384,2.4230769230762235,buy_pressure,-3.5,True,shock,1,passive_one_sided_buy,one_sided_mm,0,0,0,11,0,11,0,0,hold,hold,-796618.0,mm_join_12,0.0,-796618.0,0.0,passive_inside_buy,,,
none,round1-day-1,-1,495100,-80,-80,short_60_plus,9997,10006,9,10001.5,10004.411764705883,1.5,neutral,0.6470588235294118,2.911764705882888,buy_pressure,3.5,True,shock,1,passive_one_sided_buy,one_sided_mm,0,0,0,14,0,14,0,0,hold,hold,-796618.0,mm_join_12,0.0,-796618.0,0.0,passive_inside_buy,,,
none,round1-day-1,-1,495500,-80,-80,short_60_plus,10003,10013,10,10008.0,10006.125,8.0,rich,-0.375,-1.875,sell_pressure,4.0,True,shock,1,passive_one_sided_buy,one_sided_mm,0,0,0,11,0,0,0,0,hold,hold,-796618.0,mm_join_12,0.0,-796618.0,0.0,passive_inside_buy,,,
none,round1-day-1,-1,497500,-80,-80,short_60_plus,10001,10012,11,10006.5,10002.833333333334,6.5,rich,-0.6666666666666666,-3.6666666666660603,sell_pressure,3.0,True,shock,0,hold,hold,0,0,0,0,0,0,0,0,hold,hold,-796618.0,mm_join_12,0.0,-796618.0,0.0,,,,
none,round1-day-1,-1,498000,-71,-71,short_60_plus,9994,10006,12,10000.0,10004.285714285714,0.0,neutral,0.7142857142857143,4.285714285713766,buy_pressure,-4.0,True,shock,2,passive_two_sided,mm_inside,0,0,0,11,6,11,0,0,hold,hold,-706609.0,mm_join_12,0.0,-706609.0,0.0,,,,
none,round1-day-1,-1,500600,-71,-71,short_60_plus,10001,10011,10,10006.0,10003.857142857143,6.0,rich,-0.42857142857142855,-2.142857142856883,sell_pressure,3.0,True,shock,2,passive_two_sided,mm_inside,0,0,0,11,6,0,6,0,hold,hold,-706609.0,mm_join_12,0.0,-706609.0,0.0,,,,
none,round1-day-1,-1,501100,-71,-71,short_60_plus,10000,10013,13,10006.5,10001.625,6.5,rich,-0.75,-4.875,sell_pressure,3.5,True,shock,1,passive_one_sided_sell,one_sided_mm,0,0,0,0,6,0,6,0,hold,hold,-706609.0,mm_join_12,0.0,-706609.0,0.0,passive_inside_sell,,,
none,round1-day-1,-1,506400,-66,-66,short_60_plus,9998,10011,13,10004.5,9999.911764705883,4.5,rich,-0.7058823529411765,-4.588235294117112,sell_pressure,3.5,True,shock,2,passive_two_sided,mm_inside,0,0,0,11,6,11,6,0,hold,hold,-656609.0,mm_join_12,0.0,-656609.0,0.0,,,,
none,round1-day-1,-1,507300,-66,-66,short_60_plus,9993,10003,10,9998.0,10001.57142857143,-2.0,cheap,0.7142857142857143,3.571428571429351,buy_pressure,-4.5,True,shock,1,passive_one_sided_sell,one_sided_mm,0,0,0,0,6,0,0,0,buy_take1_16,take1,-656609.0,buy_take2_32,0.0,-656613.0,4.0,passive_inside_sell,,,
none,round1-day-1,-1,507600,-66,-66,short_60_plus,9999,10012,13,10005.5,9999.866666666667,5.5,rich,-0.8666666666666667,-5.633333333333212,sell_pressure,3.5,True,shock,2,passive_two_sided,mm_inside,0,0,0,11,6,11,6,0,hold,hold,-656613.0,mm_join_12,0.0,-656613.0,0.0,,,,
none,round1-day-1,-1,507800,-66,-66,short_60_plus,9992,10004,12,9998.0,10002.222222222223,-2.0,cheap,0.7037037037037037,4.222222222222626,buy_pressure,-4.0,True,shock,1,passive_one_sided_sell,one_sided_mm,0,0,0,0,6,0,0,0,buy_take1_16,take1,-656613.0,hold,1.0,-656614.0,1.0,passive_inside_sell,1,9,1.0
none,round1-day-1,-1,508100,-66,-66,short_60_plus,10001,10011,10,10006.0,10002.333333333334,6.0,rich,-0.7333333333333333,-3.6666666666660603,sell_pressure,3.0,True,shock,2,passive_two_sided,mm_inside,0,0,0,11,6,0,6,0,hold,hold,-656614.0,mm_join_12,0.0,-656614.0,0.0,,,,
none,round1-day-1,-1,509300,-66,-66,short_60_plus,9995,10004,9,9999.5,10002.0,-0.5,neutral,0.5555555555555556,2.5,buy_pressure,-2.0,False,steady,2,passive_two_sided,mm_inside,0,0,0,14,9,14,0,0,buy_take1_16,take1,-656614.0,hold,4.0,-656618.0,4.0,,,,
none,round1-day-1,-1,512400,-79,-79,short_60_plus,9996,10005,9,10000.5,10002.5,0.5,neutral,0.4444444444444444,2.0,buy_pressure,-8.0,True,shock,2,passive_two_sided,mm_inside,0,0,0,11,1,11,0,0,buy_take1_16,take1,-786686.0,hold,1.0,-786687.0,1.0,,,,
none,round1-day-1,-1,512600,-79,-79,short_60_plus,10002,10012,10,10007.0,10004.631578947368,7.0,rich,-0.47368421052631576,-2.3684210526316747,sell_pressure,3.0,True,shock,2,passive_two_sided,mm_inside,0,0,0,11,1,0,1,0,hold,hold,-786687.0,mm_join_12,0.0,-786687.0,0.0,,,,
none,round1-day-1,-1,513500,-79,-79,short_60_plus,10002,10012,10,10007.0,10003.875,7.0,rich,-0.625,-3.125,sell_pressure,4.0,True,shock,2,passive_two_sided,mm_inside,0,0,0,11,1,0,1,0,hold,hold,-786687.0,mm_join_12,0.0,-786687.0,0.0,,,,
none,round1-day-1,-1,513900,-74,-79,short_60_plus,10005,10014,9,10009.5,10006.73076923077,9.5,rich,-0.6153846153846154,-2.7692307692304894,sell_pressure,10.5,True,shock,3,take_sell,take1,0,5,5,11,1,0,1,1,hold,hold,-736683.0,mm_join_12,0.0,-736688.0,5.0,take_b1,,,
none,round1-day-1,-1,514800,-79,-79,short_60_plus,9996,10006,10,10001.0,10003.368421052632,1.0,neutral,0.47368421052631576,2.3684210526316747,buy_pressure,-3.0,False,steady,2,passive_two_sided,mm_inside,0,0,0,14,1,14,0,0,hold,hold,-786713.0,mm_join_12,0.0,-786713.0,0.0,,,,
none,round1-day-1,-1,515100,-79,-79,short_60_plus,10002,10013,11,10007.5,10004.0625,7.5,rich,-0.625,-3.4375,sell_pressure,2.5,True,shock,1,passive_one_sided_sell,one_sided_mm,0,0,0,0,1,0,1,0,hold,hold,-786713.0,mm_join_12,0.0,-786713.0,0.0,passive_inside_sell,,,
none,round1-day-1,-1,515300,-79,-79,short_60_plus,9996,10006,10,10001.0,10003.058823529413,1.0,neutral,0.4117647058823529,2.0588235294126207,buy_pressure,-3.0,False,steady,2,passive_two_sided,mm_inside,0,0,0,14,1,14,0,0,buy_take1_16,take1,-786713.0,hold,2.0,-786715.0,2.0,,,,
none,round1-day-1,-1,515400,-79,-79,short_60_plus,9996,10005,9,10000.5,10002.6,0.5,neutral,0.4666666666666667,2.100000000000364,buy_pressure,-0.5,False,steady,2,passive_two_sided,mm_inside,0,0,0,14,1,14,0,0,hold,hold,-786715.0,mm_join_12,0.0,-786715.0,0.0,,,,
none,round1-day-1,-1,516400,-79,-79,short_60_plus,10002,10012,10,10007.0,10003.333333333334,7.0,rich,-0.7333333333333333,-3.6666666666660603,sell_pressure,2.0,True,shock,1,passive_one_sided_sell,one_sided_mm,0,0,0,0,1,0,1,0,hold,hold,-786715.0,mm_join_12,0.0,-786715.0,0.0,passive_inside_sell,,,
none,round1-day-1,-1,518200,-80,-80,short_60_plus,9996,10006,10,10001.0,10004.333333333334,1.0,neutral,0.6666666666666666,3.3333333333339397,buy_pressure,-3.5,True,shock,1,passive_one_sided_buy,one_sided_mm,0,0,0,11,0,11,0,0,hold,hold,-796723.0,mm_join_12,0.0,-796723.0,0.0,passive_inside_buy,,,
none,round1-day-1,-1,523100,-75,-75,short_60_plus,10002,10012,10,10007.0,10005.333333333334,7.0,rich,-0.3333333333333333,-1.6666666666660603,mixed_pressure,3.0,True,shock,2,passive_two_sided,mm_inside,0,0,0,11,5,0,5,0,hold,hold,-746718.0,mm_join_12,0.0,-746718.0,0.0,,,,
none,round1-day-1,-1,523700,-75,-75,short_60_plus,9993,10005,12,9999.0,10003.56,-1.0,neutral,0.76,4.559999999999491,buy_pressure,-12.0,True,shock,2,passive_two_sided,mm_inside,0,0,0,14,5,14,0,0,hold,hold,-746718.0,mm_join_12,0.0,-746718.0,0.0,,,,
none,round1-day-1,-1,523800,-75,-75,short_60_plus,10001,10014,13,10007.5,10002.969696969696,7.5,rich,-0.696969696969697,-4.530303030303912,sell_pressure,8.5,True,shock,1,passive_one_sided_sell,one_sided_mm,0,0,0,0,5,0,5,0,hold,hold,-746718.0,mm_join_12,0.0,-746718.0,0.0,passive_inside_sell,,,
none,round1-day-1,-1,524700,-75,-75,short_60_plus,9995,10005,10,10000.0,10002.142857142857,0.0,neutral,0.42857142857142855,2.142857142856883,buy_pressure,-3.0,False,steady,2,passive_two_sided,mm_inside,0,0,0,14,5,14,0,0,hold,hold,-746718.0,mm_join_12,0.0,-746718.0,0.0,,,,
none,round1-day-1,-1,526300,-75,-75,short_60_plus,9994,10004,10,9999.0,10002.333333333334,-1.0,neutral,0.6666666666666666,3.3333333333339397,buy_pressure,-4.0,True,shock,2,passive_two_sided,mm_inside,0,0,0,11,5,11,0,0,buy_take1_16,take1,-746718.0,buy_take2_32,0.0,-746721.0,3.0,,,,
none,round1-day-1,-1,527500,-75,-75,short_60_plus,9993,10005,12,9999.0,10003.615384615385,-1.0,neutral,0.7692307692307693,4.615384615384755,buy_pressure,-4.0,True,shock,2,passive_two_sided,mm_inside,0,0,0,11,5,11,0,0,buy_take1_16,take1,-746721.0,hold,3.0,-746724.0,3.0,,,,
none,round1-day-1,-1,528500,-75,-75,short_60_plus,10000,10010,10,10005.0,10002.631578947368,5.0,rich,-0.47368421052631576,-2.3684210526316747,sell_pressure,3.0,False,steady,1,passive_one_sided_sell,one_sided_mm,0,0,0,0,5,0,5,0,hold,hold,-746724.0,mm_join_12,0.0,-746724.0,0.0,passive_inside_sell,,,
none,round1-day-1,-1,533600,-80,-80,short_60_plus,9995,10004,9,9999.5,10001.0,-0.5,neutral,0.3333333333333333,1.5,mixed_pressure,-4.5,True,shock,1,passive_one_sided_buy,one_sided_mm,0,0,0,11,0,11,0,0,hold,hold,-796734.0,mm_join_12,0.0,-796734.0,0.0,passive_inside_buy,,,
none,round1-day-1,-1,535300,-80,-80,short_60_plus,9994,10004,10,9999.0,10001.058823529413,-1.0,neutral,0.4117647058823529,2.0588235294126207,buy_pressure,-3.0,False,steady,1,passive_one_sided_buy,one_sided_mm,0,0,0,14,0,14,0,0,hold,hold,-796734.0,mm_join_12,0.0,-796734.0,0.0,passive_inside_buy,,,
none,round1-day-1,-1,537300,-80,-80,short_60_plus,9993,10003,10,9998.0,10000.777777777777,-2.0,cheap,0.5555555555555556,2.7777777777773736,buy_pressure,-3.0,False,steady,0,hold,hold,0,0,0,0,0,0,0,0,hold,hold,-796734.0,mm_join_12,0.0,-796734.0,0.0,,,,
none,round1-day-1,-1,538300,-80,-78,short_60_plus,9991,10001,10,9996.0,9999.666666666666,-4.0,cheap,0.7333333333333333,3.6666666666660603,buy_pressure,-3.0,False,steady,2,clear_buy,take1,2,0,2,15,0,15,0,1,buy_take1_16,take1,-796734.0,hold,2.0,-796734.0,0.0,take_a1,,,
none,round1-day-1,-1,546700,-63,-59,short_60_plus,9986,9998,12,9992.0,9996.545454545454,-8.0,cheap,0.7575757575757576,4.545454545454049,buy_pressure,-5.0,True,shock,2,clear_buy,take1,4,0,4,12,0,12,0,1,buy_take1_16,take1,-626792.0,hold,16.0,-626792.0,0.0,take_a1,,,
none,round1-day-1,-1,549100,-51,-47,short_40_59,9989,9999,10,9994.0,9996.5,-6.0,cheap,0.5,2.5,buy_pressure,-4.0,True,shock,2,clear_buy,take1,4,0,4,12,0,12,0,1,buy_take1_16,take1,-506832.0,hold,12.0,-506832.0,0.0,take_a1,,,
none,round1-day-1,-1,552200,-47,-47,short_40_59,9996,10009,13,10002.5,9997.392857142857,2.5,rich,-0.7857142857142857,-5.107142857143117,sell_pressure,4.5,True,shock,2,passive_two_sided,mm_inside,0,0,0,11,6,11,6,0,hold,hold,-466836.0,mm_join_12,0.0,-466836.0,0.0,,,,
none,round1-day-1,-1,553300,-47,-47,short_40_59,9996,10006,10,10001.0,9997.176470588236,1.0,neutral,-0.7647058823529411,-3.823529411763957,sell_pressure,3.0,False,steady,1,passive_one_sided_sell,one_sided_mm,0,0,0,0,9,0,9,0,hold,hold,-466836.0,mm_join_12,0.0,-466836.0,0.0,passive_inside_sell,,,
none,round1-day-1,-1,555500,-47,-47,short_40_59,9997,10007,10,10002.0,9999.857142857143,2.0,rich,-0.42857142857142855,-2.142857142856883,sell_pressure,3.5,True,shock,1,passive_one_sided_sell,one_sided_mm,0,0,0,0,6,0,6,0,hold,hold,-466836.0,mm_join_12,0.0,-466836.0,0.0,passive_inside_sell,,,
none,round1-day-1,-1,556800,-47,-47,short_40_59,9990,10000,10,9995.0,9997.368421052632,-5.0,cheap,0.47368421052631576,2.3684210526316747,buy_pressure,-12.0,True,shock,1,passive_one_sided_buy,one_sided_mm,0,0,0,12,0,12,0,0,buy_take1_16,take1,-466836.0,hold,10.0,-466846.0,10.0,passive_inside_buy,,,
none,round1-day-1,-1,558100,-47,-47,short_40_59,9989,9999,10,9994.0,9997.333333333334,-6.0,cheap,0.6666666666666666,3.3333333333339397,buy_pressure,-3.0,True,shock,1,passive_one_sided_buy,one_sided_mm,0,0,0,12,0,12,0,0,buy_take1_16,take1,-466846.0,hold,6.0,-466852.0,6.0,passive_inside_buy,,,
none,round1-day-1,-1,558700,-47,-47,short_40_59,9990,9999,9,9994.5,9996.882352941177,-5.5,cheap,0.5294117647058824,2.3823529411765776,buy_pressure,-2.5,False,steady,1,passive_one_sided_buy,one_sided_mm,0,0,0,15,0,15,0,0,buy_take1_16,take1,-466852.0,hold,12.0,-466864.0,12.0,passive_inside_buy,,,
none,round1-day-1,-1,559500,-47,-47,short_40_59,9988,9998,10,9993.0,9995.777777777777,-7.0,cheap,0.5555555555555556,2.7777777777773736,buy_pressure,-5.0,True,shock,1,passive_one_sided_buy,one_sided_mm,0,0,0,12,0,12,0,0,buy_take1_16,take1,-466864.0,hold,16.0,-466880.0,16.0,passive_inside_buy,,,
none,round1-day-1,-1,559700,-47,-47,short_40_59,9989,9998,9,9993.5,9995.923076923076,-6.5,cheap,0.5384615384615384,2.4230769230762235,buy_pressure,-3.5,True,shock,1,passive_one_sided_buy,one_sided_mm,0,0,0,12,0,12,0,0,buy_take1_16,take1,-466880.0,hold,12.0,-466892.0,12.0,passive_inside_buy,,,
none,round1-day-1,-1,562800,-47,-47,short_40_59,9993,10006,13,9999.5,9994.5,-0.5,neutral,-0.7692307692307693,-5.0,sell_pressure,3.5,True,shock,1,passive_one_sided_sell,one_sided_mm,0,0,0,0,6,0,6,0,hold,hold,-466892.0,mm_join_12,0.0,-466892.0,0.0,passive_inside_sell,,,
none,round1-day-1,-1,564200,-47,-42,short_40_59,9987,9997,10,9992.0,9993.875,-8.0,cheap,0.375,1.875,buy_pressure,-4.0,True,shock,2,clear_buy,take1,5,0,5,12,0,12,0,1,buy_take1_16,take1,-466892.0,hold,25.0,-466892.0,0.0,take_a1,,,
none,round1-day-1,-1,565100,-42,-42,short_40_59,9993,10004,11,9998.5,9995.588235294117,-1.5,neutral,-0.5294117647058824,-2.911764705882888,sell_pressure,2.5,False,steady,1,passive_one_sided_sell,one_sided_mm,0,0,0,0,12,0,12,0,hold,hold,-416907.0,mm_join_12,0.0,-416907.0,0.0,passive_inside_sell,,,
none,round1-day-1,-1,565300,-42,-42,short_40_59,9993,10004,11,9998.5,9995.357142857143,-1.5,neutral,-0.5714285714285714,-3.142857142856883,sell_pressure,4.0,True,shock,1,passive_one_sided_sell,one_sided_mm,0,0,0,0,9,0,9,0,hold,hold,-416907.0,mm_join_12,0.0,-416907.0,0.0,passive_inside_sell,,,
none,round1-day-1,-1,566500,-36,-36,short_20_39,9993,10004,11,9998.5,9995.538461538461,-1.5,neutral,-0.5384615384615384,-2.9615384615390212,sell_pressure,-4.5,True,shock,1,passive_one_sided_sell,one_sided_mm,0,0,0,0,12,0,12,0,hold,hold,-356949.0,mm_join_12,0.0,-356949.0,0.0,passive_inside_sell,,,
none,round1-day-1,-1,566900,-36,-36,short_20_39,9993,10004,11,9998.5,9996.4375,-1.5,neutral,-0.375,-2.0625,sell_pressure,4.0,True,shock,2,passive_two_sided,mm_inside,0,0,0,9,9,9,0,0,hold,hold,-356949.0,mm_join_12,0.0,-356949.0,0.0,,,,
none,round1-day-1,-1,571100,-21,-21,short_20_39,9993,10002,9,9997.5,10000.3125,-2.5,cheap,0.625,2.8125,buy_pressure,-2.5,False,steady,1,passive_one_sided_buy,one_sided_mm,0,0,0,13,0,13,0,0,hold,hold,-207015.0,mm_join_12,0.0,-207015.0,0.0,passive_inside_buy,,,
none,round1-day-1,-1,572300,-21,-21,short_20_39,9997,10007,10,10002.0,10000.333333333334,2.0,rich,-0.3333333333333333,-1.6666666666660603,mixed_pressure,-5.0,True,shock,1,passive_one_sided_buy,one_sided_mm,0,0,0,12,0,0,0,0,hold,hold,-207015.0,mm_join_12,0.0,-207015.0,0.0,passive_inside_buy,,,
none,round1-day-1,-1,573700,-21,-21,short_20_39,9991,10001,10,9996.0,9999.333333333334,-4.0,cheap,0.6666666666666666,3.3333333333339397,buy_pressure,-3.0,False,steady,1,passive_one_sided_buy,one_sided_mm,0,0,0,13,0,13,0,0,buy_take1_16,take1,-207015.0,hold,3.0,-207018.0,3.0,passive_inside_buy,,,
none,round1-day-1,-1,574200,-21,-21,short_20_39,9993,10002,9,9997.5,9999.923076923076,-2.5,cheap,0.5384615384615384,2.4230769230762235,buy_pressure,-4.0,True,shock,1,passive_one_sided_buy,one_sided_mm,0,0,0,10,0,10,0,0,buy_take1_16,take1,-207018.0,hold,2.0,-207020.0,2.0,passive_inside_buy,,,
none,round1-day-1,-1,577600,-17,-17,flat_19,9997,10010,13,10003.5,9998.695652173914,3.5,rich,-0.7391304347826086,-4.804347826086087,sell_pressure,5.0,True,shock,1,passive_one_sided_sell,one_sided_mm,0,0,0,0,9,0,9,0,hold,hold,-167032.0,mm_join_12,0.0,-167032.0,0.0,passive_inside_sell,,,
none,round1-day-1,-1,580500,-11,-11,flat_19,9996,10006,10,10001.0,9998.666666666666,1.0,neutral,-0.4666666666666667,-2.3333333333339397,sell_pressure,3.5,True,shock,1,passive_one_sided_sell,one_sided_mm,0,0,0,0,9,0,9,0,hold,hold,-107050.0,mm_join_12,0.0,-107050.0,0.0,passive_inside_sell,,,
none,round1-day-1,-1,580700,-11,-11,flat_19,9996,10007,11,10001.5,9997.833333333334,1.5,neutral,-0.6666666666666666,-3.6666666666660603,sell_pressure,2.5,False,steady,1,passive_one_sided_sell,one_sided_mm,0,0,0,0,12,0,12,0,hold,hold,-107050.0,mm_join_12,0.0,-107050.0,0.0,passive_inside_sell,,,
none,round1-day-1,-1,581300,-11,-11,flat_19,9997,10007,10,10002.0,9999.105263157895,2.0,rich,-0.5789473684210527,-2.894736842104976,sell_pressure,-5.0,True,shock,1,passive_one_sided_buy,one_sided_mm,0,0,0,12,0,12,0,0,hold,hold,-107050.0,mm_join_12,0.0,-107050.0,0.0,passive_inside_buy,,,
none,round1-day-1,-1,586900,-15,-15,flat_19,9998,10011,13,10004.5,9999.344827586207,4.5,rich,-0.7931034482758621,-5.15517241379348,sell_pressure,3.5,True,shock,1,passive_one_sided_sell,one_sided_mm,0,0,0,0,9,0,9,0,hold,hold,-147061.0,mm_join_12,0.0,-147061.0,0.0,passive_inside_sell,,,
none,round1-day-1,-1,587400,-15,-15,flat_19,9998,10008,10,10003.0,10000.0,3.0,rich,-0.6,-3.0,sell_pressure,3.0,False,steady,1,passive_one_sided_sell,one_sided_mm,0,0,0,0,12,0,12,0,hold,hold,-147061.0,mm_join_12,0.0,-147061.0,0.0,passive_inside_sell,,,
none,round1-day-1,-1,588000,-15,-15,flat_19,9997,10010,13,10003.5,9998.925925925925,3.5,rich,-0.7037037037037037,-4.574074074074815,sell_pressure,4.5,True,shock,1,passive_one_sided_sell,one_sided_mm,0,0,0,0,9,0,9,0,hold,hold,-147061.0,mm_join_12,0.0,-147061.0,0.0,passive_inside_sell,,,
none,round1-day-1,-1,588200,-15,-15,flat_19,9990,10002,12,9996.0,10001.454545454546,-4.0,cheap,0.9090909090909091,5.454545454545951,buy_pressure,-3.0,False,steady,1,passive_one_sided_buy,one_sided_mm,0,0,0,13,0,13,0,0,buy_take1_16,take1,-147061.0,hold,2.0,-147063.0,2.0,passive_inside_buy,,,
none,round1-day-1,-1,591900,-8,-8,flat_19,9993,10002,9,9997.5,10000.5,-2.5,cheap,0.6666666666666666,3.0,buy_pressure,-11.5,True,shock,1,passive_one_sided_buy,one_sided_mm,0,0,0,13,0,13,0,0,buy_take1_16,take1,-77107.0,hold,2.0,-77109.0,2.0,passive_inside_buy,,,
none,round1-day-1,-1,594500,-8,-8,flat_19,9994,10005,11,9999.5,9997.142857142857,-0.5,neutral,-0.42857142857142855,-2.357142857143117,sell_pressure,2.5,False,steady,1,passive_one_sided_sell,one_sided_mm,0,0,0,0,12,0,12,0,hold,hold,-77109.0,mm_join_12,0.0,-77109.0,0.0,passive_inside_sell,,,
none,round1-day-1,-1,595300,-8,-8,flat_19,9995,10006,11,10000.5,9996.692307692309,0.5,neutral,-0.6923076923076923,-3.807692307691468,sell_pressure,3.5,True,shock,1,passive_one_sided_sell,one_sided_mm,0,0,0,0,9,0,9,0,hold,hold,-77109.0,mm_join_12,0.0,-77109.0,0.0,passive_inside_sell,,,
none,round1-day-1,-1,596200,-8,-8,flat_19,9989,9999,10,9994.0,9996.894736842105,-6.0,cheap,0.5789473684210527,2.894736842104976,buy_pressure,-5.0,True,shock,1,passive_one_sided_buy,one_sided_mm,0,0,0,10,0,10,0,0,buy_take1_16,take1,-77109.0,hold,18.0,-77127.0,18.0,passive_inside_buy,,,
none,round1-day-1,-1,597200,-17,-17,flat_19,9995,10006,11,10000.5,9996.941176470587,0.5,neutral,-0.6470588235294118,-3.5588235294126207,sell_pressure,2.5,False,steady,1,passive_one_sided_sell,one_sided_mm,0,0,0,0,12,0,12,0,hold,hold,-167160.0,mm_join_12,0.0,-167160.0,0.0,passive_inside_sell,,,
none,round1-day-1,-1,600100,-13,-13,flat_19,9998,10008,10,10003.0,9999.666666666666,3.0,rich,-0.6666666666666666,-3.3333333333339397,sell_pressure,3.0,False,steady,1,passive_one_sided_sell,one_sided_mm,0,0,0,0,12,0,12,0,hold,hold,-127212.0,mm_join_12,0.0,-127212.0,0.0,passive_inside_sell,,,
none,round1-day-1,-1,602100,-13,-13,flat_19,10001,10010,9,10005.5,10002.058823529413,5.5,rich,-0.7647058823529411,-3.4411764705873793,sell_pressure,4.5,True,shock,1,passive_one_sided_sell,one_sided_mm,0,0,0,0,9,0,9,0,hold,hold,-127212.0,mm_join_12,0.0,-127212.0,0.0,passive_inside_sell,,,
none,round1-day-1,-1,602300,-13,-13,flat_19,9997,10008,11,10002.5,10000.666666666666,2.5,rich,-0.3333333333333333,-1.8333333333339397,mixed_pressure,4.0,True,shock,1,passive_one_sided_buy,one_sided_mm,0,0,0,9,0,0,0,0,hold,hold,-127212.0,mm_join_12,0.0,-127212.0,0.0,passive_inside_buy,,,
none,round1-day-1,-1,602400,-13,-13,flat_19,9992,10001,9,9996.5,9999.615384615385,-3.5,cheap,0.6923076923076923,3.1153846153847553,buy_pressure,-6.0,True,shock,1,passive_one_sided_buy,one_sided_mm,0,0,0,10,0,10,0,0,buy_take1_16,take1,-127212.0,hold,6.0,-127218.0,6.0,passive_inside_buy,,,
none,round1-day-1,-1,603100,-13,-13,flat_19,9997,10007,10,10002.0,9998.176470588236,2.0,rich,-0.7647058823529411,-3.823529411763957,sell_pressure,1.0,False,steady,1,passive_one_sided_buy,one_sided_mm,0,0,0,12,0,0,0,0,hold,hold,-127218.0,mm_join_12,0.0,-127218.0,0.0,passive_inside_buy,,,
none,round1-day-1,-1,606400,-7,-7,flat_19,9997,10007,10,10002.0,9998.666666666666,2.0,rich,-0.6666666666666666,-3.3333333333339397,sell_pressure,3.0,False,steady,1,passive_one_sided_buy,one_sided_mm,0,0,0,12,0,0,0,0,hold,hold,-67260.0,mm_join_12,0.0,-67260.0,0.0,passive_inside_buy,,,
none,round1-day-1,-1,606600,-7,-7,flat_19,9996,10007,11,10001.5,9999.4375,1.5,neutral,-0.375,-2.0625,sell_pressure,2.5,False,steady,1,passive_one_sided_sell,one_sided_mm,0,0,0,0,12,0,12,0,hold,hold,-67260.0,mm_join_12,0.0,-67260.0,0.0,passive_inside_sell,,,
none,round1-day-1,-1,609900,-7,-7,flat_19,9994,10003,9,9998.5,10000.882352941177,-1.5,neutral,0.5294117647058824,2.3823529411765776,buy_pressure,-2.5,False,steady,2,passive_two_sided,mm_inside,0,0,0,12,12,12,0,0,buy_take1_16,take1,-67260.0,hold,4.0,-67264.0,4.0,,,,
none,round1-day-1,-1,611900,-11,-11,flat_19,9995,10007,12,10001.0,10005.615384615385,1.0,neutral,0.7692307692307693,4.615384615384755,buy_pressure,10001.0,True,shock,1,passive_one_sided_buy,one_sided_mm,0,0,0,12,0,12,0,0,hold,hold,-107332.0,mm_join_12,0.0,-107332.0,0.0,passive_inside_buy,,,
none,round1-day-1,-1,613700,-11,-11,flat_19,9996,10005,9,10000.5,10002.35294117647,0.5,neutral,0.4117647058823529,1.8529411764702672,buy_pressure,-3.5,True,shock,2,passive_two_sided,mm_inside,0,0,0,9,9,9,0,0,hold,hold,-107332.0,mm_join_12,0.0,-107332.0,0.0,,,,
none,round1-day-1,-1,615600,-11,-11,flat_19,9995,10005,10,10000.0,10002.058823529413,0.0,neutral,0.4117647058823529,2.0588235294126207,buy_pressure,-2.5,False,steady,1,passive_one_sided_buy,one_sided_mm,0,0,0,12,0,12,0,0,hold,hold,-107332.0,mm_join_12,0.0,-107332.0,0.0,passive_inside_buy,,,
none,round1-day-1,-1,615700,-11,-15,flat_19,10005,10014,9,10009.5,10006.44,9.5,rich,-0.68,-3.0599999999994907,sell_pressure,9.5,True,shock,2,take_sell,take1,0,4,4,0,9,0,9,1,sell_take1_16,take1,-107332.0,hold,4.0,-107332.0,0.0,take_b1,,,
none,round1-day-1,-1,617400,-10,-10,flat_19,9991,10003,12,9997.0,10001.588235294117,-3.0,cheap,0.7647058823529411,4.588235294117112,buy_pressure,-6.5,True,shock,1,passive_one_sided_buy,one_sided_mm,0,0,0,10,0,10,0,0,buy_take1_16,take1,-97357.0,hold,4.0,-97361.0,4.0,passive_inside_buy,,,
none,round1-day-1,-1,617500,-10,-10,flat_19,9994,10003,9,9998.5,10000.5,-1.5,neutral,0.4444444444444444,2.0,buy_pressure,1.5,False,steady,2,passive_two_sided,mm_inside,0,0,0,12,12,12,0,0,buy_take1_16,take1,-97361.0,hold,5.0,-97366.0,5.0,,,,
none,round1-day-1,-1,619200,-10,-10,flat_19,9999,10010,11,10004.5,10001.315789473685,4.5,rich,-0.5789473684210527,-3.184210526314928,sell_pressure,-4.5,True,shock,1,passive_one_sided_sell,one_sided_mm,0,0,0,0,9,0,9,0,hold,hold,-97366.0,mm_join_12,0.0,-97366.0,0.0,passive_inside_sell,,,
none,round1-day-1,-1,622700,-3,-3,flat_19,10001,10011,10,10006.0,10002.25,6.0,rich,-0.75,-3.75,sell_pressure,2.0,True,shock,1,passive_one_sided_sell,one_sided_mm,0,0,0,0,9,0,9,0,hold,hold,-27373.0,mm_join_12,0.0,-27373.0,0.0,passive_inside_sell,,,
none,round1-day-1,-1,624000,-5,-5,flat_19,10002,10012,10,10007.0,10004.666666666666,7.0,rich,-0.4666666666666667,-2.3333333333339397,sell_pressure,-5.0,True,shock,1,passive_one_sided_sell,one_sided_mm,0,0,0,0,9,0,9,0,hold,hold,-47381.0,mm_join_12,0.0,-47381.0,0.0,passive_inside_sell,,,
none,round1-day-1,-1,624900,-5,-5,flat_19,9996,10005,9,10000.5,10003.2,0.5,neutral,0.6,2.7000000000007276,buy_pressure,-3.0,False,steady,2,passive_two_sided,mm_inside,0,0,0,12,12,12,0,0,hold,hold,-47381.0,mm_join_12,0.0,-47381.0,0.0,,,,
none,round1-day-1,-1,625500,-5,-5,flat_19,9994,10004,10,9999.0,10001.5,-1.0,neutral,0.5,2.5,buy_pressure,-3.0,False,steady,1,passive_one_sided_buy,one_sided_mm,0,0,0,12,0,12,0,0,hold,hold,-47381.0,mm_join_12,0.0,-47381.0,0.0,passive_inside_buy,,,
none,round1-day-1,-1,628800,-5,-5,flat_19,9999,10010,11,10004.5,10001.933333333332,4.5,rich,-0.4666666666666667,-2.5666666666675155,sell_pressure,2.5,False,steady,1,passive_one_sided_sell,one_sided_mm,0,0,0,0,12,0,12,0,hold,hold,-47386.0,mm_join_12,0.0,-47386.0,0.0,passive_inside_sell,,,
none,round1-day-1,-1,636500,0,0,flat_19,10002,10013,11,10007.5,10003.29411764706,7.5,rich,-0.7647058823529411,-4.2058823529405345,sell_pressure,2.5,True,shock,1,passive_one_sided_sell,one_sided_mm,0,0,0,0,9,0,9,0,hold,hold,2619.0,mm_join_12,0.0,2619.0,0.0,passive_inside_sell,,,
none,round1-day-1,-1,636600,0,0,flat_19,9996,10006,10,10001.0,10004.57142857143,1.0,neutral,0.7142857142857143,3.571428571429351,buy_pressure,-6.5,True,shock,1,passive_one_sided_buy,one_sided_mm,0,0,0,9,0,9,0,0,hold,hold,2619.0,mm_join_12,0.0,2619.0,0.0,passive_inside_buy,,,
none,round1-day-1,-1,638800,0,0,flat_19,9996,10005,9,10000.5,10003.07142857143,0.5,neutral,0.5714285714285714,2.571428571429351,buy_pressure,-3.0,False,steady,2,passive_two_sided,mm_inside,0,0,0,12,12,12,0,0,hold,hold,2599.0,mm_join_12,0.0,2599.0,0.0,,,,
none,round1-day-1,-1,643000,7,7,flat_19,9995,10005,10,10000.0,10002.64705882353,0.0,neutral,0.5294117647058824,2.6470588235297328,buy_pressure,-12.0,True,shock,1,passive_one_sided_buy,one_sided_mm,0,0,0,12,0,12,0,0,hold,hold,72606.0,mm_join_12,0.0,72606.0,0.0,passive_inside_buy,,,
none,round1-day-1,-1,644700,7,7,flat_19,10002,10012,10,10007.0,10003.25,7.0,rich,-0.75,-3.75,sell_pressure,2.0,True,shock,1,passive_one_sided_sell,one_sided_mm,0,0,0,0,9,0,9,0,hold,hold,72596.0,mm_join_12,0.0,72596.0,0.0,passive_inside_sell,,,
none,round1-day-1,-1,649200,7,7,flat_19,9998,10008,10,10003.0,10005.142857142857,3.0,rich,0.42857142857142855,2.142857142856883,buy_pressure,-5.0,True,shock,1,passive_one_sided_buy,one_sided_mm,0,0,0,9,0,9,0,0,hold,hold,72596.0,mm_join_12,0.0,72596.0,0.0,passive_inside_buy,,,
none,round1-day-1,-1,654700,7,7,flat_19,10003,10014,11,10008.5,10005.933333333332,8.5,rich,-0.4666666666666667,-2.5666666666675155,sell_pressure,10.5,True,shock,1,passive_one_sided_sell,one_sided_mm,0,0,0,0,9,0,9,0,hold,hold,72596.0,mm_join_12,0.0,72596.0,0.0,passive_inside_sell,,,
none,round1-day-1,-1,655700,7,7,flat_19,9997,10007,10,10002.0,10005.235294117647,2.0,rich,0.6470588235294118,3.235294117646845,buy_pressure,-3.0,False,steady,1,passive_one_sided_buy,one_sided_mm,0,0,0,12,0,12,0,0,hold,hold,72596.0,mm_join_12,0.0,72596.0,0.0,passive_inside_buy,,,
none,round1-day-1,-1,658300,7,7,flat_19,10006,10016,10,10011.0,10009.333333333334,11.0,rich,-0.3333333333333333,-1.6666666666660603,mixed_pressure,3.0,True,shock,1,passive_one_sided_buy,one_sided_mm,0,0,0,9,0,0,0,0,sell_take1_16,take1,72596.0,hold,10.0,72586.0,10.0,passive_inside_buy,,,
none,round1-day-1,-1,659600,7,7,flat_19,10001,10011,10,10006.0,10009.823529411764,6.0,rich,0.7647058823529411,3.823529411763957,buy_pressure,-3.0,True,shock,1,passive_one_sided_buy,one_sided_mm,0,0,0,9,0,9,0,0,hold,hold,72586.0,mm_join_12,0.0,72586.0,0.0,passive_inside_buy,,,
none,round1-day-1,-1,659800,7,7,flat_19,10001,10011,10,10006.0,10008.333333333334,6.0,rich,0.4666666666666667,2.3333333333339397,buy_pressure,-3.0,True,shock,1,passive_one_sided_buy,one_sided_mm,0,0,0,9,0,9,0,0,hold,hold,72586.0,mm_join_12,0.0,72586.0,0.0,passive_inside_buy,,,
none,round1-day-1,-1,661500,-2,-2,flat_19,10006,10017,11,10011.5,10007.466666666667,11.5,rich,-0.7333333333333333,-4.033333333332848,sell_pressure,2.5,True,shock,1,passive_one_sided_sell,one_sided_mm,0,0,0,0,9,0,9,0,sell_take1_16,take1,-17504.0,hold,4.0,-17508.0,4.0,passive_inside_sell,,,
none,round1-day-1,-1,664800,-2,-2,flat_19,10000,10009,9,10004.5,10006.923076923076,4.5,rich,0.5384615384615384,2.4230769230762235,buy_pressure,-3.5,True,shock,2,passive_two_sided,mm_inside,0,0,0,9,9,9,0,0,hold,hold,-17508.0,mm_join_12,0.0,-17508.0,0.0,,,,
none,round1-day-1,-1,665300,-2,-2,flat_19,10001,10010,9,10005.5,10007.631578947368,5.5,rich,0.47368421052631576,2.1315789473683253,buy_pressure,-2.5,False,steady,2,passive_two_sided,mm_inside,0,0,0,12,12,12,0,0,hold,hold,-17508.0,mm_join_12,0.0,-17508.0,0.0,,,,
none,round1-day-1,-1,666300,-2,-2,flat_19,10006,10017,11,10011.5,10008.894736842105,11.5,rich,-0.47368421052631576,-2.605263157895024,sell_pressure,4.0,True,shock,1,passive_one_sided_sell,one_sided_mm,0,0,0,0,9,0,9,0,sell_take1_16,take1,-17508.0,hold,10.0,-17518.0,10.0,passive_inside_sell,,,
none,round1-day-1,-1,668100,-20,-20,short_20_39,10002,10011,9,10006.5,10008.42857142857,6.5,rich,0.42857142857142855,1.928571428570649,buy_pressure,-3.5,True,shock,2,passive_two_sided,mm_inside,0,0,0,9,9,9,0,0,hold,hold,-197602.0,mm_join_12,0.0,-197602.0,0.0,,,,
none,round1-day-1,-1,672400,-64,-64,short_60_plus,10003,10012,9,10007.5,10010.8,7.5,rich,0.7333333333333333,3.2999999999992724,buy_pressure,-1.5,True,shock,2,passive_two_sided,mm_inside,0,0,0,11,6,11,0,0,hold,hold,-637889.0,mm_join_12,0.0,-637889.0,0.0,,,,
none,round1-day-1,-1,673900,-80,-80,short_60_plus,10001,10011,10,10006.0,10009.666666666666,6.0,rich,0.7333333333333333,3.6666666666660603,buy_pressure,-12.0,True,shock,1,passive_one_sided_buy,one_sided_mm,0,0,0,11,0,11,0,0,hold,hold,-798023.0,mm_join_12,0.0,-798023.0,0.0,passive_inside_buy,,,
none,round1-day-1,-1,675900,-80,-80,short_60_plus,10007,10018,11,10012.5,10010.055555555555,12.5,rich,-0.4444444444444444,-2.444444444445253,sell_pressure,3.0,True,shock,0,hold,hold,0,0,0,0,0,0,0,0,hold,hold,-798023.0,mm_join_12,0.0,-798023.0,0.0,,,,
none,round1-day-1,-1,676500,-80,-80,short_60_plus,10007,10017,10,10012.0,10010.333333333334,12.0,rich,-0.3333333333333333,-1.6666666666660603,mixed_pressure,3.0,True,shock,0,hold,hold,0,0,0,0,0,0,0,0,hold,hold,-798023.0,mm_join_12,0.0,-798023.0,0.0,,,,
none,round1-day-1,-1,677200,-80,-80,short_60_plus,9997,10009,12,10003.0,10007.4,3.0,rich,0.7333333333333333,4.399999999999636,buy_pressure,-5.0,True,shock,1,passive_one_sided_buy,one_sided_mm,0,0,0,11,0,11,0,0,buy_take1_16,take1,-798023.0,hold,2.0,-798025.0,2.0,passive_inside_buy,,,
none,round1-day-1,-1,677600,-80,-80,short_60_plus,10000,10009,9,10004.5,10007.07142857143,4.5,rich,0.5714285714285714,2.571428571429351,buy_pressure,-2.5,False,steady,1,passive_one_sided_buy,one_sided_mm,0,0,0,14,0,14,0,0,hold,hold,-798025.0,mm_join_12,0.0,-798025.0,0.0,passive_inside_buy,,,
none,round1-day-1,-1,678000,-80,-80,short_60_plus,10006,10016,10,10011.0,10008.307692307691,11.0,rich,-0.5384615384615384,-2.692307692308532,sell_pressure,3.0,True,shock,0,hold,hold,0,0,0,0,0,0,0,0,hold,hold,-798025.0,mm_join_12,0.0,-798025.0,0.0,,,,
none,round1-day-1,-1,679700,-71,-71,short_60_plus,9998,10008,10,10003.0,10005.5,3.0,rich,0.5,2.5,buy_pressure,1.5,False,steady,2,passive_two_sided,mm_inside,0,0,0,14,9,14,0,0,hold,hold,-707989.0,mm_join_12,0.0,-707989.0,0.0,,,,
none,round1-day-1,-1,680600,-71,-71,short_60_plus,9999,10009,10,10004.0,10005.875,4.0,rich,0.375,1.875,buy_pressure,-2.0,False,steady,2,passive_two_sided,mm_inside,0,0,0,14,9,14,0,0,hold,hold,-707989.0,mm_join_12,0.0,-707989.0,0.0,,,,
none,round1-day-1,-1,681600,-71,-71,short_60_plus,10005,10015,10,10010.0,10008.333333333334,10.0,rich,-0.3333333333333333,-1.6666666666660603,mixed_pressure,3.0,True,shock,2,passive_two_sided,mm_inside,0,0,0,11,6,0,6,0,hold,hold,-707989.0,mm_join_12,0.0,-707989.0,0.0,,,,
none,round1-day-1,-1,683100,-71,-71,short_60_plus,10000,10009,9,10004.5,10007.411764705883,4.5,rich,0.6470588235294118,2.911764705882888,buy_pressure,-3.5,True,shock,2,passive_two_sided,mm_inside,0,0,0,11,6,11,0,0,hold,hold,-707989.0,mm_join_12,0.0,-707989.0,0.0,,,,
none,round1-day-1,-1,685600,-71,-71,short_60_plus,10006,10016,10,10011.0,10008.0,11.0,rich,-0.6,-3.0,sell_pressure,3.0,True,shock,1,passive_one_sided_sell,one_sided_mm,0,0,0,0,6,0,6,0,hold,hold,-707989.0,mm_join_12,0.0,-707989.0,0.0,passive_inside_sell,,,
none,round1-day-1,-1,686800,-78,-78,short_60_plus,10005,10016,11,10010.5,10006.375,10.5,rich,-0.75,-4.125,sell_pressure,2.5,True,shock,1,passive_one_sided_sell,one_sided_mm,0,0,0,0,2,0,2,0,sell_take1_16,take1,-778059.0,hold,2.0,-778061.0,2.0,passive_inside_sell,,,
none,round1-day-1,-1,688200,-78,-78,short_60_plus,10005,10015,10,10010.0,10008.125,10.0,rich,-0.375,-1.875,sell_pressure,3.0,True,shock,2,passive_two_sided,mm_inside,0,0,0,11,2,0,2,0,hold,hold,-778061.0,mm_join_12,0.0,-778061.0,0.0,,,,
none,round1-day-1,-1,689600,-78,-78,short_60_plus,10004,10015,11,10009.5,10005.833333333334,9.5,rich,-0.6666666666666666,-3.6666666666660603,sell_pressure,2.5,True,shock,2,passive_two_sided,mm_inside,0,0,0,11,2,0,2,0,hold,hold,-778061.0,mm_join_12,0.0,-778061.0,0.0,,,,
none,round1-day-1,-1,690700,-78,-78,short_60_plus,10004,10014,10,10009.0,10005.25,9.0,rich,-0.75,-3.75,sell_pressure,1.5,True,shock,2,passive_two_sided,mm_inside,0,0,0,11,2,0,2,0,sell_take1_16,take1,-778061.0,hold,6.0,-778067.0,6.0,,,,
none,round1-day-1,-1,691400,-80,-80,short_60_plus,9998,10007,9,10002.5,10005.8,2.5,rich,0.7333333333333333,3.2999999999992724,buy_pressure,-3.5,True,shock,1,passive_one_sided_buy,one_sided_mm,0,0,0,11,0,11,0,0,hold,hold,-798069.0,mm_join_12,0.0,-798069.0,0.0,passive_inside_buy,,,
none,round1-day-1,-1,694700,-80,-80,short_60_plus,9995,10007,12,10001.0,10006.2,1.0,neutral,0.8666666666666667,5.200000000000728,buy_pressure,-4.0,True,shock,1,passive_one_sided_buy,one_sided_mm,0,0,0,11,0,11,0,0,hold,hold,-798069.0,mm_join_12,0.0,-798069.0,0.0,passive_inside_buy,,,
none,round1-day-1,-1,698800,-80,-80,short_60_plus,10001,10012,11,10006.5,10002.57142857143,6.5,rich,-0.7142857142857143,-3.928571428570649,sell_pressure,-5.5,True,shock,1,passive_one_sided_buy,one_sided_mm,0,0,0,11,0,0,0,0,hold,hold,-798069.0,mm_join_12,0.0,-798069.0,0.0,passive_inside_buy,,,
none,round1-day-1,-1,701200,-80,-80,short_60_plus,9997,10007,10,10002.0,10004.894736842105,2.0,rich,0.5789473684210527,2.894736842104976,buy_pressure,-2.0,False,steady,1,passive_one_sided_buy,one_sided_mm,0,0,0,14,0,14,0,0,hold,hold,-798069.0,mm_join_12,0.0,-798069.0,0.0,passive_inside_buy,,,
none,round1-day-1,-1,703400,-80,-80,short_60_plus,9995,10005,10,10000.0,10002.64705882353,0.0,neutral,0.5294117647058824,2.6470588235297328,buy_pressure,-4.0,True,shock,1,passive_one_sided_buy,one_sided_mm,0,0,0,11,0,11,0,0,hold,hold,-798069.0,mm_join_12,0.0,-798069.0,0.0,passive_inside_buy,,,
none,round1-day-1,-1,705000,-80,-80,short_60_plus,9995,10005,10,10000.0,10003.57142857143,0.0,neutral,0.7142857142857143,3.571428571429351,buy_pressure,-3.0,False,steady,1,passive_one_sided_buy,one_sided_mm,0,0,0,14,0,14,0,0,hold,hold,-798069.0,mm_join_12,0.0,-798069.0,0.0,passive_inside_buy,,,
none,round1-day-1,-1,706100,-80,-80,short_60_plus,9996,10005,9,10000.5,10002.882352941177,0.5,neutral,0.5294117647058824,2.3823529411765776,buy_pressure,-4.5,True,shock,1,passive_one_sided_buy,one_sided_mm,0,0,0,11,0,11,0,0,hold,hold,-798069.0,mm_join_12,0.0,-798069.0,0.0,passive_inside_buy,,,
none,round1-day-1,-1,706900,-80,-80,short_60_plus,10001,10012,11,10006.5,10003.75,6.5,rich,-0.5,-2.75,sell_pressure,2.5,True,shock,0,hold,hold,0,0,0,0,0,0,0,0,hold,hold,-798069.0,mm_join_12,0.0,-798069.0,0.0,,,,
none,round1-day-1,-1,708800,-72,-72,short_60_plus,9995,10004,9,9999.5,10001.882352941177,-0.5,neutral,0.5294117647058824,2.3823529411765776,buy_pressure,4.5,True,shock,2,passive_two_sided,mm_inside,0,0,0,14,8,14,0,0,hold,hold,-718064.0,mm_join_12,0.0,-718064.0,0.0,,,,
none,round1-day-1,-1,712200,-80,-80,short_60_plus,9996,10006,10,10001.0,9997.333333333334,1.0,neutral,-0.7333333333333333,-3.6666666666660603,sell_pressure,1.5,False,steady,1,passive_one_sided_buy,one_sided_mm,0,0,0,14,0,14,0,0,hold,hold,-798069.0,mm_join_12,0.0,-798069.0,0.0,passive_inside_buy,,,
none,round1-day-1,-1,712300,-80,-76,short_60_plus,9990,10000,10,9995.0,9997.894736842105,-5.0,cheap,0.5789473684210527,2.894736842104976,buy_pressure,-6.0,True,shock,2,clear_buy,take1,4,0,4,12,0,12,0,1,buy_take1_16,take1,-798069.0,hold,19.0,-798069.0,0.0,take_a1,,,
none,round1-day-1,-1,712600,-76,-76,short_60_plus,9997,10010,13,10003.5,9998.181818181818,3.5,rich,-0.8181818181818182,-5.3181818181819835,sell_pressure,4.5,True,shock,1,passive_one_sided_sell,one_sided_mm,0,0,0,0,4,0,4,0,hold,hold,-758069.0,mm_join_12,0.0,-758069.0,0.0,passive_inside_sell,,,
none,round1-day-1,-1,715000,-76,-76,short_60_plus,9999,10009,10,10004.0,10000.25,4.0,rich,-0.75,-3.75,sell_pressure,3.0,False,steady,1,passive_one_sided_sell,one_sided_mm,0,0,0,0,4,0,4,0,hold,hold,-758069.0,mm_join_12,0.0,-758069.0,0.0,passive_inside_sell,,,
none,round1-day-1,-1,719200,-76,-76,short_60_plus,9999,10009,10,10004.0,10001.5,4.0,rich,-0.5,-2.5,sell_pressure,4.0,True,shock,1,passive_one_sided_sell,one_sided_mm,0,0,0,0,4,0,4,0,hold,hold,-758069.0,mm_join_12,0.0,-758069.0,0.0,passive_inside_sell,,,
none,round1-day-1,-1,720500,-76,-76,short_60_plus,9994,10004,10,9999.0,10001.5,-1.0,neutral,0.5,2.5,buy_pressure,-3.0,False,steady,2,passive_two_sided,mm_inside,0,0,0,14,4,14,0,0,hold,hold,-758069.0,mm_join_12,0.0,-758069.0,0.0,,,,
none,round1-day-1,-1,722100,-76,-76,short_60_plus,9997,10010,13,10003.5,9999.03125,3.5,rich,-0.6875,-4.46875,sell_pressure,12.5,True,shock,2,passive_two_sided,mm_inside,0,0,0,11,4,11,4,0,hold,hold,-758069.0,mm_join_12,0.0,-758069.0,0.0,,,,
none,round1-day-1,-1,725200,-80,-80,short_60_plus,9996,10007,11,10001.5,9998.444444444445,1.5,neutral,-0.5555555555555556,-3.055555555554747,sell_pressure,2.5,False,steady,1,passive_one_sided_buy,one_sided_mm,0,0,0,14,0,14,0,0,hold,hold,-798103.0,mm_join_12,0.0,-798103.0,0.0,passive_inside_buy,,,
none,round1-day-1,-1,725500,-80,-78,short_60_plus,9992,10001,9,9996.5,9999.714285714286,-3.5,cheap,0.7142857142857143,3.214285714286234,buy_pressure,-3.5,True,shock,2,clear_buy,take1,2,0,2,12,0,12,0,1,hold,hold,-798103.0,mm_join_12,0.0,-798109.0,6.0,take_a1,,,
none,round1-day-1,-1,727700,-80,-80,short_60_plus,9997,10008,11,10002.5,9998.57142857143,2.5,rich,-0.7142857142857143,-3.928571428570649,sell_pressure,2.5,False,steady,1,passive_one_sided_buy,one_sided_mm,0,0,0,14,0,14,0,0,hold,hold,-798103.0,mm_join_12,0.0,-798103.0,0.0,passive_inside_buy,,,
none,round1-day-1,-1,729200,-80,-80,short_60_plus,9997,10007,10,10002.0,9999.0,2.0,rich,-0.6,-3.0,sell_pressure,3.5,True,shock,0,hold,hold,0,0,0,0,0,0,0,0,hold,hold,-798103.0,mm_join_12,0.0,-798103.0,0.0,,,,
none,round1-day-1,-1,730700,-80,-78,short_60_plus,9990,9999,9,9994.5,9997.941176470587,-5.5,cheap,0.7647058823529411,3.4411764705873793,buy_pressure,-3.5,True,shock,2,clear_buy,take1,2,0,2,12,0,12,0,1,hold,hold,-798103.0,mm_join_12,0.0,-798105.0,2.0,take_a1,,,
none,round1-day-1,-1,731800,-78,-78,short_60_plus,9993,10002,9,9997.5,9999.1875,-2.5,cheap,0.375,1.6875,buy_pressure,-10.5,True,shock,1,passive_one_sided_buy,one_sided_mm,0,0,0,15,0,15,0,0,hold,hold,-778107.0,mm_join_12,0.0,-778107.0,0.0,passive_inside_buy,,,
none,round1-day-1,-1,732100,-78,-78,short_60_plus,9997,10008,11,10002.5,9999.933333333332,2.5,rich,-0.4666666666666667,-2.5666666666675155,sell_pressure,1.0,False,steady,2,passive_two_sided,mm_inside,0,0,0,14,2,14,2,0,hold,hold,-778107.0,mm_join_12,0.0,-778107.0,0.0,,,,
none,round1-day-1,-1,734400,-78,-78,short_60_plus,9995,10005,10,10000.0,9996.538461538461,0.0,neutral,-0.6923076923076923,-3.4615384615390212,sell_pressure,2.0,False,steady,1,passive_one_sided_sell,one_sided_mm,0,0,0,0,2,0,2,0,hold,hold,-778107.0,mm_join_12,0.0,-778107.0,0.0,passive_inside_sell,,,
none,round1-day-1,-1,735000,-78,-73,short_60_plus,9989,9998,9,9993.5,9995.631578947368,-6.5,cheap,0.47368421052631576,2.1315789473683253,buy_pressure,-3.5,True,shock,3,clear_buy,take1,10,0,10,12,0,12,0,1,hold,hold,-778107.0,mm_join_12,0.0,-778107.0,0.0,take_a1,,,
none,round1-day-1,-1,735600,-73,-68,short_60_plus,9989,9999,10,9994.0,9996.5,-6.0,cheap,0.5,2.5,buy_pressure,-4.0,True,shock,2,clear_buy,take1,5,0,5,12,0,12,0,1,hold,hold,-728117.0,mm_join_12,0.0,-728122.0,5.0,take_a1,,,
none,round1-day-1,-1,736400,-68,-63,short_60_plus,9989,9998,9,9993.5,9995.35294117647,-6.5,cheap,0.4117647058823529,1.8529411764702672,buy_pressure,-2.0,True,shock,2,clear_buy,take1,5,0,5,12,0,12,0,1,hold,hold,-678127.0,mm_join_12,0.0,-678127.0,0.0,take_a1,,,
none,round1-day-1,-1,737500,-53,-53,short_40_59,9994,10005,11,9999.5,9995.833333333334,-0.5,neutral,-0.6666666666666666,-3.6666666666660603,sell_pressure,4.5,True,shock,1,passive_one_sided_sell,one_sided_mm,0,0,0,0,6,0,6,0,hold,hold,-528197.0,mm_join_12,0.0,-528197.0,0.0,passive_inside_sell,,,
none,round1-day-1,-1,741600,-53,-53,short_40_59,9994,10005,11,9999.5,9995.29411764706,-0.5,neutral,-0.7647058823529411,-4.2058823529405345,sell_pressure,2.5,False,steady,1,passive_one_sided_sell,one_sided_mm,0,0,0,0,9,0,9,0,hold,hold,-528197.0,mm_join_12,0.0,-528197.0,0.0,passive_inside_sell,,,
none,round1-day-1,-1,743400,-44,-44,short_40_59,9992,10005,13,9998.5,9993.695652173914,-1.5,neutral,-0.7391304347826086,-4.804347826086087,sell_pressure,11.5,True,shock,1,passive_one_sided_sell,one_sided_mm,0,0,0,0,9,0,9,0,hold,hold,-438269.0,mm_join_12,0.0,-438269.0,0.0,passive_inside_sell,,,
none,round1-day-1,-1,744200,-44,-40,short_40_59,9986,9995,9,9990.5,9992.42857142857,-9.5,cheap,0.42857142857142855,1.928571428570649,buy_pressure,-2.5,True,shock,2,clear_buy,take1,4,0,4,12,0,12,0,1,buy_take1_16,take1,-438269.0,hold,12.0,-438269.0,0.0,take_a1,,,
none,round1-day-1,-1,745300,-36,-36,short_20_39,9984,9994,10,9989.0,9991.058823529413,-11.0,cheap,0.4117647058823529,2.0588235294126207,buy_pressure,-3.0,True,shock,1,passive_one_sided_buy,one_sided_mm,0,0,0,10,0,10,0,0,buy_take1_16,take1,-358325.0,buy_take2_32,0.0,-358345.0,20.0,passive_inside_buy,,,
none,round1-day-1,-1,748600,-30,-30,short_20_39,9991,10004,13,9997.5,9991.962962962964,-2.5,cheap,-0.8518518518518519,-5.537037037036498,sell_pressure,4.0,True,shock,1,passive_one_sided_sell,one_sided_mm,0,0,0,0,9,0,9,0,hold,hold,-298397.0,mm_join_12,0.0,-298397.0,0.0,passive_inside_sell,,,
none,round1-day-1,-1,748900,-30,-30,short_20_39,9991,10004,13,9997.5,9992.3,-2.5,cheap,-0.8,-5.200000000000728,sell_pressure,3.5,True,shock,1,passive_one_sided_sell,one_sided_mm,0,0,0,0,9,0,9,0,hold,hold,-298397.0,mm_join_12,0.0,-298397.0,0.0,passive_inside_sell,,,
none,round1-day-1,-1,753700,-20,-20,short_20_39,9990,10001,11,9995.5,9992.444444444445,-4.5,cheap,-0.5555555555555556,-3.055555555554747,sell_pressure,-6.5,True,shock,1,passive_one_sided_sell,one_sided_mm,0,0,0,0,9,0,9,0,hold,hold,-198477.0,mm_join_12,0.0,-198477.0,0.0,passive_inside_sell,,,
none,round1-day-1,-1,753800,-20,-20,short_20_39,9990,10003,13,9996.5,9990.92857142857,-3.5,cheap,-0.8571428571428571,-5.571428571429351,sell_pressure,1.0,False,steady,1,passive_one_sided_sell,one_sided_mm,0,0,0,0,12,0,12,0,hold,hold,-198477.0,mm_join_12,0.0,-198477.0,0.0,passive_inside_sell,,,
none,round1-day-1,-1,753900,-20,-20,short_20_39,9990,10000,10,9995.0,9991.666666666666,-5.0,cheap,-0.6666666666666666,-3.3333333333339397,sell_pressure,-1.5,False,steady,1,passive_one_sided_sell,one_sided_mm,0,0,0,0,12,0,0,0,hold,hold,-198477.0,mm_join_12,0.0,-198477.0,0.0,passive_inside_sell,,,
none,round1-day-1,-1,755100,-20,-20,short_20_39,9989,10000,11,9994.5,9990.57142857143,-5.5,cheap,-0.7142857142857143,-3.928571428570649,sell_pressure,2.5,False,steady,1,passive_one_sided_sell,one_sided_mm,0,0,0,0,12,0,12,0,hold,hold,-198477.0,mm_join_12,0.0,-198477.0,0.0,passive_inside_sell,,,
none,round1-day-1,-1,756000,-20,-20,short_20_39,9985,9995,10,9990.0,9992.058823529413,-10.0,cheap,0.4117647058823529,2.0588235294126207,buy_pressure,-1.5,True,shock,1,passive_one_sided_buy,one_sided_mm,0,0,0,10,0,10,0,0,buy_take1_16,take1,-198477.0,hold,15.0,-198492.0,15.0,passive_inside_buy,,,
none,round1-day-1,-1,756700,-20,-20,short_20_39,9986,9995,9,9990.5,9993.2,-9.5,cheap,0.6,2.7000000000007276,buy_pressure,-3.5,True,shock,1,passive_one_sided_buy,one_sided_mm,0,0,0,10,0,10,0,0,buy_take1_16,take1,-198492.0,hold,9.0,-198501.0,9.0,passive_inside_buy,,,
none,round1-day-1,-1,756900,-20,-20,short_20_39,9991,10001,10,9996.0,9994.333333333334,-4.0,cheap,-0.3333333333333333,-1.6666666666660603,mixed_pressure,3.0,False,steady,1,passive_one_sided_sell,one_sided_mm,0,0,0,0,12,0,12,0,hold,hold,-198501.0,mm_join_12,0.0,-198501.0,0.0,passive_inside_sell,,,
none,round1-day-1,-1,757400,-20,-20,short_20_39,9991,10001,10,9996.0,9993.941176470587,-4.0,cheap,-0.4117647058823529,-2.0588235294126207,sell_pressure,3.0,False,steady,1,passive_one_sided_sell,one_sided_mm,0,0,0,0,12,0,12,0,hold,hold,-198501.0,mm_join_12,0.0,-198501.0,0.0,passive_inside_sell,,,
none,round1-day-1,-1,758400,-20,-20,short_20_39,9993,10002,9,9997.5,9994.75,-2.5,cheap,-0.6111111111111112,-2.75,sell_pressure,5.5,True,shock,1,passive_one_sided_sell,one_sided_mm,0,0,0,0,9,0,9,0,hold,hold,-198501.0,mm_join_12,0.0,-198501.0,0.0,passive_inside_sell,,,
none,round1-day-1,-1,758600,-20,-20,short_20_39,9984,9994,10,9989.0,9991.857142857143,-11.0,cheap,0.5714285714285714,2.857142857143117,buy_pressure,-2.0,True,shock,1,passive_one_sided_buy,one_sided_mm,0,0,0,10,0,10,0,0,buy_take1_16,take1,-198501.0,hold,12.0,-198513.0,12.0,passive_inside_buy,,,
none,round1-day-1,-1,758700,-20,-20,short_20_39,9990,10003,13,9996.5,9991.344827586207,-3.5,cheap,-0.7931034482758621,-5.15517241379348,sell_pressure,7.5,True,shock,1,passive_one_sided_sell,one_sided_mm,0,0,0,0,9,0,9,0,hold,hold,-198513.0,mm_join_12,0.0,-198513.0,0.0,passive_inside_sell,,,
none,round1-day-1,-1,762800,-20,-20,short_20_39,9997,10006,9,10001.5,9999.181818181818,1.5,neutral,-0.5151515151515151,-2.3181818181819835,sell_pressure,6.5,True,shock,1,passive_one_sided_sell,one_sided_mm,0,0,0,0,9,0,9,0,hold,hold,-198513.0,mm_join_12,0.0,-198513.0,0.0,passive_inside_sell,,,
none,round1-day-1,-1,763400,-20,-20,short_20_39,9988,9998,10,9993.0,9995.5,-7.0,cheap,0.5,2.5,buy_pressure,-4.0,True,shock,1,passive_one_sided_buy,one_sided_mm,0,0,0,10,0,10,0,0,hold,hold,-198513.0,mm_join_12,0.0,-198513.0,0.0,passive_inside_buy,,,
none,round1-day-1,-1,763800,-20,-20,short_20_39,9994,10004,10,9999.0,9996.307692307691,-1.0,neutral,-0.5384615384615384,-2.692307692308532,sell_pressure,-5.0,True,shock,1,passive_one_sided_sell,one_sided_mm,0,0,0,0,12,0,12,0,hold,hold,-198513.0,mm_join_12,0.0,-198513.0,0.0,passive_inside_sell,,,
none,round1-day-1,-1,764400,-20,-20,short_20_39,9988,9998,10,9993.0,9995.64705882353,-7.0,cheap,0.5294117647058824,2.6470588235297328,buy_pressure,-3.5,True,shock,1,passive_one_sided_buy,one_sided_mm,0,0,0,10,0,10,0,0,hold,hold,-198513.0,mm_join_12,0.0,-198513.0,0.0,passive_inside_buy,,,
none,round1-day-1,-1,765800,-20,-20,short_20_39,9994,10005,11,9999.5,9996.75,-0.5,neutral,-0.5,-2.75,sell_pressure,2.5,False,steady,1,passive_one_sided_sell,one_sided_mm,0,0,0,0,12,0,12,0,hold,hold,-198513.0,mm_join_12,0.0,-198513.0,0.0,passive_inside_sell,,,
none,round1-day-1,-1,766000,-20,-20,short_20_39,9994,10004,10,9999.0,9996.222222222223,-1.0,neutral,-0.5555555555555556,-2.7777777777773736,sell_pressure,1.0,False,steady,1,passive_one_sided_sell,one_sided_mm,0,0,0,0,12,0,12,0,hold,hold,-198513.0,mm_join_12,0.0,-198513.0,0.0,passive_inside_sell,,,
none,round1-day-1,-1,768900,-14,-14,flat_19,9993,10003,10,9998.0,10000.058823529413,-2.0,cheap,0.4117647058823529,2.0588235294126207,buy_pressure,-3.5,True,shock,1,passive_one_sided_sell,one_sided_mm,0,0,0,0,9,0,0,0,hold,hold,-138537.0,mm_join_12,0.0,-138537.0,0.0,passive_inside_sell,,,
none,round1-day-1,-1,775500,-15,-22,flat_19,10003,10012,9,10007.5,10005.333333333334,7.5,rich,-0.48148148148148145,-2.1666666666660603,sell_pressure,5.5,True,shock,2,take_sell,take1,0,7,7,0,9,0,9,1,sell_take1_16,take1,-148595.0,hold,35.0,-148595.0,0.0,take_b1,,,
none,round1-day-1,-1,775900,-22,-22,short_20_39,9994,10003,9,9998.5,10001.714285714286,-1.5,neutral,0.7142857142857143,3.214285714286234,buy_pressure,-3.5,True,shock,2,passive_two_sided,mm_inside,0,0,0,9,9,9,0,0,hold,hold,-218616.0,mm_join_12,0.0,-218616.0,0.0,,,,
none,round1-day-1,-1,777300,-22,-22,short_20_39,9999,10010,11,10004.5,10000.692307692309,4.5,rich,-0.6923076923076923,-3.807692307691468,sell_pressure,3.0,False,steady,1,passive_one_sided_sell,one_sided_mm,0,0,0,0,12,0,12,0,sell_take1_16,take1,-218616.0,hold,2.0,-218618.0,2.0,passive_inside_sell,,,
none,round1-day-1,-1,780100,-22,-22,short_20_39,9993,10002,9,9997.5,9999.882352941177,-2.5,cheap,0.5294117647058824,2.3823529411765776,buy_pressure,-2.5,False,steady,1,passive_one_sided_buy,one_sided_mm,0,0,0,13,0,13,0,0,hold,hold,-218618.0,mm_join_12,0.0,-218618.0,0.0,passive_inside_buy,,,
none,round1-day-1,-1,780600,-22,-22,short_20_39,9998,10011,13,10004.5,9998.962962962964,4.5,rich,-0.8518518518518519,-5.537037037036498,sell_pressure,-6.5,True,shock,1,passive_one_sided_sell,one_sided_mm,0,0,0,0,9,0,9,0,hold,hold,-218618.0,mm_join_12,0.0,-218618.0,0.0,passive_inside_sell,,,
none,round1-day-1,-1,781100,-22,-22,short_20_39,9998,10008,10,10003.0,9999.176470588236,3.0,rich,-0.7647058823529411,-3.823529411763957,sell_pressure,3.0,False,steady,1,passive_one_sided_sell,one_sided_mm,0,0,0,0,12,0,12,0,hold,hold,-218618.0,mm_join_12,0.0,-218618.0,0.0,passive_inside_sell,,,
none,round1-day-1,-1,782200,-31,-31,short_20_39,9990,10002,12,9996.0,10001.0,-4.0,cheap,0.8333333333333334,5.0,buy_pressure,-5.0,True,shock,1,passive_one_sided_buy,one_sided_mm,0,0,0,10,0,10,0,0,hold,hold,-308636.0,mm_join_12,0.0,-308636.0,0.0,passive_inside_buy,,,
none,round1-day-1,-1,784000,-31,-31,short_20_39,9998,10011,13,10004.5,9999.0,4.5,rich,-0.8461538461538461,-5.5,sell_pressure,3.5,True,shock,1,passive_one_sided_sell,one_sided_mm,0,0,0,0,9,0,9,0,hold,hold,-308636.0,mm_join_12,0.0,-308636.0,0.0,passive_inside_sell,,,
none,round1-day-1,-1,784900,-35,-35,short_20_39,9998,10008,10,10003.0,9999.666666666666,3.0,rich,-0.6666666666666666,-3.3333333333339397,sell_pressure,3.0,False,steady,1,passive_one_sided_sell,one_sided_mm,0,0,0,0,12,0,12,0,hold,hold,-348644.0,mm_join_12,0.0,-348644.0,0.0,passive_inside_sell,,,
none,round1-day-1,-1,787200,-35,-35,short_20_39,9992,10001,9,9996.5,9999.5,-3.5,cheap,0.6666666666666666,3.0,buy_pressure,-3.0,False,steady,1,passive_one_sided_buy,one_sided_mm,0,0,0,13,0,13,0,0,hold,hold,-348680.0,mm_join_12,0.0,-348680.0,0.0,passive_inside_buy,,,
none,round1-day-1,-1,787700,-35,-35,short_20_39,9992,10001,9,9996.5,9998.882352941177,-3.5,cheap,0.5294117647058824,2.3823529411765776,buy_pressure,-2.5,False,steady,1,passive_one_sided_buy,one_sided_mm,0,0,0,13,0,13,0,0,hold,hold,-348680.0,mm_join_12,0.0,-348680.0,0.0,passive_inside_buy,,,
none,round1-day-1,-1,788200,-35,-35,short_20_39,9998,10008,10,10003.0,10000.222222222223,3.0,rich,-0.5555555555555556,-2.7777777777773736,sell_pressure,3.0,False,steady,1,passive_one_sided_sell,one_sided_mm,0,0,0,0,12,0,12,0,hold,hold,-348680.0,mm_join_12,0.0,-348680.0,0.0,passive_inside_sell,,,
none,round1-day-1,-1,788900,-31,-31,short_20_39,9998,10009,11,10003.5,10001.4375,3.5,rich,-0.375,-2.0625,sell_pressure,2.0,False,steady,1,passive_one_sided_sell,one_sided_mm,0,0,0,0,12,0,12,0,hold,hold,-308688.0,mm_join_12,0.0,-308688.0,0.0,passive_inside_sell,,,
none,round1-day-1,-1,792400,-31,-31,short_20_39,9994,10005,11,9999.5,9995.833333333334,-0.5,neutral,-0.6666666666666666,-3.6666666666660603,sell_pressure,1.0,False,steady,1,passive_one_sided_sell,one_sided_mm,0,0,0,0,12,0,12,0,hold,hold,-308694.0,mm_join_12,0.0,-308694.0,0.0,passive_inside_sell,,,
none,round1-day-1,-1,796700,-24,-24,short_20_39,9988,9997,9,9992.5,9995.411764705883,-7.5,cheap,0.6470588235294118,2.911764705882888,buy_pressure,-3.5,True,shock,1,passive_one_sided_buy,one_sided_mm,0,0,0,10,0,10,0,0,buy_take1_16,take1,-238736.0,hold,3.0,-238739.0,3.0,passive_inside_buy,,,
none,round1-day-1,-1,797500,-24,-24,short_20_39,9984,9996,12,9990.0,9994.451612903225,-10.0,cheap,0.7419354838709677,4.451612903225396,buy_pressure,-5.5,True,shock,1,passive_one_sided_buy,one_sided_mm,0,0,0,10,0,10,0,0,buy_take1_16,take1,-238739.0,hold,8.0,-238747.0,8.0,passive_inside_buy,,,
none,round1-day-1,-1,799700,-24,-24,short_20_39,9993,10004,11,9998.5,9996.055555555555,-1.5,neutral,-0.4444444444444444,-2.444444444445253,sell_pressure,2.5,False,steady,1,passive_one_sided_sell,one_sided_mm,0,0,0,0,12,0,12,0,hold,hold,-238747.0,mm_join_12,0.0,-238747.0,0.0,passive_inside_sell,,,
none,round1-day-1,-1,804600,-24,-24,short_20_39,9992,10005,13,9998.5,9994.03125,-1.5,neutral,-0.6875,-4.46875,sell_pressure,3.5,True,shock,1,passive_one_sided_sell,one_sided_mm,0,0,0,0,9,0,9,0,hold,hold,-238747.0,mm_join_12,0.0,-238747.0,0.0,passive_inside_sell,,,
none,round1-day-1,-1,809500,-1,-1,flat_19,9987,9997,10,9992.0,9995.75,-8.0,cheap,0.75,3.75,buy_pressure,-3.0,True,shock,1,passive_one_sided_buy,one_sided_mm,0,0,0,10,0,10,0,0,buy_take1_16,take1,-8934.0,hold,2.0,-8936.0,2.0,passive_inside_buy,,,
none,round1-day-1,-1,812300,4,4,flat_19,9987,9996,9,9991.5,9994.615384615385,-8.5,cheap,0.6923076923076923,3.1153846153847553,buy_pressure,-2.5,True,shock,1,passive_one_sided_buy,one_sided_mm,0,0,0,10,0,10,0,0,buy_take1_16,take1,41029.0,hold,4.0,41025.0,4.0,passive_inside_buy,,,
none,round1-day-1,-1,814400,4,4,flat_19,9994,10004,10,9999.0,9996.142857142857,-1.0,neutral,-0.5714285714285714,-2.857142857143117,sell_pressure,3.0,False,steady,1,passive_one_sided_sell,one_sided_mm,0,0,0,0,12,0,12,0,hold,hold,41025.0,mm_join_12,0.0,41025.0,0.0,passive_inside_sell,,,
none,round1-day-1,-1,819900,14,14,flat_19,9987,9996,9,9991.5,9994.8,-8.5,cheap,0.7333333333333333,3.2999999999992724,buy_pressure,-3.5,True,shock,1,passive_one_sided_buy,one_sided_mm,0,0,0,10,0,10,0,0,buy_take1_16,take1,140955.0,hold,4.0,140951.0,4.0,passive_inside_buy,,,
none,round1-day-1,-1,823900,5,5,flat_19,9986,9996,10,9991.0,9992.875,-9.0,cheap,0.375,1.875,buy_pressure,-4.0,True,shock,1,passive_one_sided_buy,one_sided_mm,0,0,0,10,0,10,0,0,buy_take1_16,take1,50969.0,hold,10.0,50959.0,10.0,passive_inside_buy,,,
none,round1-day-1,-1,824500,5,5,flat_19,9991,10002,11,9996.5,9993.2,-3.5,cheap,-0.6,-3.2999999999992724,sell_pressure,1.0,False,steady,1,passive_one_sided_sell,one_sided_mm,0,0,0,0,12,0,12,0,hold,hold,50959.0,mm_join_12,0.0,50959.0,0.0,passive_inside_sell,,,
none,round1-day-1,-1,828000,10,10,flat_19,9984,9993,9,9988.5,9991.714285714286,-11.5,cheap,0.7142857142857143,3.214285714286234,buy_pressure,-2.5,True,shock,1,passive_one_sided_buy,one_sided_mm,0,0,0,10,0,10,0,0,buy_take1_16,take1,100914.0,hold,10.0,100904.0,10.0,passive_inside_buy,,,
none,round1-day-1,-1,828500,10,10,flat_19,9989,9999,10,9994.0,9991.0,-6.0,cheap,-0.6,-3.0,sell_pressure,3.5,True,shock,1,passive_one_sided_sell,one_sided_mm,0,0,0,0,9,0,9,0,hold,hold,100904.0,mm_join_12,0.0,100904.0,0.0,passive_inside_sell,,,
none,round1-day-1,-1,830800,10,10,flat_19,9983,9993,10,9988.0,9991.57142857143,-12.0,cheap,0.7142857142857143,3.571428571429351,buy_pressure,-3.0,True,shock,1,passive_one_sided_buy,one_sided_mm,0,0,0,10,0,10,0,0,buy_take1_16,take1,100902.0,buy_take2_32,10.0,100890.0,12.0,passive_inside_buy,,,
none,round1-day-1,-1,831100,10,10,flat_19,9988,10001,13,9994.5,9990.09677419355,-5.5,cheap,-0.6774193548387096,-4.403225806450791,sell_pressure,2.0,False,steady,1,passive_one_sided_sell,one_sided_mm,0,0,0,0,12,0,12,0,hold,hold,100890.0,mm_join_12,0.0,100890.0,0.0,passive_inside_sell,,,
none,round1-day-1,-1,832600,17,17,flat_19,9994,10003,9,9998.5,9995.741935483871,-1.5,neutral,-0.6129032258064516,-2.7580645161287975,sell_pressure,6.5,True,shock,1,passive_one_sided_sell,one_sided_mm,0,0,0,0,9,0,9,0,hold,hold,170813.0,mm_join_12,0.0,170813.0,0.0,passive_inside_sell,,,
none,round1-day-1,-1,834000,17,17,flat_19,9992,10003,11,9997.5,9993.833333333334,-2.5,cheap,-0.6666666666666666,-3.6666666666660603,sell_pressure,1.5,False,steady,1,passive_one_sided_sell,one_sided_mm,0,0,0,0,12,0,12,0,hold,hold,170813.0,mm_join_12,0.0,170813.0,0.0,passive_inside_sell,,,
none,round1-day-1,-1,835400,17,17,flat_19,9987,9997,10,9992.0,9995.125,-8.0,cheap,0.625,3.125,buy_pressure,-3.0,True,shock,1,passive_one_sided_buy,one_sided_mm,0,0,0,10,0,10,0,0,buy_take1_16,take1,170813.0,hold,3.0,170810.0,3.0,passive_inside_buy,,,
none,round1-day-1,-1,836600,25,25,long_20_39,9987,9996,9,9991.5,9993.5,-8.5,cheap,0.4444444444444444,2.0,buy_pressure,4.5,True,shock,1,passive_one_sided_buy,one_sided_mm,0,0,0,10,0,10,0,0,buy_take1_16,take1,250754.0,hold,15.0,250739.0,15.0,passive_inside_buy,,,
none,round1-day-1,-1,839400,25,25,long_20_39,9995,10004,9,9999.5,9996.161290322581,-0.5,neutral,-0.7419354838709677,-3.338709677418592,sell_pressure,6.5,True,shock,1,passive_one_sided_sell,one_sided_mm,0,0,0,0,9,0,9,0,hold,hold,250739.0,mm_join_12,0.0,250739.0,0.0,passive_inside_sell,,,
none,round1-day-1,-1,839800,25,25,long_20_39,9986,9995,9,9990.5,9992.923076923076,-9.5,cheap,0.5384615384615384,2.4230769230762235,buy_pressure,-3.5,True,shock,1,passive_one_sided_buy,one_sided_mm,0,0,0,10,0,10,0,0,buy_take1_16,take1,250739.0,hold,12.0,250727.0,12.0,passive_inside_buy,,,
none,round1-day-1,-1,841900,24,24,long_20_39,9993,10004,11,9998.5,9994.375,-1.5,neutral,-0.75,-4.125,sell_pressure,2.5,False,steady,1,passive_one_sided_sell,one_sided_mm,0,0,0,0,12,0,12,0,hold,hold,240692.0,mm_join_12,0.0,240692.0,0.0,passive_inside_sell,,,
none,round1-day-1,-1,842800,24,24,long_20_39,9988,9998,10,9993.0,9996.333333333334,-7.0,cheap,0.6666666666666666,3.3333333333339397,buy_pressure,-3.0,True,shock,1,passive_one_sided_buy,one_sided_mm,0,0,0,10,0,10,0,0,buy_take1_16,take1,240692.0,hold,2.0,240690.0,2.0,passive_inside_buy,,,
none,round1-day-1,-1,843200,24,24,long_20_39,9994,10004,10,9999.0,9996.142857142857,-1.0,neutral,-0.5714285714285714,-2.857142857143117,sell_pressure,3.0,False,steady,1,passive_one_sided_sell,one_sided_mm,0,0,0,0,12,0,12,0,hold,hold,240690.0,mm_join_12,0.0,240690.0,0.0,passive_inside_sell,,,
none,round1-day-1,-1,845400,24,24,long_20_39,9994,10004,10,9999.0,9997.333333333334,-1.0,neutral,-0.3333333333333333,-1.6666666666660603,mixed_pressure,1.5,False,steady,1,passive_one_sided_sell,one_sided_mm,0,0,0,0,12,0,12,0,hold,hold,240690.0,mm_join_12,0.0,240690.0,0.0,passive_inside_sell,,,
none,round1-day-1,-1,846700,24,24,long_20_39,9999,10008,9,10003.5,10001.382352941177,3.5,rich,-0.47058823529411764,-2.1176470588234224,sell_pressure,5.0,True,shock,1,passive_one_sided_sell,one_sided_mm,0,0,0,0,9,0,9,0,hold,hold,240690.0,mm_join_12,0.0,240690.0,0.0,passive_inside_sell,,,
none,round1-day-1,-1,851100,24,24,long_20_39,9994,10005,11,9999.5,9996.75,-0.5,neutral,-0.5,-2.75,sell_pressure,1.5,False,steady,1,passive_one_sided_sell,one_sided_mm,0,0,0,0,12,0,12,0,hold,hold,240690.0,mm_join_12,0.0,240690.0,0.0,passive_inside_sell,,,
none,round1-day-1,-1,855800,48,48,long_40_59,9995,10006,11,10000.5,9998.235294117647,0.5,neutral,-0.4117647058823529,-2.264705882353155,sell_pressure,2.0,False,steady,2,passive_two_sided,mm_inside,0,0,0,9,14,0,14,0,hold,hold,480546.0,mm_join_12,0.0,480546.0,0.0,,,,
none,round1-day-1,-1,863800,48,48,long_40_59,9997,10007,10,10002.0,9998.764705882353,2.0,rich,-0.6470588235294118,-3.235294117646845,sell_pressure,3.0,False,steady,1,passive_one_sided_buy,one_sided_mm,0,0,0,9,0,0,0,0,hold,hold,480546.0,mm_join_12,0.0,480546.0,0.0,passive_inside_buy,,,
none,round1-day-1,-1,865100,48,48,long_40_59,9997,10007,10,10002.0,9999.105263157895,2.0,rich,-0.5789473684210527,-2.894736842104976,sell_pressure,-5.0,True,shock,1,passive_one_sided_buy,one_sided_mm,0,0,0,9,0,0,0,0,hold,hold,480546.0,mm_join_12,0.0,480546.0,0.0,passive_inside_buy,,,
none,round1-day-1,-1,866100,43,43,long_40_59,9989,9998,9,9993.5,9996.411764705883,-6.5,cheap,0.6470588235294118,2.911764705882888,buy_pressure,-8.0,True,shock,1,passive_one_sided_buy,one_sided_mm,0,0,0,7,0,7,0,0,buy_take1_16,take1,430551.0,hold,3.0,430548.0,3.0,passive_inside_buy,,,
none,round1-day-1,-1,867000,43,43,long_40_59,9994,10004,10,9999.0,9995.25,-1.0,neutral,-0.75,-3.75,sell_pressure,3.0,False,steady,1,passive_one_sided_sell,one_sided_mm,0,0,0,0,14,0,14,0,hold,hold,430548.0,mm_join_12,0.0,430548.0,0.0,passive_inside_sell,,,
none,round1-day-1,-1,873500,47,47,long_40_59,9998,10011,13,10004.5,9999.56,4.5,rich,-0.76,-4.940000000000509,sell_pressure,4.5,True,shock,1,passive_one_sided_sell,one_sided_mm,0,0,0,0,11,0,11,0,hold,hold,470544.0,mm_join_12,0.0,470544.0,0.0,passive_inside_sell,,,
none,round1-day-1,-1,874500,47,47,long_40_59,9989,10001,12,9995.0,9999.153846153846,-5.0,cheap,0.6923076923076923,4.153846153845734,buy_pressure,-6.5,True,shock,1,passive_one_sided_buy,one_sided_mm,0,0,0,7,0,7,0,0,hold,hold,470544.0,mm_join_12,0.0,470544.0,0.0,passive_inside_buy,,,
none,round1-day-1,-1,874800,47,47,long_40_59,9992,10001,9,9996.5,9998.42857142857,-3.5,cheap,0.42857142857142855,1.928571428570649,buy_pressure,-11.5,True,shock,1,passive_one_sided_buy,one_sided_mm,0,0,0,7,0,7,0,0,hold,hold,470544.0,mm_join_12,0.0,470544.0,0.0,passive_inside_buy,,,
none,round1-day-1,-1,876500,43,43,long_40_59,9992,10002,10,9997.0,10000.333333333334,-3.0,cheap,0.6666666666666666,3.3333333333339397,buy_pressure,-4.5,True,shock,1,passive_one_sided_buy,one_sided_mm,0,0,0,7,0,7,0,0,hold,hold,430540.0,mm_join_12,0.0,430540.0,0.0,passive_inside_buy,,,
none,round1-day-1,-1,877300,43,43,long_40_59,10000,10013,13,10006.5,10001.733333333334,6.5,rich,-0.7333333333333333,-4.766666666666424,sell_pressure,4.5,True,shock,1,passive_one_sided_sell,one_sided_mm,0,0,0,0,11,0,11,0,sell_take1_16,take1,430540.0,hold,4.0,430536.0,4.0,passive_inside_sell,,,
none,round1-day-1,-1,880500,43,43,long_40_59,9995,10004,9,9999.5,10001.923076923076,-0.5,neutral,0.5384615384615384,2.4230769230762235,buy_pressure,-3.5,True,shock,1,passive_one_sided_buy,one_sided_mm,0,0,0,6,0,6,0,0,hold,hold,430536.0,mm_join_12,0.0,430536.0,0.0,passive_inside_buy,,,
none,round1-day-1,-1,882100,43,43,long_40_59,9994,10004,10,9999.0,10002.333333333334,-1.0,neutral,0.6666666666666666,3.3333333333339397,buy_pressure,-3.0,False,steady,1,passive_one_sided_buy,one_sided_mm,0,0,0,9,0,9,0,0,hold,hold,430536.0,mm_join_12,0.0,430536.0,0.0,passive_inside_buy,,,
none,round1-day-1,-1,883200,43,43,long_40_59,9994,10003,9,9998.5,10001.5,-1.5,neutral,0.6666666666666666,3.0,buy_pressure,-3.5,True,shock,1,passive_one_sided_buy,one_sided_mm,0,0,0,6,0,6,0,0,hold,hold,430536.0,mm_join_12,0.0,430536.0,0.0,passive_inside_buy,,,
none,round1-day-1,-1,885700,43,43,long_40_59,10000,10010,10,10005.0,10001.333333333334,5.0,rich,-0.7333333333333333,-3.6666666666660603,sell_pressure,4.0,True,shock,1,passive_one_sided_sell,one_sided_mm,0,0,0,0,11,0,11,0,sell_take1_16,take1,430536.0,hold,2.0,430534.0,2.0,passive_inside_sell,,,
none,round1-day-1,-1,886700,43,43,long_40_59,9999,10009,10,10004.0,10000.42857142857,4.0,rich,-0.7142857142857143,-3.571428571429351,sell_pressure,5.0,True,shock,1,passive_one_sided_sell,one_sided_mm,0,0,0,0,11,0,11,0,sell_take1_16,take1,430534.0,hold,2.0,430532.0,2.0,passive_inside_sell,,,
none,round1-day-1,-1,888400,43,43,long_40_59,9993,10003,10,9998.0,10000.142857142857,-2.0,cheap,0.42857142857142855,2.142857142856883,buy_pressure,-3.0,False,steady,0,hold,hold,0,0,0,0,0,0,0,0,hold,hold,430532.0,mm_join_12,0.0,430532.0,0.0,,,,
none,round1-day-1,-1,890900,43,43,long_40_59,9993,10003,10,9998.0,10000.777777777777,-2.0,cheap,0.5555555555555556,2.7777777777773736,buy_pressure,-4.0,True,shock,0,hold,hold,0,0,0,0,0,0,0,0,hold,hold,430532.0,mm_join_12,0.0,430532.0,0.0,,,,
none,round1-day-1,-1,891300,43,43,long_40_59,9993,10003,10,9998.0,10001.333333333334,-2.0,cheap,0.6666666666666666,3.3333333333339397,buy_pressure,-1.5,False,steady,0,hold,hold,0,0,0,0,0,0,0,0,hold,hold,430532.0,mm_join_12,0.0,430532.0,0.0,,,,
none,round1-day-1,-1,891600,43,43,long_40_59,9999,10010,11,10004.5,10000.833333333334,4.5,rich,-0.6666666666666666,-3.6666666666660603,sell_pressure,-5.5,True,shock,1,passive_one_sided_sell,one_sided_mm,0,0,0,0,11,0,11,0,hold,hold,430532.0,mm_join_12,0.0,430532.0,0.0,passive_inside_sell,,,
none,round1-day-1,-1,897300,47,47,long_40_59,9997,10010,13,10003.5,9998.969696969696,3.5,rich,-0.696969696969697,-4.530303030303912,sell_pressure,3.5,True,shock,1,passive_one_sided_sell,one_sided_mm,0,0,0,0,11,0,11,0,hold,hold,470504.0,mm_join_12,0.0,470504.0,0.0,passive_inside_sell,,,
none,round1-day-1,-1,899000,47,47,long_40_59,9998,10011,13,10004.5,9999.04,4.5,rich,-0.84,-5.459999999999127,sell_pressure,4.5,True,shock,1,passive_one_sided_sell,one_sided_mm,0,0,0,0,11,0,11,0,hold,hold,470504.0,mm_join_12,0.0,470504.0,0.0,passive_inside_sell,,,
none,round1-day-1,-1,899400,47,47,long_40_59,9998,10009,11,10003.5,10000.75,3.5,rich,-0.5,-2.75,sell_pressure,2.5,False,steady,1,passive_one_sided_sell,one_sided_mm,0,0,0,0,14,0,14,0,hold,hold,470504.0,mm_join_12,0.0,470504.0,0.0,passive_inside_sell,,,
none,round1-day-1,-1,899800,47,47,long_40_59,9992,10002,10,9997.0,10000.333333333334,-3.0,cheap,0.6666666666666666,3.3333333333339397,buy_pressure,-3.0,False,steady,1,passive_one_sided_buy,one_sided_mm,0,0,0,10,0,10,0,0,hold,hold,470504.0,mm_join_12,0.0,470504.0,0.0,passive_inside_buy,,,
none,round1-day-1,-1,901900,53,53,long_40_59,9991,10000,9,9995.5,9998.615384615385,-4.5,cheap,0.6923076923076923,3.1153846153847553,buy_pressure,-0.5,False,steady,1,passive_one_sided_buy,one_sided_mm,0,0,0,6,0,6,0,0,hold,hold,530480.0,mm_join_12,0.0,530480.0,0.0,passive_inside_buy,,,
none,round1-day-1,-1,902000,53,53,long_40_59,9996,10006,10,10001.0,9997.666666666666,1.0,neutral,-0.6666666666666666,-3.3333333333339397,sell_pressure,5.5,True,shock,2,passive_two_sided,mm_inside,0,0,0,6,11,0,11,0,hold,hold,530480.0,mm_join_12,0.0,530480.0,0.0,,,,
none,round1-day-1,-1,903200,58,58,long_40_59,9996,10007,11,10001.5,9999.666666666666,1.5,neutral,-0.3333333333333333,-1.8333333333339397,mixed_pressure,2.5,False,steady,2,passive_two_sided,mm_inside,0,0,0,9,14,0,14,0,hold,hold,580455.0,mm_join_12,0.0,580455.0,0.0,,,,
none,round1-day-1,-1,903300,58,58,long_40_59,9991,10000,9,9995.5,9998.8,-4.5,cheap,0.7333333333333333,3.2999999999992724,buy_pressure,-6.0,True,shock,1,passive_one_sided_buy,one_sided_mm,0,0,0,6,0,6,0,0,hold,hold,580455.0,mm_join_12,0.0,580455.0,0.0,passive_inside_buy,,,
none,round1-day-1,-1,906900,58,58,long_40_59,9996,10007,11,10001.5,9997.941176470587,1.5,neutral,-0.6470588235294118,-3.5588235294126207,sell_pressure,2.5,False,steady,2,passive_two_sided,mm_inside,0,0,0,9,14,0,14,0,hold,hold,580455.0,mm_join_12,0.0,580455.0,0.0,,,,
none,round1-day-1,-1,909500,58,58,long_40_59,9996,10009,13,10002.5,9998.5,2.5,rich,-0.6153846153846154,-4.0,sell_pressure,4.5,True,shock,1,passive_one_sided_sell,one_sided_mm,0,0,0,0,11,0,11,0,hold,hold,580455.0,mm_join_12,0.0,580455.0,0.0,passive_inside_sell,,,
none,round1-day-1,-1,909800,58,52,long_40_59,10000,10009,9,10004.5,10002.076923076924,4.5,rich,-0.5384615384615384,-2.4230769230762235,sell_pressure,5.5,True,shock,2,clear_sell,take1,0,6,6,0,11,0,11,1,sell_take1_16,take1,580455.0,hold,10.0,580455.0,0.0,take_b1,,,
none,round1-day-1,-1,910100,52,52,long_40_59,9991,10000,9,9995.5,9998.714285714286,-4.5,cheap,0.7142857142857143,3.214285714286234,buy_pressure,-3.5,True,shock,1,passive_one_sided_buy,one_sided_mm,0,0,0,6,0,6,0,0,hold,hold,520455.0,mm_join_12,0.0,520455.0,0.0,passive_inside_buy,,,
none,round1-day-1,-1,911500,52,52,long_40_59,9986,9998,12,9992.0,9996.285714285714,-8.0,cheap,0.7142857142857143,4.285714285713766,buy_pressure,-4.0,True,shock,2,passive_two_sided,mm_inside,0,0,0,6,11,6,0,0,hold,hold,520455.0,mm_join_12,0.0,520455.0,0.0,,,,
none,round1-day-1,-1,912300,52,52,long_40_59,9989,9999,10,9994.0,9995.875,-6.0,cheap,0.375,1.875,buy_pressure,-3.0,True,shock,2,passive_two_sided,mm_inside,0,0,0,6,11,6,0,0,hold,hold,520455.0,mm_join_12,0.0,520455.0,0.0,,,,
none,round1-day-1,-1,913700,59,59,long_40_59,9992,10003,11,9997.5,9995.4375,-2.5,cheap,-0.375,-2.0625,sell_pressure,2.5,False,steady,2,passive_two_sided,mm_inside,0,0,0,9,14,0,14,0,hold,hold,590420.0,mm_join_12,0.0,590420.0,0.0,,,,
none,round1-day-1,-1,913800,59,59,long_40_59,9987,9997,10,9992.0,9995.75,-8.0,cheap,0.75,3.75,buy_pressure,-5.5,True,shock,2,passive_two_sided,mm_inside,0,0,0,6,11,6,0,0,buy_take1_16,take1,590420.0,hold,2.0,590418.0,2.0,,,,
none,round1-day-1,-1,917400,62,62,long_60_plus,9995,10006,11,10000.5,9997.357142857143,0.5,neutral,-0.5714285714285714,-3.142857142856883,sell_pressure,2.5,False,steady,2,passive_two_sided,mm_inside,0,0,0,9,14,0,14,0,hold,hold,620376.0,mm_join_12,0.0,620376.0,0.0,,,,
none,round1-day-1,-1,918500,62,62,long_60_plus,9990,9999,9,9994.5,9996.0,-5.5,cheap,0.3333333333333333,1.5,mixed_pressure,-3.5,True,shock,2,passive_two_sided,mm_inside,0,0,0,6,11,6,0,0,hold,hold,620376.0,mm_join_12,0.0,620376.0,0.0,,,,
none,round1-day-1,-1,919200,62,62,long_60_plus,9989,9998,9,9993.5,9995.75,-6.5,cheap,0.5,2.25,buy_pressure,-3.5,True,shock,2,passive_two_sided,mm_inside,0,0,0,6,11,6,0,0,hold,hold,620376.0,mm_join_12,0.0,620376.0,0.0,,,,
none,round1-day-1,-1,919400,62,62,long_60_plus,9994,10005,11,9999.5,9997.666666666666,-0.5,neutral,-0.3333333333333333,-1.8333333333339397,mixed_pressure,2.5,False,steady,2,passive_two_sided,mm_inside,0,0,0,9,14,0,14,0,hold,hold,620376.0,mm_join_12,0.0,620376.0,0.0,,,,
none,round1-day-1,-1,922800,62,62,long_60_plus,9995,10005,10,10000.0,9997.777777777777,0.0,neutral,-0.4444444444444444,-2.2222222222226264,sell_pressure,3.5,True,shock,2,passive_two_sided,mm_inside,0,0,0,6,11,0,11,0,hold,hold,620376.0,mm_join_12,0.0,620376.0,0.0,,,,
none,round1-day-1,-1,923200,62,62,long_60_plus,9995,10006,11,10000.5,9998.666666666666,0.5,neutral,-0.3333333333333333,-1.8333333333339397,mixed_pressure,2.5,False,steady,2,passive_two_sided,mm_inside,0,0,0,9,14,0,14,0,hold,hold,620376.0,mm_join_12,0.0,620376.0,0.0,,,,
none,round1-day-1,-1,923500,62,62,long_60_plus,9989,9998,9,9993.5,9996.875,-6.5,cheap,0.75,3.375,buy_pressure,-3.5,True,shock,2,passive_two_sided,mm_inside,0,0,0,6,11,6,0,0,buy_take1_16,take1,620376.0,hold,2.0,620374.0,2.0,,,,
none,round1-day-1,-1,923700,62,62,long_60_plus,9995,10008,13,10001.5,9995.962962962964,1.5,neutral,-0.8518518518518519,-5.537037037036498,sell_pressure,5.5,True,shock,2,passive_two_sided,mm_inside,0,0,0,6,11,0,11,0,hold,hold,620374.0,mm_join_12,0.0,620374.0,0.0,,,,
none,round1-day-1,-1,923900,62,62,long_60_plus,9989,9999,10,9994.0,9996.894736842105,-6.0,cheap,0.5789473684210527,2.894736842104976,buy_pressure,-2.5,True,shock,1,passive_one_sided_buy,one_sided_mm,0,0,0,6,0,6,0,0,hold,hold,620374.0,mm_join_12,0.0,620374.0,0.0,passive_inside_buy,,,
none,round1-day-1,-1,926600,62,62,long_60_plus,9987,9999,12,9993.0,9997.714285714286,-7.0,cheap,0.7857142857142857,4.714285714286234,buy_pressure,-4.0,True,shock,2,passive_two_sided,mm_inside,0,0,0,6,11,6,0,0,hold,hold,620374.0,mm_join_12,0.0,620374.0,0.0,,,,
none,round1-day-1,-1,926900,62,62,long_60_plus,9994,10005,11,9999.5,9995.692307692309,-0.5,neutral,-0.6923076923076923,-3.807692307691468,sell_pressure,-5.5,True,shock,2,passive_two_sided,mm_inside,0,0,0,9,14,0,14,0,hold,hold,620374.0,mm_join_12,0.0,620374.0,0.0,,,,
none,round1-day-1,-1,927400,62,62,long_60_plus,9993,10004,11,9998.5,9996.235294117647,-1.5,neutral,-0.4117647058823529,-2.264705882353155,sell_pressure,2.5,False,steady,2,passive_two_sided,mm_inside,0,0,0,9,14,0,14,0,hold,hold,620374.0,mm_join_12,0.0,620374.0,0.0,,,,
none,round1-day-1,-1,928600,62,62,long_60_plus,9995,10005,10,10000.0,9997.5,0.0,neutral,-0.5,-2.5,sell_pressure,3.0,False,steady,2,passive_two_sided,mm_inside,0,0,0,9,14,0,14,0,hold,hold,620374.0,mm_join_12,0.0,620374.0,0.0,,,,
none,round1-day-1,-1,929300,62,62,long_60_plus,9994,10005,11,9999.5,9995.833333333334,-0.5,neutral,-0.6666666666666666,-3.6666666666660603,sell_pressure,10.5,True,shock,2,passive_two_sided,mm_inside,0,0,0,9,14,0,14,0,hold,hold,620374.0,mm_join_12,0.0,620374.0,0.0,,,,
none,round1-day-1,-1,929700,62,62,long_60_plus,9994,10004,10,9999.0,9995.333333333334,-1.0,neutral,-0.7333333333333333,-3.6666666666660603,sell_pressure,2.0,False,steady,2,passive_two_sided,mm_inside,0,0,0,9,14,0,14,0,hold,hold,620374.0,mm_join_12,0.0,620374.0,0.0,,,,
none,round1-day-1,-1,931700,66,66,long_60_plus,9990,9999,9,9994.5,9997.615384615385,-5.5,cheap,0.6923076923076923,3.1153846153847553,buy_pressure,-3.5,True,shock,2,passive_two_sided,mm_inside,0,0,0,6,11,6,0,0,buy_take1_16,take1,660354.0,hold,6.0,660348.0,6.0,,,,
none,round1-day-1,-1,935800,62,62,long_60_plus,9995,10006,11,10000.5,9996.29411764706,0.5,neutral,-0.7647058823529411,-4.2058823529405345,sell_pressure,2.5,False,steady,2,passive_two_sided,mm_inside,0,0,0,9,14,0,14,0,hold,hold,620348.0,mm_join_12,0.0,620348.0,0.0,,,,
none,round1-day-1,-1,936100,62,62,long_60_plus,9990,9999,9,9994.5,9997.3125,-5.5,cheap,0.625,2.8125,buy_pressure,-3.0,False,steady,2,passive_two_sided,mm_inside,0,0,0,9,14,9,0,0,hold,hold,620348.0,mm_join_12,0.0,620348.0,0.0,,,,
none,round1-day-1,-1,936700,70,70,long_60_plus,9987,9999,12,9993.0,9997.285714285714,-7.0,cheap,0.7142857142857143,4.285714285713766,buy_pressure,-12.0,True,shock,1,passive_one_sided_buy,one_sided_mm,0,0,0,6,0,6,0,0,hold,hold,700308.0,mm_join_12,0.0,700308.0,0.0,passive_inside_buy,,,
none,round1-day-1,-1,940700,70,70,long_60_plus,9997,10010,13,10003.5,9998.0,3.5,rich,-0.8461538461538461,-5.5,sell_pressure,4.5,True,shock,1,passive_one_sided_sell,one_sided_mm,0,0,0,0,11,0,11,0,hold,hold,700308.0,mm_join_12,0.0,700308.0,0.0,passive_inside_sell,,,
none,round1-day-1,-1,943000,70,70,long_60_plus,9993,10002,9,9997.5,9999.882352941177,-2.5,cheap,0.5294117647058824,2.3823529411765776,buy_pressure,-2.5,False,steady,1,passive_one_sided_buy,one_sided_mm,0,0,0,9,0,9,0,0,hold,hold,700308.0,mm_join_12,0.0,700308.0,0.0,passive_inside_buy,,,
none,round1-day-1,-1,949100,70,66,long_60_plus,10001,10011,10,10006.0,10003.35294117647,6.0,rich,-0.5294117647058824,-2.6470588235297328,sell_pressure,3.0,True,shock,2,clear_sell,take1,0,4,4,0,11,0,11,1,hold,hold,700276.0,mm_join_12,0.0,700272.0,4.0,take_b1,,,
none,round1-day-1,-1,949200,66,64,long_60_plus,10001,10012,11,10006.5,10002.833333333334,6.5,rich,-0.6666666666666666,-3.6666666666660603,sell_pressure,0.5,True,shock,2,clear_sell,take1,0,2,2,0,11,0,11,1,hold,hold,660268.0,mm_join_12,0.0,660266.0,2.0,take_b1,,,
none,round1-day-1,-1,950800,64,62,long_60_plus,10001,10011,10,10006.0,10002.333333333334,6.0,rich,-0.7333333333333333,-3.6666666666660603,sell_pressure,4.0,True,shock,2,clear_sell,take1,0,2,2,0,11,0,11,1,hold,hold,640264.0,mm_join_12,0.0,640262.0,2.0,take_b1,,,
none,round1-day-1,-1,952700,62,62,long_60_plus,9994,10004,10,9999.0,10001.5,-1.0,neutral,0.5,2.5,buy_pressure,-1.5,False,steady,2,passive_two_sided,mm_inside,0,0,0,9,14,9,14,0,hold,hold,620260.0,mm_join_12,0.0,620260.0,0.0,,,,
none,round1-day-1,-1,956400,62,62,long_60_plus,10000,10011,11,10005.5,10001.57142857143,5.5,rich,-0.7142857142857143,-3.928571428570649,sell_pressure,3.5,True,shock,1,passive_one_sided_sell,one_sided_mm,0,0,0,0,11,0,11,0,hold,hold,620260.0,mm_join_12,0.0,620260.0,0.0,passive_inside_sell,,,
none,round1-day-1,-1,960200,62,62,long_60_plus,9997,10007,10,10002.0,10005.235294117647,2.0,rich,0.6470588235294118,3.235294117646845,buy_pressure,-3.0,False,steady,1,passive_one_sided_buy,one_sided_mm,0,0,0,9,0,9,0,0,hold,hold,620260.0,mm_join_12,0.0,620260.0,0.0,passive_inside_buy,,,
none,round1-day-1,-1,961500,62,62,long_60_plus,9999,10008,9,10003.5,10005.75,3.5,rich,0.5,2.25,buy_pressure,-1.5,False,steady,2,passive_two_sided,mm_inside,0,0,0,9,14,0,14,0,hold,hold,620260.0,mm_join_12,0.0,620260.0,0.0,,,,
none,round1-day-1,-1,963600,62,58,long_60_plus,10003,10016,13,10009.5,10005.08,9.5,rich,-0.68,-4.420000000000073,sell_pressure,4.5,True,shock,2,clear_sell,take1,0,4,4,0,11,0,11,1,sell_take1_16,take1,620260.0,hold,4.0,620260.0,0.0,take_b1,,,
none,round1-day-1,-1,964700,51,51,long_40_59,10002,10013,11,10007.5,10004.2,7.5,rich,-0.6,-3.2999999999992724,sell_pressure,3.5,True,shock,1,passive_one_sided_sell,one_sided_mm,0,0,0,0,11,0,11,0,hold,hold,510206.0,mm_join_12,0.0,510206.0,0.0,passive_inside_sell,,,
none,round1-day-1,-1,966900,51,51,long_40_59,9995,10005,10,10000.0,10003.125,0.0,neutral,0.625,3.125,buy_pressure,-4.0,True,shock,1,passive_one_sided_buy,one_sided_mm,0,0,0,6,0,6,0,0,hold,hold,510206.0,mm_join_12,0.0,510206.0,0.0,passive_inside_buy,,,
none,round1-day-1,-1,967500,51,51,long_40_59,9993,10005,12,9999.0,10003.153846153846,-1.0,neutral,0.6923076923076923,4.153846153845734,buy_pressure,4.0,True,shock,2,passive_two_sided,mm_inside,0,0,0,9,14,9,14,0,hold,hold,510206.0,mm_join_12,0.0,510206.0,0.0,,,,
none,round1-day-1,-1,969700,51,51,long_40_59,10000,10011,11,10005.5,10002.75,5.5,rich,-0.5,-2.75,sell_pressure,2.5,False,steady,1,passive_one_sided_sell,one_sided_mm,0,0,0,0,14,0,14,0,hold,hold,510206.0,mm_join_12,0.0,510206.0,0.0,passive_inside_sell,,,
none,round1-day-1,-1,970500,51,51,long_40_59,10000,10011,11,10005.5,10001.941176470587,5.5,rich,-0.6470588235294118,-3.5588235294126207,sell_pressure,3.0,False,steady,1,passive_one_sided_sell,one_sided_mm,0,0,0,0,14,0,14,0,hold,hold,510206.0,mm_join_12,0.0,510206.0,0.0,passive_inside_sell,,,
none,round1-day-1,-1,971700,51,51,long_40_59,9994,10004,10,9999.0,10001.857142857143,-1.0,neutral,0.5714285714285714,2.857142857143117,buy_pressure,-4.0,True,shock,1,passive_one_sided_buy,one_sided_mm,0,0,0,6,0,6,0,0,hold,hold,510206.0,mm_join_12,0.0,510206.0,0.0,passive_inside_buy,,,
none,round1-day-1,-1,973000,46,46,long_40_59,9994,10004,10,9999.0,10002.57142857143,-1.0,neutral,0.7142857142857143,3.571428571429351,buy_pressure,-11.0,True,shock,2,passive_two_sided,mm_inside,0,0,0,9,14,9,14,0,hold,hold,460191.0,mm_join_12,0.0,460191.0,0.0,,,,
none,round1-day-1,-1,974800,46,46,long_40_59,9993,10002,9,9997.5,9999.35294117647,-2.5,cheap,0.4117647058823529,1.8529411764702672,buy_pressure,-2.0,False,steady,1,passive_one_sided_buy,one_sided_mm,0,0,0,10,0,10,0,0,hold,hold,460191.0,mm_join_12,0.0,460191.0,0.0,passive_inside_buy,,,
none,round1-day-1,-1,974900,46,46,long_40_59,9993,10002,9,9997.5,9999.35294117647,-2.5,cheap,0.4117647058823529,1.8529411764702672,buy_pressure,0.0,False,steady,1,passive_one_sided_buy,one_sided_mm,0,0,0,10,0,10,0,0,hold,hold,460191.0,mm_join_12,0.0,460191.0,0.0,passive_inside_buy,,,
none,round1-day-1,-1,976000,46,46,long_40_59,9993,10003,10,9998.0,10000.333333333334,-2.0,cheap,0.4666666666666667,2.3333333333339397,buy_pressure,-5.0,True,shock,0,hold,hold,0,0,0,0,0,0,0,0,hold,hold,460191.0,mm_join_12,0.0,460191.0,0.0,,,,
none,round1-day-1,-1,978100,46,46,long_40_59,9991,10003,12,9997.0,10002.172413793103,-3.0,cheap,0.8620689655172413,5.17241379310326,buy_pressure,-5.0,True,shock,1,passive_one_sided_buy,one_sided_mm,0,0,0,7,0,7,0,0,hold,hold,460191.0,mm_join_12,0.0,460191.0,0.0,passive_inside_buy,,,
none,round1-day-1,-1,980800,46,46,long_40_59,9996,10006,10,10001.0,10003.894736842105,1.0,neutral,0.5789473684210527,2.894736842104976,buy_pressure,-1.5,False,steady,1,passive_one_sided_buy,one_sided_mm,0,0,0,9,0,9,0,0,hold,hold,460191.0,mm_join_12,0.0,460191.0,0.0,passive_inside_buy,,,
none,round1-day-1,-1,981900,46,46,long_40_59,10003,10014,11,10008.5,10005.588235294117,8.5,rich,-0.5294117647058824,-2.911764705882888,sell_pressure,2.5,True,shock,1,passive_one_sided_sell,one_sided_mm,0,0,0,0,11,0,11,0,sell_take1_16,take1,460191.0,hold,4.0,460187.0,4.0,passive_inside_sell,,,
none,round1-day-1,-1,983000,46,46,long_40_59,9997,10006,9,10001.5,10004.941176470587,1.5,neutral,0.7647058823529411,3.4411764705873793,buy_pressure,-3.5,True,shock,2,passive_two_sided,mm_inside,0,0,0,6,11,6,11,0,hold,hold,460187.0,mm_join_12,0.0,460187.0,0.0,,,,
none,round1-day-1,-1,983700,46,46,long_40_59,9996,10006,10,10001.0,10004.823529411764,1.0,neutral,0.7647058823529411,3.823529411763957,buy_pressure,-1.5,False,steady,1,passive_one_sided_buy,one_sided_mm,0,0,0,9,0,9,0,0,hold,hold,460187.0,mm_join_12,0.0,460187.0,0.0,passive_inside_buy,,,
none,round1-day-1,-1,984100,46,37,long_40_59,10006,10015,9,10010.5,10008.7,10.5,rich,-0.4,-1.7999999999992724,sell_pressure,6.5,True,shock,3,clear_sell,take1,0,18,18,0,11,0,11,1,sell_take1_16,take1,460187.0,hold,36.0,460187.0,0.0,take_b1,,,
none,round1-day-1,-1,984300,37,37,long_20_39,9996,10006,10,10001.0,10004.125,1.0,neutral,0.625,3.125,buy_pressure,-3.0,False,steady,1,passive_one_sided_buy,one_sided_mm,0,0,0,12,0,12,0,0,hold,hold,370133.0,mm_join_12,0.0,370133.0,0.0,passive_inside_buy,,,
none,round1-day-1,-1,989500,41,41,long_40_59,10000,10010,10,10005.0,10001.176470588236,5.0,rich,-0.7647058823529411,-3.823529411763957,sell_pressure,2.0,False,steady,1,passive_one_sided_sell,one_sided_mm,0,0,0,0,12,0,12,0,hold,hold,410137.0,mm_join_12,0.0,410137.0,0.0,passive_inside_sell,,,
none,round1-day-1,-1,995700,44,44,long_40_59,9994,10004,10,9999.0,10002.461538461539,-1.0,neutral,0.6923076923076923,3.4615384615390212,buy_pressure,-3.0,False,steady,1,passive_one_sided_buy,one_sided_mm,0,0,0,9,0,9,0,0,hold,hold,440088.0,mm_join_12,0.0,440088.0,0.0,passive_inside_buy,,,
none,round1-day-1,-1,998000,44,44,long_40_59,9992,10004,12,9998.0,10002.125,-2.0,cheap,0.6875,4.125,buy_pressure,-3.5,True,shock,0,hold,hold,0,0,0,0,0,0,0,0,hold,hold,440088.0,mm_join_12,0.0,440088.0,0.0,,,,
none,round1-day-1,-1,998100,44,44,long_40_59,10000,10010,10,10005.0,10003.333333333334,5.0,rich,-0.3333333333333333,-1.6666666666660603,mixed_pressure,7.0,True,shock,1,passive_one_sided_buy,one_sided_mm,0,0,0,6,0,0,0,0,hold,hold,440088.0,mm_join_12,0.0,440088.0,0.0,passive_inside_buy,,,
none,round1-day-2,-2,1700,8,8,flat_19,9999,10010,11,10004.5,10001.2,4.5,rich,-0.6,-3.2999999999992724,sell_pressure,10.5,True,shock,1,passive_one_sided_sell,one_sided_mm,0,0,0,0,9,0,9,0,hold,hold,86526.0,mm_join_12,0.0,86526.0,0.0,passive_inside_sell,,,
none,round1-day-2,-2,2300,8,8,flat_19,10000,10011,11,10005.5,10003.4375,5.5,rich,-0.375,-2.0625,sell_pressure,3.5,True,shock,1,passive_one_sided_sell,one_sided_mm,0,0,0,0,9,0,9,0,hold,hold,86526.0,mm_join_12,0.0,86526.0,0.0,passive_inside_sell,,,
none,round1-day-2,-2,4800,8,8,flat_19,9995,10007,12,10001.0,10005.666666666666,1.0,neutral,0.7777777777777778,4.66666666666606,buy_pressure,-12.0,True,shock,1,passive_one_sided_buy,one_sided_mm,0,0,0,12,0,12,0,0,hold,hold,86526.0,mm_join_12,0.0,86526.0,0.0,passive_inside_buy,,,
none,round1-day-2,-2,5300,8,8,flat_19,10002,10012,10,10007.0,10004.105263157895,7.0,rich,-0.5789473684210527,-2.894736842104976,sell_pressure,3.5,True,shock,1,passive_one_sided_sell,one_sided_mm,0,0,0,0,9,0,9,0,hold,hold,86526.0,mm_join_12,0.0,86526.0,0.0,passive_inside_sell,,,
none,round1-day-2,-2,5800,8,8,flat_19,10001,10012,11,10006.5,10003.75,6.5,rich,-0.5,-2.75,sell_pressure,2.5,True,shock,1,passive_one_sided_sell,one_sided_mm,0,0,0,0,9,0,9,0,hold,hold,86526.0,mm_join_12,0.0,86526.0,0.0,passive_inside_sell,,,
none,round1-day-2,-2,6000,8,8,flat_19,9996,10006,10,10001.0,10004.333333333334,1.0,neutral,0.6666666666666666,3.3333333333339397,buy_pressure,-4.5,True,shock,1,passive_one_sided_buy,one_sided_mm,0,0,0,9,0,9,0,0,hold,hold,86526.0,mm_join_12,0.0,86526.0,0.0,passive_inside_buy,,,
none,round1-day-2,-2,7800,8,8,flat_19,10002,10015,13,10008.5,10004.08,8.5,rich,-0.68,-4.420000000000073,sell_pressure,5.0,True,shock,1,passive_one_sided_sell,one_sided_mm,0,0,0,0,9,0,9,0,hold,hold,86526.0,mm_join_12,0.0,86526.0,0.0,passive_inside_sell,,,
none,round1-day-2,-2,8900,2,2,flat_19,10003,10013,10,10008.0,10004.42857142857,8.0,rich,-0.7142857142857143,-3.571428571429351,sell_pressure,3.0,True,shock,1,passive_one_sided_sell,one_sided_mm,0,0,0,0,9,0,9,0,sell_take1_16,take1,26490.0,hold,2.0,26488.0,2.0,passive_inside_sell,,,
none,round1-day-2,-2,10400,2,2,flat_19,10007,10017,10,10012.0,10010.333333333334,12.0,rich,-0.3333333333333333,-1.6666666666660603,mixed_pressure,3.0,True,shock,1,passive_one_sided_buy,one_sided_mm,0,0,0,9,0,0,0,0,sell_take1_16,take1,26488.0,sell_take2_32,15.0,26463.0,25.0,passive_inside_buy,,,
none,round1-day-2,-2,11600,2,2,flat_19,10006,10017,11,10011.5,10009.235294117647,11.5,rich,-0.4117647058823529,-2.264705882353155,sell_pressure,1.5,True,shock,1,passive_one_sided_sell,one_sided_mm,0,0,0,0,9,0,9,0,sell_take1_16,take1,26463.0,sell_take2_32,0.0,26443.0,20.0,passive_inside_sell,,,
none,round1-day-2,-2,12400,2,2,flat_19,10006,10016,10,10011.0,10007.176470588236,11.0,rich,-0.7647058823529411,-3.823529411763957,sell_pressure,3.0,True,shock,1,passive_one_sided_sell,one_sided_mm,0,0,0,0,9,0,9,0,sell_take1_16,take1,26443.0,hold,8.0,26435.0,8.0,passive_inside_sell,,,
none,round1-day-2,-2,13100,2,2,flat_19,10006,10017,11,10011.5,10007.833333333334,11.5,rich,-0.6666666666666666,-3.6666666666660603,sell_pressure,2.5,True,shock,1,passive_one_sided_sell,one_sided_mm,0,0,0,0,9,0,9,0,sell_take1_16,take1,26435.0,sell_take2_32,0.0,26427.0,8.0,passive_inside_sell,,,
none,round1-day-2,-2,21400,2,2,flat_19,9996,10008,12,10002.0,10006.95652173913,2.0,rich,0.8260869565217391,4.956521739130039,buy_pressure,-6.0,True,shock,1,passive_one_sided_buy,one_sided_mm,0,0,0,9,0,9,0,0,hold,hold,26427.0,mm_join_12,0.0,26427.0,0.0,passive_inside_buy,,,
none,round1-day-2,-2,23000,2,2,flat_19,10004,10014,10,10009.0,10006.777777777777,9.0,rich,-0.4444444444444444,-2.2222222222226264,sell_pressure,3.0,True,shock,1,passive_one_sided_sell,one_sided_mm,0,0,0,0,9,0,9,0,sell_take1_16,take1,26427.0,hold,10.0,26417.0,10.0,passive_inside_sell,,,
none,round1-day-2,-2,28400,-2,-2,flat_19,10001,10011,10,10006.0,10002.538461538461,6.0,rich,-0.6923076923076923,-3.4615384615390212,sell_pressure,3.0,True,shock,1,passive_one_sided_sell,one_sided_mm,0,0,0,0,9,0,9,0,hold,hold,-13607.0,mm_join_12,0.0,-13607.0,0.0,passive_inside_sell,,,
none,round1-day-2,-2,28700,-2,-2,flat_19,10000,10011,11,10005.5,10003.142857142857,5.5,rich,-0.42857142857142855,-2.357142857143117,sell_pressure,-5.5,True,shock,1,passive_one_sided_sell,one_sided_mm,0,0,0,0,9,0,9,0,hold,hold,-13607.0,mm_join_12,0.0,-13607.0,0.0,passive_inside_sell,,,
none,round1-day-2,-2,33300,-22,-22,short_20_39,10003,10013,10,10008.0,10004.666666666666,8.0,rich,-0.6666666666666666,-3.3333333333339397,sell_pressure,3.0,True,shock,1,passive_one_sided_sell,one_sided_mm,0,0,0,0,9,0,9,0,sell_take1_16,take1,-213707.0,hold,2.0,-213709.0,2.0,passive_inside_sell,,,
none,round1-day-2,-2,33400,-22,-22,short_20_39,10003,10013,10,10008.0,10004.333333333334,8.0,rich,-0.7333333333333333,-3.6666666666660603,sell_pressure,0.0,True,shock,1,passive_one_sided_sell,one_sided_mm,0,0,0,0,9,0,9,0,sell_take1_16,take1,-213709.0,hold,2.0,-213711.0,2.0,passive_inside_sell,,,
none,round1-day-2,-2,35600,-22,-22,short_20_39,9997,10006,9,10001.5,10003.923076923076,1.5,neutral,0.5384615384615384,2.4230769230762235,buy_pressure,7.5,True,shock,2,passive_two_sided,mm_inside,0,0,0,12,12,12,0,0,hold,hold,-213711.0,mm_join_12,0.0,-213711.0,0.0,,,,
none,round1-day-2,-2,37400,-32,-32,short_20_39,10002,10013,11,10007.5,10004.75,7.5,rich,-0.5,-2.75,sell_pressure,3.5,True,shock,1,passive_one_sided_sell,one_sided_mm,0,0,0,0,9,0,9,0,hold,hold,-313771.0,mm_join_12,0.0,-313771.0,0.0,passive_inside_sell,,,
none,round1-day-2,-2,38300,-32,-32,short_20_39,9996,10006,10,10001.0,10003.222222222223,1.0,neutral,0.4444444444444444,2.2222222222226264,buy_pressure,-12.0,True,shock,1,passive_one_sided_buy,one_sided_mm,0,0,0,12,0,12,0,0,hold,hold,-313771.0,mm_join_12,0.0,-313771.0,0.0,passive_inside_buy,,,
none,round1-day-2,-2,39600,-32,-32,short_20_39,10002,10013,11,10007.5,10004.75,7.5,rich,-0.5,-2.75,sell_pressure,2.5,True,shock,1,passive_one_sided_sell,one_sided_mm,0,0,0,0,9,0,9,0,hold,hold,-313771.0,mm_join_12,0.0,-313771.0,0.0,passive_inside_sell,,,
none,round1-day-2,-2,40300,-32,-32,short_20_39,10003,10013,10,10008.0,10005.142857142857,8.0,rich,-0.5714285714285714,-2.857142857143117,sell_pressure,2.0,True,shock,1,passive_one_sided_sell,one_sided_mm,0,0,0,0,9,0,9,0,sell_take1_16,take1,-313771.0,hold,5.0,-313776.0,5.0,passive_inside_sell,,,
none,round1-day-2,-2,41100,-26,-26,short_20_39,10002,10012,10,10007.0,10004.222222222223,7.0,rich,-0.5555555555555556,-2.7777777777773736,sell_pressure,7.5,True,shock,1,passive_one_sided_sell,one_sided_mm,0,0,0,0,9,0,9,0,sell_take1_16,take1,-253767.0,hold,6.0,-253773.0,6.0,passive_inside_sell,,,
none,round1-day-2,-2,42000,-29,-29,short_20_39,9996,10006,10,10001.0,10003.333333333334,1.0,neutral,0.4666666666666667,2.3333333333339397,buy_pressure,-3.0,False,steady,1,passive_one_sided_buy,one_sided_mm,0,0,0,12,0,12,0,0,hold,hold,-283779.0,mm_join_12,0.0,-283779.0,0.0,passive_inside_buy,,,
none,round1-day-2,-2,42100,-29,-29,short_20_39,10002,10015,13,10008.5,10004.6,8.5,rich,-0.6,-3.899999999999636,sell_pressure,7.5,True,shock,1,passive_one_sided_sell,one_sided_mm,0,0,0,0,9,0,9,0,sell_take1_16,take1,-283779.0,hold,5.0,-283784.0,5.0,passive_inside_sell,,,
none,round1-day-2,-2,42500,-29,-29,short_20_39,9994,10006,12,10000.0,10003.777777777777,0.0,neutral,0.6296296296296297,3.7777777777773736,buy_pressure,-4.0,True,shock,1,passive_one_sided_buy,one_sided_mm,0,0,0,9,0,9,0,0,hold,hold,-283784.0,mm_join_12,0.0,-283784.0,0.0,passive_inside_buy,,,
none,round1-day-2,-2,45000,-21,-21,short_20_39,9995,10004,9,9999.5,10001.0,-0.5,neutral,0.3333333333333333,1.5,mixed_pressure,-11.5,True,shock,2,passive_two_sided,mm_inside,0,0,0,12,12,12,0,0,hold,hold,-203781.0,mm_join_12,0.0,-203781.0,0.0,,,,
none,round1-day-2,-2,46100,-21,-31,short_20_39,10005,10014,9,10009.5,10007.727272727272,9.5,rich,-0.3939393939393939,-1.7727272727279342,sell_pressure,4.0,True,shock,2,take_sell,take1,0,10,10,0,9,0,9,1,sell_take1_16,take1,-203781.0,sell_take2_32,43.0,-203781.0,0.0,take_b1,,,
none,round1-day-2,-2,46700,-31,-31,short_20_39,9994,10006,12,10000.0,10005.172413793103,0.0,neutral,0.8620689655172413,5.17241379310326,buy_pressure,-5.0,True,shock,1,passive_one_sided_buy,one_sided_mm,0,0,0,9,0,9,0,0,hold,hold,-303831.0,mm_join_12,0.0,-303831.0,0.0,passive_inside_buy,,,
none,round1-day-2,-2,49500,-31,-31,short_20_39,9998,10007,9,10002.5,10005.2,2.5,rich,0.6,2.7000000000007276,buy_pressure,-2.5,False,steady,2,passive_two_sided,mm_inside,0,0,0,12,12,12,0,0,hold,hold,-303831.0,mm_join_12,0.0,-303831.0,0.0,,,,
none,round1-day-2,-2,50500,-34,-34,short_20_39,10005,10018,13,10011.5,10005.92857142857,11.5,rich,-0.8571428571428571,-5.571428571429351,sell_pressure,4.5,True,shock,1,passive_one_sided_sell,one_sided_mm,0,0,0,0,9,0,9,0,sell_take1_16,take1,-333855.0,sell_take2_32,5.0,-333865.0,10.0,passive_inside_sell,,,
none,round1-day-2,-2,51100,-34,-34,short_20_39,10005,10018,13,10011.5,10006.857142857143,11.5,rich,-0.7142857142857143,-4.642857142856883,sell_pressure,4.5,True,shock,1,passive_one_sided_sell,one_sided_mm,0,0,0,0,9,0,9,0,sell_take1_16,take1,-333865.0,sell_take2_32,2.0,-333890.0,25.0,passive_inside_sell,,,
none,round1-day-2,-2,55200,-43,-43,short_40_59,10005,10018,13,10011.5,10006.695652173914,11.5,rich,-0.7391304347826086,-4.804347826086087,sell_pressure,4.5,True,shock,1,passive_one_sided_sell,one_sided_mm,0,0,0,0,6,0,6,0,sell_take1_16,take1,-423971.0,sell_take2_32,14.0,-423987.0,16.0,passive_inside_sell,,,
none,round1-day-2,-2,56500,-43,-43,short_40_59,10002,10013,11,10007.5,10005.142857142857,7.5,rich,-0.42857142857142855,-2.357142857143117,sell_pressure,2.5,True,shock,1,passive_one_sided_sell,one_sided_mm,0,0,0,0,6,0,6,0,sell_take1_16,take1,-423987.0,hold,7.0,-423994.0,7.0,passive_inside_sell,,,
none,round1-day-2,-2,58300,-43,-43,short_40_59,9997,10006,9,10001.5,10003.42857142857,1.5,neutral,0.42857142857142855,1.928571428570649,buy_pressure,4.5,True,shock,2,passive_two_sided,mm_inside,0,0,0,14,9,14,0,0,hold,hold,-423994.0,mm_join_12,0.0,-423994.0,0.0,,,,
none,round1-day-2,-2,58500,-43,-43,short_40_59,9994,10006,12,10000.0,10004.5,0.0,neutral,0.75,4.5,buy_pressure,-5.0,True,shock,1,passive_one_sided_buy,one_sided_mm,0,0,0,11,0,11,0,0,hold,hold,-423994.0,mm_join_12,0.0,-423994.0,0.0,passive_inside_buy,,,
none,round1-day-2,-2,62400,-43,-43,short_40_59,9999,10009,10,10004.0,10001.35294117647,4.0,rich,-0.5294117647058824,-2.6470588235297328,sell_pressure,3.0,False,steady,1,passive_one_sided_sell,one_sided_mm,0,0,0,0,9,0,9,0,hold,hold,-423994.0,mm_join_12,0.0,-423994.0,0.0,passive_inside_sell,,,
none,round1-day-2,-2,63200,-36,-36,short_20_39,9993,10003,10,9998.0,10001.235294117647,-2.0,cheap,0.6470588235294118,3.235294117646845,buy_pressure,4.0,True,shock,1,passive_one_sided_sell,one_sided_mm,0,0,0,0,12,0,0,0,hold,hold,-354001.0,mm_join_12,0.0,-354001.0,0.0,passive_inside_sell,,,
none,round1-day-2,-2,63500,-36,-36,short_20_39,9991,10003,12,9997.0,10001.153846153846,-3.0,cheap,0.6923076923076923,4.153846153845734,buy_pressure,-6.0,True,shock,1,passive_one_sided_buy,one_sided_mm,0,0,0,10,0,10,0,0,hold,hold,-354001.0,mm_join_12,0.0,-354001.0,0.0,passive_inside_buy,,,
none,round1-day-2,-2,64200,-36,-36,short_20_39,9993,10003,10,9998.0,10000.368421052632,-2.0,cheap,0.47368421052631576,2.3684210526316747,buy_pressure,-3.0,False,steady,1,passive_one_sided_sell,one_sided_mm,0,0,0,0,12,0,0,0,hold,hold,-354001.0,mm_join_12,0.0,-354001.0,0.0,passive_inside_sell,,,
none,round1-day-2,-2,65100,-36,-36,short_20_39,9997,10008,11,10002.5,9999.315789473685,2.5,rich,-0.5789473684210527,-3.184210526314928,sell_pressure,2.5,False,steady,1,passive_one_sided_sell,one_sided_mm,0,0,0,0,12,0,12,0,hold,hold,-354001.0,mm_join_12,0.0,-354001.0,0.0,passive_inside_sell,,,
none,round1-day-2,-2,66800,-36,-36,short_20_39,9990,9999,9,9994.5,9997.105263157895,-5.5,cheap,0.5789473684210527,2.605263157895024,buy_pressure,-3.5,True,shock,1,passive_one_sided_buy,one_sided_mm,0,0,0,10,0,10,0,0,buy_take1_16,take1,-354001.0,hold,5.0,-354006.0,5.0,passive_inside_buy,,,
none,round1-day-2,-2,67700,-36,-36,short_20_39,9987,9999,12,9993.0,9998.225806451614,-7.0,cheap,0.8709677419354839,5.225806451613607,buy_pressure,-3.5,True,shock,1,passive_one_sided_buy,one_sided_mm,0,0,0,10,0,10,0,0,buy_take1_16,take1,-354006.0,hold,1.0,-354007.0,1.0,passive_inside_buy,,,
none,round1-day-2,-2,71600,-36,-36,short_20_39,9996,10006,10,10001.0,9997.666666666666,1.0,neutral,-0.6666666666666666,-3.3333333333339397,sell_pressure,3.0,False,steady,1,passive_one_sided_sell,one_sided_mm,0,0,0,0,12,0,12,0,hold,hold,-354007.0,mm_join_12,0.0,-354007.0,0.0,passive_inside_sell,,,
none,round1-day-2,-2,72800,-36,-36,short_20_39,9990,10000,10,9995.0,9996.666666666666,-5.0,cheap,0.3333333333333333,1.6666666666660603,mixed_pressure,-8.5,True,shock,1,passive_one_sided_sell,one_sided_mm,0,0,0,0,9,0,0,0,buy_take1_16,take1,-354009.0,hold,1.0,-354010.0,1.0,passive_inside_sell,,,
none,round1-day-2,-2,74600,-36,-36,short_20_39,9989,10001,12,9995.0,10000.25,-5.0,cheap,0.875,5.25,buy_pressure,-4.0,True,shock,1,passive_one_sided_buy,one_sided_mm,0,0,0,10,0,10,0,0,hold,hold,-354011.0,mm_join_12,0.0,-354011.0,0.0,passive_inside_buy,,,
none,round1-day-2,-2,75300,-36,-36,short_20_39,9991,10001,10,9996.0,9998.692307692309,-4.0,cheap,0.5384615384615384,2.692307692308532,buy_pressure,-3.5,True,shock,1,passive_one_sided_buy,one_sided_mm,0,0,0,10,0,10,0,0,hold,hold,-354011.0,mm_join_12,0.0,-354011.0,0.0,passive_inside_buy,,,
none,round1-day-2,-2,75600,-36,-36,short_20_39,9992,10001,9,9996.5,9999.615384615385,-3.5,cheap,0.6923076923076923,3.1153846153847553,buy_pressure,-3.5,True,shock,1,passive_one_sided_buy,one_sided_mm,0,0,0,10,0,10,0,0,hold,hold,-354011.0,mm_join_12,0.0,-354011.0,0.0,passive_inside_buy,,,
none,round1-day-2,-2,77700,-53,-59,short_40_59,10003,10012,9,10007.5,10004.8,7.5,rich,-0.6,-2.7000000000007276,sell_pressure,7.5,True,shock,3,take_sell,take1,0,6,6,11,6,0,6,1,sell_take1_16,take1,-524062.0,hold,24.0,-524062.0,0.0,take_b1,,,
none,round1-day-2,-2,85500,-76,-76,short_60_plus,9996,10006,10,10001.0,9998.5,1.0,neutral,-0.5,-2.5,sell_pressure,3.0,False,steady,1,passive_one_sided_sell,one_sided_mm,0,0,0,0,4,0,4,0,hold,hold,-754115.0,mm_join_12,0.0,-754115.0,0.0,passive_inside_sell,,,
none,round1-day-2,-2,86900,-70,-70,short_60_plus,10001,10010,9,10005.5,10002.666666666666,5.5,rich,-0.6296296296296297,-2.8333333333339397,sell_pressure,6.5,True,shock,1,passive_one_sided_sell,one_sided_mm,0,0,0,0,6,0,6,0,sell_take1_16,take1,-694133.0,hold,10.0,-694143.0,10.0,passive_inside_sell,,,
none,round1-day-2,-2,87800,-70,-70,short_60_plus,9996,10006,10,10001.0,9998.631578947368,1.0,neutral,-0.47368421052631576,-2.3684210526316747,sell_pressure,4.0,True,shock,1,passive_one_sided_sell,one_sided_mm,0,0,0,0,6,0,6,0,hold,hold,-694143.0,mm_join_12,0.0,-694143.0,0.0,passive_inside_sell,,,
none,round1-day-2,-2,93200,-61,-61,short_60_plus,9994,10007,13,10000.5,9995.625,0.5,neutral,-0.75,-4.875,sell_pressure,5.5,True,shock,1,passive_one_sided_sell,one_sided_mm,0,0,0,0,6,0,6,0,hold,hold,-604215.0,mm_join_12,0.0,-604215.0,0.0,passive_inside_sell,,,
none,round1-day-2,-2,95600,-61,-59,short_60_plus,9989,9999,10,9994.0,9997.823529411764,-6.0,cheap,0.7647058823529411,3.823529411763957,buy_pressure,-12.0,True,shock,2,clear_buy,take1,2,0,2,12,0,12,0,1,hold,hold,-604215.0,mm_join_12,0.0,-604215.0,0.0,take_a1,,,
none,round1-day-2,-2,95900,-59,-54,short_40_59,9989,9999,10,9994.0,9995.666666666666,-6.0,cheap,0.3333333333333333,1.6666666666660603,mixed_pressure,-3.0,True,shock,2,clear_buy,take1,5,0,5,0,6,0,0,1,hold,hold,-584217.0,mm_join_12,0.0,-584219.0,2.0,take_a1,,,
none,round1-day-2,-2,96000,-54,-54,short_40_59,9995,10006,11,10000.5,9996.833333333334,0.5,neutral,-0.6666666666666666,-3.6666666666660603,sell_pressure,6.5,True,shock,1,passive_one_sided_sell,one_sided_mm,0,0,0,0,6,0,6,0,hold,hold,-534224.0,mm_join_12,0.0,-534224.0,0.0,passive_inside_sell,,,
none,round1-day-2,-2,97600,-51,-48,short_40_59,9987,9999,12,9993.0,9997.90909090909,-7.0,cheap,0.8181818181818182,4.909090909090082,buy_pressure,-4.0,True,shock,2,clear_buy,take1,3,0,3,12,0,12,0,1,hold,hold,-504242.0,mm_join_12,0.0,-504245.0,3.0,take_a1,,,
none,round1-day-2,-2,97900,-48,-48,short_40_59,9995,10006,11,10000.5,9996.833333333334,0.5,neutral,-0.6666666666666666,-3.6666666666660603,sell_pressure,2.0,False,steady,2,passive_two_sided,mm_inside,0,0,0,14,9,14,9,0,hold,hold,-474248.0,mm_join_12,0.0,-474248.0,0.0,,,,
none,round1-day-2,-2,100100,-48,-48,short_40_59,9993,10003,10,9998.0,9994.875,-2.0,cheap,-0.625,-3.125,sell_pressure,3.0,False,steady,1,passive_one_sided_sell,one_sided_mm,0,0,0,0,9,0,9,0,hold,hold,-474248.0,mm_join_12,0.0,-474248.0,0.0,passive_inside_sell,,,
none,round1-day-2,-2,100600,-44,-44,short_40_59,9991,10002,11,9996.5,9992.692307692309,-3.5,cheap,-0.6923076923076923,-3.807692307691468,sell_pressure,2.0,False,steady,1,passive_one_sided_sell,one_sided_mm,0,0,0,0,9,0,9,0,hold,hold,-434280.0,mm_join_12,0.0,-434280.0,0.0,passive_inside_sell,,,
none,round1-day-2,-2,102400,-44,-44,short_40_59,9990,10001,11,9995.5,9992.894736842105,-4.5,cheap,-0.47368421052631576,-2.605263157895024,sell_pressure,10.5,True,shock,1,passive_one_sided_sell,one_sided_mm,0,0,0,0,6,0,0,0,hold,hold,-434280.0,mm_join_12,0.0,-434280.0,0.0,passive_inside_sell,,,
none,round1-day-2,-2,102700,-44,-44,short_40_59,9991,10004,13,9997.5,9993.5,-2.5,cheap,-0.6153846153846154,-4.0,sell_pressure,4.5,True,shock,1,passive_one_sided_sell,one_sided_mm,0,0,0,0,6,0,6,0,hold,hold,-434280.0,mm_join_12,0.0,-434280.0,0.0,passive_inside_sell,,,
none,round1-day-2,-2,103400,-35,-35,short_20_39,9987,9996,9,9991.5,9993.923076923076,-8.5,cheap,0.5384615384615384,2.4230769230762235,buy_pressure,2.5,True,shock,1,passive_one_sided_buy,one_sided_mm,0,0,0,10,0,10,0,0,buy_take1_16,take1,-344352.0,hold,6.0,-344358.0,6.0,passive_inside_buy,,,
none,round1-day-2,-2,105300,-35,-35,short_20_39,9995,10005,10,10000.0,9997.666666666666,0.0,neutral,-0.4666666666666667,-2.3333333333339397,sell_pressure,4.0,True,shock,1,passive_one_sided_sell,one_sided_mm,0,0,0,0,9,0,9,0,hold,hold,-344358.0,mm_join_12,0.0,-344358.0,0.0,passive_inside_sell,,,
none,round1-day-2,-2,106200,-35,-35,short_20_39,9990,9999,9,9994.5,9996.5,-5.5,cheap,0.4444444444444444,2.0,buy_pressure,-2.0,False,steady,1,passive_one_sided_buy,one_sided_mm,0,0,0,13,0,13,0,0,hold,hold,-344365.0,mm_join_12,0.0,-344365.0,0.0,passive_inside_buy,,,
none,round1-day-2,-2,108800,-29,-29,short_20_39,9990,10000,10,9995.0,9998.125,-5.0,cheap,0.625,3.125,buy_pressure,-2.0,False,steady,1,passive_one_sided_buy,one_sided_mm,0,0,0,13,0,13,0,0,hold,hold,-284395.0,mm_join_12,0.0,-284395.0,0.0,passive_inside_buy,,,
none,round1-day-2,-2,111500,-29,-29,short_20_39,9997,10007,10,10002.0,9998.176470588236,2.0,rich,-0.7647058823529411,-3.823529411763957,sell_pressure,3.0,False,steady,0,hold,hold,0,0,0,0,0,0,0,0,hold,hold,-284395.0,mm_join_12,0.0,-284395.0,0.0,,,,
none,round1-day-2,-2,112900,-24,-24,short_20_39,10000,10011,11,10005.5,10001.375,5.5,rich,-0.75,-4.125,sell_pressure,2.5,False,steady,1,passive_one_sided_sell,one_sided_mm,0,0,0,0,12,0,12,0,sell_take1_16,take1,-234405.0,hold,4.0,-234409.0,4.0,passive_inside_sell,,,
none,round1-day-2,-2,113400,-24,-24,short_20_39,9994,10004,10,9999.0,10001.368421052632,-1.0,neutral,0.47368421052631576,2.3684210526316747,buy_pressure,-5.0,True,shock,1,passive_one_sided_buy,one_sided_mm,0,0,0,9,0,9,0,0,hold,hold,-234409.0,mm_join_12,0.0,-234409.0,0.0,passive_inside_buy,,,
none,round1-day-2,-2,114000,-24,-24,short_20_39,10000,10013,13,10006.5,10001.733333333334,6.5,rich,-0.7333333333333333,-4.766666666666424,sell_pressure,12.5,True,shock,1,passive_one_sided_sell,one_sided_mm,0,0,0,0,9,0,9,0,sell_take1_16,take1,-234409.0,hold,8.0,-234417.0,8.0,passive_inside_sell,,,
none,round1-day-2,-2,115500,-24,-24,short_20_39,9999,10009,10,10004.0,10000.666666666666,4.0,rich,-0.6666666666666666,-3.3333333333339397,sell_pressure,2.0,False,steady,1,passive_one_sided_sell,one_sided_mm,0,0,0,0,12,0,12,0,sell_take1_16,take1,-234417.0,hold,2.0,-234419.0,2.0,passive_inside_sell,,,
none,round1-day-2,-2,117600,-24,-24,short_20_39,9999,10010,11,10004.5,10000.941176470587,4.5,rich,-0.6470588235294118,-3.5588235294126207,sell_pressure,3.5,True,shock,1,passive_one_sided_sell,one_sided_mm,0,0,0,0,9,0,9,0,sell_take1_16,take1,-234419.0,hold,3.0,-234422.0,3.0,passive_inside_sell,,,
none,round1-day-2,-2,117900,-24,-28,short_20_39,10004,10013,9,10008.5,10005.5,8.5,rich,-0.6666666666666666,-3.0,sell_pressure,14.5,True,shock,2,take_sell,take1,0,4,4,0,9,0,9,1,sell_take1_16,take1,-234422.0,hold,24.0,-234422.0,0.0,take_b1,,,
none,round1-day-2,-2,119500,-28,-28,short_20_39,9993,10003,10,9998.0,9999.666666666666,-2.0,cheap,0.3333333333333333,1.6666666666660603,mixed_pressure,-3.0,False,steady,1,passive_one_sided_sell,one_sided_mm,0,0,0,0,12,0,0,0,hold,hold,-274438.0,mm_join_12,0.0,-274438.0,0.0,passive_inside_sell,,,
none,round1-day-2,-2,119900,-28,-28,short_20_39,9994,10003,9,9998.5,10000.75,-1.5,neutral,0.5,2.25,buy_pressure,-3.5,True,shock,2,passive_two_sided,mm_inside,0,0,0,9,9,9,0,0,hold,hold,-274438.0,mm_join_12,0.0,-274438.0,0.0,,,,
none,round1-day-2,-2,123300,-28,-28,short_20_39,9991,10003,12,9997.0,10002.2,-3.0,cheap,0.8666666666666667,5.200000000000728,buy_pressure,-4.5,True,shock,1,passive_one_sided_buy,one_sided_mm,0,0,0,10,0,10,0,0,hold,hold,-274438.0,mm_join_12,0.0,-274438.0,0.0,passive_inside_buy,,,
none,round1-day-2,-2,128800,-28,-28,short_20_39,9989,9998,9,9993.5,9996.5,-6.5,cheap,0.6666666666666666,3.0,buy_pressure,-3.5,True,shock,1,passive_one_sided_buy,one_sided_mm,0,0,0,10,0,10,0,0,hold,hold,-274438.0,mm_join_12,0.0,-274438.0,0.0,passive_inside_buy,,,
none,round1-day-2,-2,129400,-28,-28,short_20_39,9993,10003,10,9998.0,9994.333333333334,-2.0,cheap,-0.7333333333333333,-3.6666666666660603,sell_pressure,10.0,True,shock,1,passive_one_sided_sell,one_sided_mm,0,0,0,0,12,0,12,0,hold,hold,-274438.0,mm_join_12,0.0,-274438.0,0.0,passive_inside_sell,,,
none,round1-day-2,-2,131600,-28,-28,short_20_39,9995,10006,11,10000.5,9997.538461538461,0.5,neutral,-0.5384615384615384,-2.9615384615390212,sell_pressure,2.5,False,steady,1,passive_one_sided_sell,one_sided_mm,0,0,0,0,12,0,12,0,hold,hold,-274438.0,mm_join_12,0.0,-274438.0,0.0,passive_inside_sell,,,
none,round1-day-2,-2,131700,-28,-28,short_20_39,9990,9999,9,9994.5,9997.875,-5.5,cheap,0.75,3.375,buy_pressure,-6.0,True,shock,1,passive_one_sided_buy,one_sided_mm,0,0,0,10,0,10,0,0,hold,hold,-274438.0,mm_join_12,0.0,-274438.0,0.0,passive_inside_buy,,,
none,round1-day-2,-2,139700,-27,-27,short_20_39,9997,10007,10,10002.0,9999.666666666666,2.0,rich,-0.4666666666666667,-2.3333333333339397,sell_pressure,8.0,True,shock,0,hold,hold,0,0,0,0,0,0,0,0,hold,hold,-264466.0,mm_join_12,0.0,-264466.0,0.0,,,,
none,round1-day-2,-2,140300,-27,-27,short_20_39,9993,10002,9,9997.5,10000.0,-2.5,cheap,0.5555555555555556,2.5,buy_pressure,-2.5,False,steady,1,passive_one_sided_buy,one_sided_mm,0,0,0,13,0,13,0,0,hold,hold,-264466.0,mm_join_12,0.0,-264466.0,0.0,passive_inside_buy,,,
none,round1-day-2,-2,141000,-17,-17,flat_19,9999,10009,10,10004.0,10000.538461538461,4.0,rich,-0.6923076923076923,-3.4615384615390212,sell_pressure,8.0,True,shock,1,passive_one_sided_sell,one_sided_mm,0,0,0,0,9,0,9,0,sell_take1_16,take1,-164488.0,hold,4.0,-164492.0,4.0,passive_inside_sell,,,
none,round1-day-2,-2,142000,-21,-21,short_20_39,9999,10009,10,10004.0,10001.35294117647,4.0,rich,-0.5294117647058824,-2.6470588235297328,sell_pressure,2.0,False,steady,1,passive_one_sided_sell,one_sided_mm,0,0,0,0,12,0,12,0,sell_take1_16,take1,-204504.0,hold,8.0,-204512.0,8.0,passive_inside_sell,,,
none,round1-day-2,-2,142500,-21,-21,short_20_39,9998,10008,10,10003.0,10000.857142857143,3.0,rich,-0.42857142857142855,-2.142857142856883,sell_pressure,3.0,False,steady,1,passive_one_sided_sell,one_sided_mm,0,0,0,0,12,0,12,0,sell_take1_16,take1,-204512.0,hold,4.0,-204516.0,4.0,passive_inside_sell,,,
none,round1-day-2,-2,142700,-21,-21,short_20_39,9990,10002,12,9996.0,10000.125,-4.0,cheap,0.6875,4.125,buy_pressure,-4.0,True,shock,1,passive_one_sided_buy,one_sided_mm,0,0,0,10,0,10,0,0,hold,hold,-204516.0,mm_join_12,0.0,-204516.0,0.0,passive_inside_buy,,,
none,round1-day-2,-2,143900,-21,-21,short_20_39,9994,10003,9,9998.5,10001.07142857143,-1.5,neutral,0.5714285714285714,2.571428571429351,buy_pressure,-11.5,True,shock,2,passive_two_sided,mm_inside,0,0,0,12,12,12,0,0,hold,hold,-204516.0,mm_join_12,0.0,-204516.0,0.0,,,,
none,round1-day-2,-2,147000,-21,-21,short_20_39,9998,10009,11,10003.5,9999.833333333334,3.5,rich,-0.6666666666666666,-3.6666666666660603,sell_pressure,3.5,True,shock,1,passive_one_sided_sell,one_sided_mm,0,0,0,0,9,0,9,0,sell_take1_16,take1,-204516.0,hold,2.0,-204518.0,2.0,passive_inside_sell,,,
none,round1-day-2,-2,147400,-21,-21,short_20_39,9998,10008,10,10003.0,9999.764705882353,3.0,rich,-0.6470588235294118,-3.235294117646845,sell_pressure,4.0,True,shock,1,passive_one_sided_sell,one_sided_mm,0,0,0,0,9,0,9,0,sell_take1_16,take1,-204518.0,sell_take2_32,0.0,-204521.0,3.0,passive_inside_sell,,,
none,round1-day-2,-2,148900,-21,-21,short_20_39,9991,10000,9,9995.5,9998.615384615385,-4.5,cheap,0.6923076923076923,3.1153846153847553,buy_pressure,-3.5,True,shock,1,passive_one_sided_buy,one_sided_mm,0,0,0,10,0,10,0,0,hold,hold,-204521.0,mm_join_12,0.0,-204521.0,0.0,passive_inside_buy,,,
none,round1-day-2,-2,152600,-21,-21,short_20_39,9992,10002,10,9997.0,9999.368421052632,-3.0,cheap,0.47368421052631576,2.3684210526316747,buy_pressure,-4.0,True,shock,1,passive_one_sided_buy,one_sided_mm,0,0,0,10,0,10,0,0,hold,hold,-204521.0,mm_join_12,0.0,-204521.0,0.0,passive_inside_buy,,,
none,round1-day-2,-2,154900,-21,-21,short_20_39,9992,10001,9,9996.5,9998.1875,-3.5,cheap,0.375,1.6875,buy_pressure,-2.5,False,steady,1,passive_one_sided_buy,one_sided_mm,0,0,0,13,0,13,0,0,hold,hold,-204521.0,mm_join_12,0.0,-204521.0,0.0,passive_inside_buy,,,
none,round1-day-2,-2,155300,-21,-21,short_20_39,9991,10000,9,9995.5,9998.2,-4.5,cheap,0.6,2.7000000000007276,buy_pressure,-3.5,True,shock,1,passive_one_sided_buy,one_sided_mm,0,0,0,10,0,10,0,0,hold,hold,-204521.0,mm_join_12,0.0,-204521.0,0.0,passive_inside_buy,,,
none,round1-day-2,-2,156500,-21,-21,short_20_39,9995,10008,13,10001.5,9996.529411764706,1.5,neutral,-0.7647058823529411,-4.97058823529369,sell_pressure,3.0,False,steady,1,passive_one_sided_sell,one_sided_mm,0,0,0,0,12,0,12,0,hold,hold,-204521.0,mm_join_12,0.0,-204521.0,0.0,passive_inside_sell,,,
none,round1-day-2,-2,156600,-21,-21,short_20_39,9989,9999,10,9994.0,9997.333333333334,-6.0,cheap,0.6666666666666666,3.3333333333339397,buy_pressure,-7.5,True,shock,1,passive_one_sided_buy,one_sided_mm,0,0,0,10,0,10,0,0,hold,hold,-204521.0,mm_join_12,0.0,-204521.0,0.0,passive_inside_buy,,,
none,round1-day-2,-2,160500,-21,-21,short_20_39,9988,9997,9,9992.5,9994.923076923076,-7.5,cheap,0.5384615384615384,2.4230769230762235,buy_pressure,-11.5,True,shock,1,passive_one_sided_buy,one_sided_mm,0,0,0,10,0,10,0,0,hold,hold,-204521.0,mm_join_12,0.0,-204521.0,0.0,passive_inside_buy,,,
none,round1-day-2,-2,160900,-21,-21,short_20_39,9994,10007,13,10000.5,9996.09677419355,0.5,neutral,-0.6774193548387096,-4.403225806450791,sell_pressure,3.5,True,shock,1,passive_one_sided_sell,one_sided_mm,0,0,0,0,9,0,9,0,hold,hold,-204521.0,mm_join_12,0.0,-204521.0,0.0,passive_inside_sell,,,
none,round1-day-2,-2,164900,-21,-21,short_20_39,9990,9999,9,9994.5,9996.923076923076,-5.5,cheap,0.5384615384615384,2.4230769230762235,buy_pressure,-3.5,True,shock,1,passive_one_sided_buy,one_sided_mm,0,0,0,10,0,10,0,0,hold,hold,-204521.0,mm_join_12,0.0,-204521.0,0.0,passive_inside_buy,,,
none,round1-day-2,-2,168400,-21,-21,short_20_39,9997,10007,10,10002.0,9998.333333333334,2.0,rich,-0.7333333333333333,-3.6666666666660603,sell_pressure,3.0,False,steady,1,passive_one_sided_buy,one_sided_mm,0,0,0,12,0,0,0,0,hold,hold,-204521.0,mm_join_12,0.0,-204521.0,0.0,passive_inside_buy,,,
none,round1-day-2,-2,168600,-21,-21,short_20_39,9996,10007,11,10001.5,9998.315789473685,1.5,neutral,-0.5789473684210527,-3.184210526314928,sell_pressure,2.5,False,steady,2,passive_two_sided,mm_inside,0,0,0,12,12,0,12,0,hold,hold,-204521.0,mm_join_12,0.0,-204521.0,0.0,,,,
none,round1-day-2,-2,168700,-21,-21,short_20_39,9996,10009,13,10002.5,9997.911764705883,2.5,rich,-0.7058823529411765,-4.588235294117112,sell_pressure,1.0,False,steady,1,passive_one_sided_sell,one_sided_mm,0,0,0,0,12,0,12,0,hold,hold,-204521.0,mm_join_12,0.0,-204521.0,0.0,passive_inside_sell,,,
none,round1-day-2,-2,171200,-21,-21,short_20_39,9992,10001,9,9996.5,9999.714285714286,-3.5,cheap,0.7142857142857143,3.214285714286234,buy_pressure,-3.5,True,shock,1,passive_one_sided_buy,one_sided_mm,0,0,0,10,0,10,0,0,hold,hold,-204539.0,mm_join_12,0.0,-204539.0,0.0,passive_inside_buy,,,
none,round1-day-2,-2,171900,-29,-29,short_20_39,9992,10002,10,9997.0,10000.0,-3.0,cheap,0.6,3.0,buy_pressure,-4.0,True,shock,1,passive_one_sided_buy,one_sided_mm,0,0,0,10,0,10,0,0,hold,hold,-284547.0,mm_join_12,0.0,-284547.0,0.0,passive_inside_buy,,,
none,round1-day-2,-2,172100,-29,-29,short_20_39,9991,10001,10,9996.0,9997.666666666666,-4.0,cheap,0.3333333333333333,1.6666666666660603,mixed_pressure,-4.0,True,shock,1,passive_one_sided_sell,one_sided_mm,0,0,0,0,9,0,0,0,hold,hold,-284547.0,mm_join_12,0.0,-284547.0,0.0,passive_inside_sell,,,
none,round1-day-2,-2,172500,-29,-29,short_20_39,9997,10007,10,10002.0,9998.42857142857,2.0,rich,-0.7142857142857143,-3.571428571429351,sell_pressure,2.0,False,steady,1,passive_one_sided_buy,one_sided_mm,0,0,0,12,0,12,0,0,hold,hold,-284547.0,mm_join_12,0.0,-284547.0,0.0,passive_inside_buy,,,
none,round1-day-2,-2,172800,-29,-29,short_20_39,9991,10000,9,9995.5,9998.0,-4.5,cheap,0.5555555555555556,2.5,buy_pressure,-2.5,False,steady,1,passive_one_sided_buy,one_sided_mm,0,0,0,13,0,13,0,0,hold,hold,-284547.0,mm_join_12,0.0,-284547.0,0.0,passive_inside_buy,,,
none,round1-day-2,-2,173400,-29,-29,short_20_39,9991,10001,10,9996.0,9998.333333333334,-4.0,cheap,0.4666666666666667,2.3333333333339397,buy_pressure,-3.0,False,steady,1,passive_one_sided_buy,one_sided_mm,0,0,0,13,0,13,0,0,hold,hold,-284547.0,mm_join_12,0.0,-284547.0,0.0,passive_inside_buy,,,
none,round1-day-2,-2,173500,-29,-29,short_20_39,10001,10010,9,10005.5,10003.90322580645,5.5,rich,-0.3548387096774194,-1.5967741935492086,sell_pressure,9.5,True,shock,1,passive_one_sided_sell,one_sided_mm,0,0,0,0,9,0,9,0,sell_take1_16,take1,-284547.0,hold,40.0,-284587.0,40.0,passive_inside_sell,,,
none,round1-day-2,-2,175000,-29,-29,short_20_39,9998,10008,10,10003.0,10000.631578947368,3.0,rich,-0.47368421052631576,-2.3684210526316747,sell_pressure,3.0,False,steady,1,passive_one_sided_sell,one_sided_mm,0,0,0,0,12,0,12,0,sell_take1_16,take1,-284587.0,hold,5.0,-284592.0,5.0,passive_inside_sell,,,
none,round1-day-2,-2,175800,-21,-21,short_20_39,9993,10003,10,9998.0,10000.5,-2.0,cheap,0.5,2.5,buy_pressure,-13.0,True,shock,1,passive_one_sided_sell,one_sided_mm,0,0,0,0,12,0,0,0,hold,hold,-204617.0,mm_join_12,0.0,-204617.0,0.0,passive_inside_sell,,,
none,round1-day-2,-2,176300,-21,-21,short_20_39,9992,10002,10,9997.0,9999.058823529413,-3.0,cheap,0.4117647058823529,2.0588235294126207,buy_pressure,-4.0,True,shock,1,passive_one_sided_buy,one_sided_mm,0,0,0,10,0,10,0,0,hold,hold,-204617.0,mm_join_12,0.0,-204617.0,0.0,passive_inside_buy,,,
none,round1-day-2,-2,176800,-21,-21,short_20_39,9997,10007,10,10002.0,9999.631578947368,2.0,rich,-0.47368421052631576,-2.3684210526316747,sell_pressure,3.0,False,steady,0,hold,hold,0,0,0,0,0,0,0,0,sell_take1_16,take1,-204617.0,hold,3.0,-204620.0,3.0,,,,
none,round1-day-2,-2,180000,-21,-21,short_20_39,9993,10002,9,9997.5,9999.0,-2.5,cheap,0.3333333333333333,1.5,mixed_pressure,-3.5,True,shock,1,passive_one_sided_sell,one_sided_mm,0,0,0,0,9,0,0,0,hold,hold,-204620.0,mm_join_12,0.0,-204620.0,0.0,passive_inside_sell,,,
none,round1-day-2,-2,181700,-21,-21,short_20_39,9992,10001,9,9996.5,9999.411764705883,-3.5,cheap,0.6470588235294118,2.911764705882888,buy_pressure,-2.5,False,steady,1,passive_one_sided_buy,one_sided_mm,0,0,0,13,0,13,0,0,hold,hold,-204620.0,mm_join_12,0.0,-204620.0,0.0,passive_inside_buy,,,
none,round1-day-2,-2,181800,-21,-21,short_20_39,9998,10008,10,10003.0,9999.666666666666,3.0,rich,-0.6666666666666666,-3.3333333333339397,sell_pressure,6.5,True,shock,1,passive_one_sided_sell,one_sided_mm,0,0,0,0,9,0,9,0,sell_take1_16,take1,-204620.0,hold,4.0,-204624.0,4.0,passive_inside_sell,,,
none,round1-day-2,-2,186900,-21,-21,short_20_39,9997,10008,11,10002.5,9998.375,2.5,rich,-0.75,-4.125,sell_pressure,2.5,False,steady,1,passive_one_sided_sell,one_sided_mm,0,0,0,0,12,0,12,0,sell_take1_16,take1,-204659.0,hold,2.0,-204661.0,2.0,passive_inside_sell,,,
none,round1-day-2,-2,187300,-21,-21,short_20_39,9998,10008,10,10003.0,10000.941176470587,3.0,rich,-0.4117647058823529,-2.0588235294126207,sell_pressure,3.0,False,steady,1,passive_one_sided_sell,one_sided_mm,0,0,0,0,12,0,12,0,sell_take1_16,take1,-204661.0,hold,10.0,-204671.0,10.0,passive_inside_sell,,,
none,round1-day-2,-2,191800,-21,-21,short_20_39,9996,10007,11,10001.5,9997.941176470587,1.5,neutral,-0.6470588235294118,-3.5588235294126207,sell_pressure,1.5,False,steady,2,passive_two_sided,mm_inside,0,0,0,12,12,0,12,0,hold,hold,-204671.0,mm_join_12,0.0,-204671.0,0.0,,,,
none,round1-day-2,-2,193100,-12,-12,flat_19,9995,10008,13,10001.5,9997.03125,1.5,neutral,-0.6875,-4.46875,sell_pressure,3.5,True,shock,2,passive_two_sided,mm_inside,0,0,0,9,9,9,9,0,hold,hold,-114707.0,mm_join_12,0.0,-114707.0,0.0,,,,
none,round1-day-2,-2,193800,-12,-12,flat_19,9995,10006,11,10000.5,9997.357142857143,0.5,neutral,-0.5714285714285714,-3.142857142856883,sell_pressure,10.5,True,shock,2,passive_two_sided,mm_inside,0,0,0,12,12,12,12,0,hold,hold,-114707.0,mm_join_12,0.0,-114707.0,0.0,,,,
none,round1-day-2,-2,196100,-12,-12,flat_19,9993,10004,11,9998.5,9995.538461538461,-1.5,neutral,-0.5384615384615384,-2.9615384615390212,sell_pressure,2.5,False,steady,1,passive_one_sided_sell,one_sided_mm,0,0,0,0,12,0,12,0,hold,hold,-114723.0,mm_join_12,0.0,-114723.0,0.0,passive_inside_sell,,,
none,round1-day-2,-2,197200,-12,-12,flat_19,9986,9996,10,9991.0,9994.57142857143,-9.0,cheap,0.7142857142857143,3.571428571429351,buy_pressure,-4.0,True,shock,1,passive_one_sided_buy,one_sided_mm,0,0,0,10,0,10,0,0,hold,hold,-114723.0,mm_join_12,0.0,-114723.0,0.0,passive_inside_buy,,,
none,round1-day-2,-2,197700,-12,-12,flat_19,9986,9996,10,9991.0,9994.666666666666,-9.0,cheap,0.7333333333333333,3.6666666666660603,buy_pressure,-3.0,True,shock,1,passive_one_sided_buy,one_sided_mm,0,0,0,10,0,10,0,0,hold,hold,-114723.0,mm_join_12,0.0,-114723.0,0.0,passive_inside_buy,,,
none,round1-day-2,-2,198600,-12,-12,flat_19,9986,9995,9,9990.5,9992.882352941177,-9.5,cheap,0.5294117647058824,2.3823529411765776,buy_pressure,-3.5,True,shock,1,passive_one_sided_buy,one_sided_mm,0,0,0,10,0,10,0,0,buy_take1_16,take1,-114723.0,hold,4.0,-114727.0,4.0,passive_inside_buy,,,
none,round1-day-2,-2,203500,-1,-1,flat_19,9986,9996,10,9991.0,9994.125,-9.0,cheap,0.625,3.125,buy_pressure,-4.0,True,shock,1,passive_one_sided_buy,one_sided_mm,0,0,0,10,0,10,0,0,hold,hold,-4817.0,mm_join_12,0.0,-4817.0,0.0,passive_inside_buy,,,
none,round1-day-2,-2,207900,-1,-1,flat_19,9987,9996,9,9991.5,9994.8,-8.5,cheap,0.7333333333333333,3.2999999999992724,buy_pressure,-3.5,True,shock,1,passive_one_sided_buy,one_sided_mm,0,0,0,10,0,10,0,0,hold,hold,-4817.0,mm_join_12,0.0,-4817.0,0.0,passive_inside_buy,,,
none,round1-day-2,-2,209000,-1,-1,flat_19,9993,10006,13,9999.5,9994.695652173914,-0.5,neutral,-0.7391304347826086,-4.804347826086087,sell_pressure,2.5,False,steady,1,passive_one_sided_sell,one_sided_mm,0,0,0,0,12,0,12,0,hold,hold,-4817.0,mm_join_12,0.0,-4817.0,0.0,passive_inside_sell,,,
none,round1-day-2,-2,210400,-1,-1,flat_19,9988,9997,9,9992.5,9995.875,-7.5,cheap,0.75,3.375,buy_pressure,-4.5,True,shock,1,passive_one_sided_buy,one_sided_mm,0,0,0,10,0,10,0,0,hold,hold,-4817.0,mm_join_12,0.0,-4817.0,0.0,passive_inside_buy,,,
none,round1-day-2,-2,210700,-1,-1,flat_19,9987,9997,10,9992.0,9995.823529411764,-8.0,cheap,0.7647058823529411,3.823529411763957,buy_pressure,-3.0,True,shock,1,passive_one_sided_buy,one_sided_mm,0,0,0,10,0,10,0,0,hold,hold,-4817.0,mm_join_12,0.0,-4817.0,0.0,passive_inside_buy,,,
none,round1-day-2,-2,211300,-1,-1,flat_19,9986,9996,10,9991.0,9994.823529411764,-9.0,cheap,0.7647058823529411,3.823529411763957,buy_pressure,-5.0,True,shock,1,passive_one_sided_buy,one_sided_mm,0,0,0,10,0,10,0,0,hold,hold,-4817.0,mm_join_12,0.0,-4817.0,0.0,passive_inside_buy,,,
none,round1-day-2,-2,218400,3,3,flat_19,9996,10006,10,10001.0,9998.857142857143,1.0,neutral,-0.42857142857142855,-2.142857142856883,sell_pressure,3.0,False,steady,1,passive_one_sided_sell,one_sided_mm,0,0,0,0,12,0,12,0,hold,hold,35163.0,mm_join_12,0.0,35163.0,0.0,passive_inside_sell,,,
none,round1-day-2,-2,220600,-1,-1,flat_19,9996,10007,11,10001.5,9999.142857142857,1.5,neutral,-0.42857142857142855,-2.357142857143117,sell_pressure,0.5,False,steady,2,passive_two_sided,mm_inside,0,0,0,12,12,12,12,0,hold,hold,-4837.0,mm_join_12,0.0,-4837.0,0.0,,,,
none,round1-day-2,-2,221200,-8,-8,flat_19,9992,10001,9,9996.5,9999.105263157895,-3.5,cheap,0.5789473684210527,2.605263157895024,buy_pressure,-11.5,True,shock,1,passive_one_sided_buy,one_sided_mm,0,0,0,10,0,10,0,0,hold,hold,-74851.0,mm_join_12,0.0,-74851.0,0.0,passive_inside_buy,,,
none,round1-day-2,-2,221400,-8,-8,flat_19,9992,10001,9,9996.5,9998.42857142857,-3.5,cheap,0.42857142857142855,1.928571428570649,buy_pressure,-3.5,True,shock,1,passive_one_sided_buy,one_sided_mm,0,0,0,10,0,10,0,0,hold,hold,-74851.0,mm_join_12,0.0,-74851.0,0.0,passive_inside_buy,,,
none,round1-day-2,-2,224300,-4,-4,flat_19,9998,10009,11,10003.5,10000.2,3.5,rich,-0.6,-3.2999999999992724,sell_pressure,2.5,False,steady,1,passive_one_sided_sell,one_sided_mm,0,0,0,0,12,0,12,0,sell_take1_16,take1,-34907.0,hold,6.0,-34913.0,6.0,passive_inside_sell,,,
none,round1-day-2,-2,225100,-4,-4,flat_19,9997,10007,10,10002.0,9998.25,2.0,rich,-0.75,-3.75,sell_pressure,3.0,False,steady,1,passive_one_sided_buy,one_sided_mm,0,0,0,12,0,0,0,0,sell_take1_16,take1,-34913.0,hold,2.0,-34915.0,2.0,passive_inside_buy,,,
none,round1-day-2,-2,226800,0,0,flat_19,9995,10008,13,10001.5,9995.962962962964,1.5,neutral,-0.8518518518518519,-5.537037037036498,sell_pressure,3.5,True,shock,2,passive_two_sided,mm_inside,0,0,0,9,9,0,9,0,hold,hold,5029.0,mm_join_12,0.0,5029.0,0.0,,,,
none,round1-day-2,-2,226900,0,0,flat_19,9987,9999,12,9993.0,9998.111111111111,-7.0,cheap,0.8518518518518519,5.111111111111313,buy_pressure,-8.5,True,shock,1,passive_one_sided_buy,one_sided_mm,0,0,0,10,0,10,0,0,hold,hold,5029.0,mm_join_12,0.0,5029.0,0.0,passive_inside_buy,,,
none,round1-day-2,-2,228100,0,0,flat_19,9991,10001,10,9996.0,9999.0,-4.0,cheap,0.6,3.0,buy_pressure,-4.0,True,shock,1,passive_one_sided_buy,one_sided_mm,0,0,0,10,0,10,0,0,hold,hold,5029.0,mm_join_12,0.0,5029.0,0.0,passive_inside_buy,,,
none,round1-day-2,-2,228400,7,7,flat_19,9996,10007,11,10001.5,9997.466666666667,1.5,neutral,-0.7333333333333333,-4.033333333332848,sell_pressure,5.5,True,shock,2,passive_two_sided,mm_inside,0,0,0,12,12,0,12,0,hold,hold,75001.0,mm_join_12,0.0,75001.0,0.0,,,,
none,round1-day-2,-2,229100,7,7,flat_19,9997,10008,11,10002.5,9999.75,2.5,rich,-0.5,-2.75,sell_pressure,2.5,False,steady,1,passive_one_sided_sell,one_sided_mm,0,0,0,0,12,0,12,0,sell_take1_16,take1,75001.0,hold,5.0,74996.0,5.0,passive_inside_sell,,,
none,round1-day-2,-2,230100,7,7,flat_19,9997,10007,10,10002.0,10000.333333333334,2.0,rich,-0.3333333333333333,-1.6666666666660603,mixed_pressure,2.0,False,steady,1,passive_one_sided_buy,one_sided_mm,0,0,0,12,0,0,0,0,sell_take1_16,take1,74996.0,hold,5.0,74991.0,5.0,passive_inside_buy,,,
none,round1-day-2,-2,230300,7,7,flat_19,9997,10010,13,10003.5,9998.857142857143,3.5,rich,-0.7142857142857143,-4.642857142856883,sell_pressure,4.5,True,shock,1,passive_one_sided_sell,one_sided_mm,0,0,0,0,9,0,9,0,sell_take1_16,take1,74991.0,hold,4.0,74987.0,4.0,passive_inside_sell,,,
none,round1-day-2,-2,230700,7,7,flat_19,9997,10007,10,10002.0,10000.125,2.0,rich,-0.375,-1.875,sell_pressure,3.0,False,steady,0,hold,hold,0,0,0,0,0,0,0,0,sell_take1_16,take1,74987.0,hold,5.0,74982.0,5.0,,,,
none,round1-day-2,-2,231600,7,7,flat_19,9990,10000,10,9995.0,9997.777777777777,-5.0,cheap,0.5555555555555556,2.7777777777773736,buy_pressure,-11.0,True,shock,1,passive_one_sided_buy,one_sided_mm,0,0,0,10,0,10,0,0,hold,hold,74954.0,mm_join_12,0.0,74954.0,0.0,passive_inside_buy,,,
none,round1-day-2,-2,232100,7,7,flat_19,9990,10000,10,9995.0,9997.894736842105,-5.0,cheap,0.5789473684210527,2.894736842104976,buy_pressure,-3.0,False,steady,1,passive_one_sided_buy,one_sided_mm,0,0,0,13,0,13,0,0,hold,hold,74954.0,mm_join_12,0.0,74954.0,0.0,passive_inside_buy,,,
none,round1-day-2,-2,232600,7,7,flat_19,9991,10000,9,9995.5,9997.75,-4.5,cheap,0.5,2.25,buy_pressure,-3.5,True,shock,1,passive_one_sided_buy,one_sided_mm,0,0,0,10,0,10,0,0,hold,hold,74954.0,mm_join_12,0.0,74954.0,0.0,passive_inside_buy,,,
none,round1-day-2,-2,233900,7,7,flat_19,9988,9998,10,9993.0,9996.823529411764,-7.0,cheap,0.7647058823529411,3.823529411763957,buy_pressure,-4.0,True,shock,1,passive_one_sided_buy,one_sided_mm,0,0,0,10,0,10,0,0,hold,hold,74954.0,mm_join_12,0.0,74954.0,0.0,passive_inside_buy,,,
none,round1-day-2,-2,238200,7,7,flat_19,9989,9999,10,9994.0,9997.461538461539,-6.0,cheap,0.6923076923076923,3.4615384615390212,buy_pressure,-4.0,True,shock,1,passive_one_sided_buy,one_sided_mm,0,0,0,10,0,10,0,0,hold,hold,74944.0,mm_join_12,0.0,74944.0,0.0,passive_inside_buy,,,
none,round1-day-2,-2,239900,11,11,flat_19,9999,10008,9,10003.5,10001.076923076924,3.5,rich,-0.5384615384615384,-2.4230769230762235,sell_pressure,5.5,True,shock,1,passive_one_sided_sell,one_sided_mm,0,0,0,0,9,0,9,0,sell_take1_16,take1,114924.0,hold,29.0,114895.0,29.0,passive_inside_sell,,,
none,round1-day-2,-2,242200,11,11,flat_19,9995,10005,10,10000.0,9997.35294117647,0.0,neutral,-0.5294117647058824,-2.6470588235297328,sell_pressure,2.0,False,steady,1,passive_one_sided_sell,one_sided_mm,0,0,0,0,12,0,12,0,hold,hold,114895.0,mm_join_12,0.0,114895.0,0.0,passive_inside_sell,,,
none,round1-day-2,-2,242800,21,21,long_20_39,9994,10007,13,10000.5,9995.3,0.5,neutral,-0.8,-5.200000000000728,sell_pressure,5.0,True,shock,1,passive_one_sided_sell,one_sided_mm,0,0,0,0,9,0,9,0,hold,hold,214845.0,mm_join_12,0.0,214845.0,0.0,passive_inside_sell,,,
none,round1-day-2,-2,245300,21,21,long_20_39,9996,10009,13,10002.5,9997.083333333334,2.5,rich,-0.8333333333333334,-5.41666666666606,sell_pressure,4.5,True,shock,1,passive_one_sided_sell,one_sided_mm,0,0,0,0,9,0,9,0,sell_take1_16,take1,214845.0,hold,2.0,214843.0,2.0,passive_inside_sell,,,
none,round1-day-2,-2,246600,14,14,flat_19,9991,10000,9,9995.5,9997.631578947368,-4.5,cheap,0.47368421052631576,2.1315789473683253,buy_pressure,-8.0,True,shock,1,passive_one_sided_buy,one_sided_mm,0,0,0,10,0,10,0,0,hold,hold,144843.0,mm_join_12,0.0,144843.0,0.0,passive_inside_buy,,,
none,round1-day-2,-2,247200,14,14,flat_19,9991,10000,9,9995.5,9998.714285714286,-4.5,cheap,0.7142857142857143,3.214285714286234,buy_pressure,-3.5,True,shock,1,passive_one_sided_buy,one_sided_mm,0,0,0,10,0,10,0,0,hold,hold,144843.0,mm_join_12,0.0,144843.0,0.0,passive_inside_buy,,,
none,round1-day-2,-2,247700,14,14,flat_19,9992,10001,9,9996.5,9999.5,-3.5,cheap,0.6666666666666666,3.0,buy_pressure,-4.0,True,shock,1,passive_one_sided_buy,one_sided_mm,0,0,0,10,0,10,0,0,hold,hold,144843.0,mm_join_12,0.0,144843.0,0.0,passive_inside_buy,,,
none,round1-day-2,-2,248700,14,14,flat_19,9990,10000,10,9995.0,9998.125,-5.0,cheap,0.625,3.125,buy_pressure,-3.0,False,steady,1,passive_one_sided_buy,one_sided_mm,0,0,0,13,0,13,0,0,hold,hold,144843.0,mm_join_12,0.0,144843.0,0.0,passive_inside_buy,,,
none,round1-day-2,-2,249200,14,14,flat_19,10000,10009,9,10004.5,10001.363636363636,4.5,rich,-0.696969696969697,-3.136363636363967,sell_pressure,7.5,True,shock,1,passive_one_sided_sell,one_sided_mm,0,0,0,0,9,0,9,0,sell_take1_16,take1,144843.0,hold,25.0,144818.0,25.0,passive_inside_sell,,,
none,round1-day-2,-2,250800,14,14,flat_19,9991,10001,10,9996.0,9999.75,-4.0,cheap,0.75,3.75,buy_pressure,-3.0,False,steady,1,passive_one_sided_buy,one_sided_mm,0,0,0,13,0,13,0,0,hold,hold,144818.0,mm_join_12,0.0,144818.0,0.0,passive_inside_buy,,,
none,round1-day-2,-2,251200,14,14,flat_19,9997,10008,11,10002.5,9998.375,2.5,rich,-0.75,-4.125,sell_pressure,3.5,True,shock,1,passive_one_sided_sell,one_sided_mm,0,0,0,0,9,0,9,0,sell_take1_16,take1,144818.0,hold,4.0,144814.0,4.0,passive_inside_sell,,,
none,round1-day-2,-2,254400,12,12,flat_19,9995,10006,11,10000.5,9996.833333333334,0.5,neutral,-0.6666666666666666,-3.6666666666660603,sell_pressure,-5.5,True,shock,2,passive_two_sided,mm_inside,0,0,0,12,12,0,12,0,hold,hold,124814.0,mm_join_12,0.0,124814.0,0.0,,,,
none,round1-day-2,-2,258000,12,12,flat_19,9994,10004,10,9999.0,9995.333333333334,-1.0,neutral,-0.7333333333333333,-3.6666666666660603,sell_pressure,2.0,False,steady,1,passive_one_sided_sell,one_sided_mm,0,0,0,0,12,0,12,0,hold,hold,124814.0,mm_join_12,0.0,124814.0,0.0,passive_inside_sell,,,
none,round1-day-2,-2,259900,18,18,flat_19,9987,9997,10,9992.0,9994.777777777777,-8.0,cheap,0.5555555555555556,2.7777777777773736,buy_pressure,-3.0,True,shock,1,passive_one_sided_buy,one_sided_mm,0,0,0,10,0,10,0,0,hold,hold,184772.0,mm_join_12,0.0,184772.0,0.0,passive_inside_buy,,,
none,round1-day-2,-2,263700,18,18,flat_19,9986,9995,9,9990.5,9993.105263157895,-9.5,cheap,0.5789473684210527,2.605263157895024,buy_pressure,-5.0,True,shock,1,passive_one_sided_buy,one_sided_mm,0,0,0,10,0,10,0,0,hold,hold,184772.0,mm_join_12,0.0,184772.0,0.0,passive_inside_buy,,,
none,round1-day-2,-2,264000,18,18,flat_19,9991,10002,11,9996.5,9994.055555555555,-3.5,cheap,-0.4444444444444444,-2.444444444445253,sell_pressure,3.5,True,shock,1,passive_one_sided_sell,one_sided_mm,0,0,0,0,9,0,9,0,hold,hold,184772.0,mm_join_12,0.0,184772.0,0.0,passive_inside_sell,,,
none,round1-day-2,-2,264700,18,18,flat_19,9991,10001,10,9996.0,9993.0,-4.0,cheap,-0.6,-3.0,sell_pressure,4.0,True,shock,1,passive_one_sided_sell,one_sided_mm,0,0,0,0,9,0,9,0,hold,hold,184772.0,mm_join_12,0.0,184772.0,0.0,passive_inside_sell,,,
none,round1-day-2,-2,265500,18,18,flat_19,9990,10001,11,9995.5,9992.75,-4.5,cheap,-0.5,-2.75,sell_pressure,4.0,True,shock,1,passive_one_sided_sell,one_sided_mm,0,0,0,0,9,0,9,0,hold,hold,184772.0,mm_join_12,0.0,184772.0,0.0,passive_inside_sell,,,
none,round1-day-2,-2,265800,18,18,flat_19,9983,9995,12,9989.0,9992.857142857143,-11.0,cheap,0.6428571428571429,3.857142857143117,buy_pressure,-5.0,True,shock,1,passive_one_sided_buy,one_sided_mm,0,0,0,10,0,10,0,0,hold,hold,184772.0,mm_join_12,0.0,184772.0,0.0,passive_inside_buy,,,
none,round1-day-2,-2,266100,18,18,flat_19,9994,10003,9,9998.5,9996.076923076924,-1.5,neutral,-0.5384615384615384,-2.4230769230762235,sell_pressure,5.5,True,shock,1,passive_one_sided_sell,one_sided_mm,0,0,0,0,9,0,9,0,hold,hold,184772.0,mm_join_12,0.0,184772.0,0.0,passive_inside_sell,,,
none,round1-day-2,-2,267400,28,28,long_20_39,9990,10003,13,9996.5,9992.32142857143,-3.5,cheap,-0.6428571428571429,-4.178571428570649,sell_pressure,-4.5,True,shock,1,passive_one_sided_sell,one_sided_mm,0,0,0,0,9,0,9,0,hold,hold,284682.0,mm_join_12,0.0,284682.0,0.0,passive_inside_sell,,,
none,round1-day-2,-2,269200,38,38,long_20_39,9991,10001,10,9996.0,9993.941176470587,-4.0,cheap,-0.4117647058823529,-2.0588235294126207,sell_pressure,3.0,False,steady,1,passive_one_sided_sell,one_sided_mm,0,0,0,0,12,0,12,0,hold,hold,384592.0,mm_join_12,0.0,384592.0,0.0,passive_inside_sell,,,
none,round1-day-2,-2,270900,38,38,long_20_39,9992,10002,10,9997.0,9993.176470588236,-3.0,cheap,-0.7647058823529411,-3.823529411763957,sell_pressure,3.5,True,shock,1,passive_one_sided_sell,one_sided_mm,0,0,0,0,9,0,9,0,hold,hold,384592.0,mm_join_12,0.0,384592.0,0.0,passive_inside_sell,,,
none,round1-day-2,-2,273600,43,43,long_40_59,9986,9996,10,9991.0,9992.666666666666,-9.0,cheap,0.3333333333333333,1.6666666666660603,mixed_pressure,-4.0,True,shock,1,passive_one_sided_sell,one_sided_mm,0,0,0,0,11,0,0,0,hold,hold,434540.0,mm_join_12,0.0,434540.0,0.0,passive_inside_sell,,,
none,round1-day-2,-2,274100,43,43,long_40_59,9986,9996,10,9991.0,9994.823529411764,-9.0,cheap,0.7647058823529411,3.823529411763957,buy_pressure,-3.0,True,shock,1,passive_one_sided_buy,one_sided_mm,0,0,0,7,0,7,0,0,hold,hold,434540.0,mm_join_12,0.0,434540.0,0.0,passive_inside_buy,,,
none,round1-day-2,-2,276200,43,43,long_40_59,9993,10003,10,9998.0,9995.631578947368,-2.0,cheap,-0.47368421052631576,-2.3684210526316747,sell_pressure,3.0,False,steady,1,passive_one_sided_sell,one_sided_mm,0,0,0,0,14,0,14,0,hold,hold,434540.0,mm_join_12,0.0,434540.0,0.0,passive_inside_sell,,,
none,round1-day-2,-2,278700,43,43,long_40_59,9983,9992,9,9987.5,9990.5,-12.5,cheap,0.6666666666666666,3.0,buy_pressure,-3.5,True,shock,1,passive_one_sided_buy,one_sided_mm,0,0,0,7,0,7,0,0,buy_take1_16,take1,434540.0,hold,9.0,434531.0,9.0,passive_inside_buy,,,
none,round1-day-2,-2,282100,43,43,long_40_59,9985,9995,10,9990.0,9993.823529411764,-10.0,cheap,0.7647058823529411,3.823529411763957,buy_pressure,-8.0,True,shock,1,passive_one_sided_buy,one_sided_mm,0,0,0,7,0,7,0,0,hold,hold,434531.0,mm_join_12,0.0,434531.0,0.0,passive_inside_buy,,,
none,round1-day-2,-2,283300,43,43,long_40_59,9987,9996,9,9991.5,9993.42857142857,-8.5,cheap,0.42857142857142855,1.928571428570649,buy_pressure,-3.5,True,shock,1,passive_one_sided_buy,one_sided_mm,0,0,0,7,0,7,0,0,hold,hold,434531.0,mm_join_12,0.0,434531.0,0.0,passive_inside_buy,,,
none,round1-day-2,-2,289500,43,43,long_40_59,9991,10002,11,9996.5,9992.375,-3.5,cheap,-0.75,-4.125,sell_pressure,2.5,False,steady,1,passive_one_sided_sell,one_sided_mm,0,0,0,0,14,0,14,0,hold,hold,434531.0,mm_join_12,0.0,434531.0,0.0,passive_inside_sell,,,
none,round1-day-2,-2,290200,43,43,long_40_59,9982,9994,12,9988.0,9991.6,-12.0,cheap,0.6,3.600000000000364,buy_pressure,3.0,True,shock,1,passive_one_sided_buy,one_sided_mm,0,0,0,7,0,7,0,0,buy_take1_16,take1,434528.0,hold,5.0,434523.0,5.0,passive_inside_buy,,,
none,round1-day-2,-2,291700,43,43,long_40_59,9991,10002,11,9996.5,9993.75,-3.5,cheap,-0.5,-2.75,sell_pressure,2.5,False,steady,1,passive_one_sided_sell,one_sided_mm,0,0,0,0,14,0,14,0,hold,hold,434523.0,mm_join_12,0.0,434523.0,0.0,passive_inside_sell,,,
none,round1-day-2,-2,294700,50,50,long_40_59,9997,10006,9,10001.5,9999.076923076924,1.5,neutral,-0.5384615384615384,-2.4230769230762235,sell_pressure,6.5,True,shock,2,passive_two_sided,mm_inside,0,0,0,6,11,0,11,0,sell_take1_16,take1,504467.0,hold,9.0,504458.0,9.0,,,,
none,round1-day-2,-2,295200,50,50,long_40_59,9992,10002,10,9997.0,9993.333333333334,-3.0,cheap,-0.7333333333333333,-3.6666666666660603,sell_pressure,2.0,False,steady,2,passive_two_sided,mm_inside,0,0,0,9,14,0,14,0,hold,hold,504458.0,mm_join_12,0.0,504458.0,0.0,,,,
none,round1-day-2,-2,295400,50,50,long_40_59,9991,10001,10,9996.0,9992.42857142857,-4.0,cheap,-0.7142857142857143,-3.571428571429351,sell_pressure,1.0,False,steady,2,passive_two_sided,mm_inside,0,0,0,9,14,0,14,0,hold,hold,504458.0,mm_join_12,0.0,504458.0,0.0,,,,
none,round1-day-2,-2,295500,50,50,long_40_59,9991,10001,10,9996.0,9992.666666666666,-4.0,cheap,-0.6666666666666666,-3.3333333333339397,sell_pressure,0.0,False,steady,2,passive_two_sided,mm_inside,0,0,0,9,14,0,14,0,hold,hold,504458.0,mm_join_12,0.0,504458.0,0.0,,,,
none,round1-day-2,-2,296200,50,50,long_40_59,9992,10003,11,9997.5,9994.588235294117,-2.5,cheap,-0.5294117647058824,-2.911764705882888,sell_pressure,3.5,True,shock,2,passive_two_sided,mm_inside,0,0,0,6,11,0,11,0,hold,hold,504458.0,mm_join_12,0.0,504458.0,0.0,,,,
none,round1-day-2,-2,296500,50,50,long_40_59,9992,10005,13,9998.5,9993.969696969696,-1.5,neutral,-0.696969696969697,-4.530303030303912,sell_pressure,11.5,True,shock,2,passive_two_sided,mm_inside,0,0,0,9,14,9,14,0,hold,hold,504458.0,mm_join_12,0.0,504458.0,0.0,,,,
none,round1-day-2,-2,297000,50,50,long_40_59,9992,10003,11,9997.5,9995.142857142857,-2.5,cheap,-0.42857142857142855,-2.357142857143117,sell_pressure,2.5,False,steady,2,passive_two_sided,mm_inside,0,0,0,9,14,0,14,0,hold,hold,504458.0,mm_join_12,0.0,504458.0,0.0,,,,
none,round1-day-2,-2,298100,50,50,long_40_59,9986,9996,10,9991.0,9993.222222222223,-9.0,cheap,0.4444444444444444,2.2222222222226264,buy_pressure,-2.5,True,shock,2,passive_two_sided,mm_inside,0,0,0,6,11,6,0,0,hold,hold,504458.0,mm_join_12,0.0,504458.0,0.0,,,,
none,round1-day-2,-2,303900,69,69,long_60_plus,9993,10002,9,9997.5,9994.551724137931,-2.5,cheap,-0.6551724137931034,-2.94827586206884,sell_pressure,5.0,True,shock,2,passive_two_sided,mm_inside,0,0,0,6,11,0,11,0,hold,hold,694341.0,mm_join_12,0.0,694341.0,0.0,,,,
none,round1-day-2,-2,310600,76,76,long_60_plus,9988,9999,11,9993.5,9990.2,-6.5,cheap,-0.6,-3.2999999999992724,sell_pressure,3.5,True,shock,2,passive_two_sided,mm_inside,0,0,0,4,11,0,11,0,hold,hold,764264.0,mm_join_12,0.0,764264.0,0.0,,,,
none,round1-day-2,-2,310800,76,76,long_60_plus,9988,9998,10,9993.0,9990.941176470587,-7.0,cheap,-0.4117647058823529,-2.0588235294126207,sell_pressure,2.0,True,shock,2,passive_two_sided,mm_inside,0,0,0,4,11,0,11,0,hold,hold,764264.0,mm_join_12,0.0,764264.0,0.0,,,,
none,round1-day-2,-2,310900,76,76,long_60_plus,9980,9992,12,9986.0,9990.344827586207,-14.0,cheap,0.7241379310344828,4.34482758620652,buy_pressure,-7.0,True,shock,1,passive_one_sided_buy,one_sided_mm,0,0,0,4,0,4,0,0,buy_take1_16,take1,764264.0,hold,4.0,764260.0,4.0,passive_inside_buy,,,
none,round1-day-2,-2,312800,80,80,long_60_plus,9987,9998,11,9992.5,9989.538461538461,-7.5,cheap,-0.5384615384615384,-2.9615384615390212,sell_pressure,-4.5,True,shock,1,passive_one_sided_sell,one_sided_mm,0,0,0,0,11,0,11,0,hold,hold,804232.0,mm_join_12,0.0,804232.0,0.0,passive_inside_sell,,,
none,round1-day-2,-2,313500,80,80,long_60_plus,9989,9999,10,9994.0,9992.125,-6.0,cheap,-0.375,-1.875,sell_pressure,3.0,True,shock,1,passive_one_sided_sell,one_sided_mm,0,0,0,0,11,0,11,0,hold,hold,804232.0,mm_join_12,0.0,804232.0,0.0,passive_inside_sell,,,
none,round1-day-2,-2,314600,80,80,long_60_plus,9984,9993,9,9988.5,9991.714285714286,-11.5,cheap,0.7142857142857143,3.214285714286234,buy_pressure,-3.5,True,shock,0,hold,hold,0,0,0,0,0,0,0,0,hold,hold,804232.0,mm_join_12,0.0,804232.0,0.0,,,,
none,round1-day-2,-2,318200,80,80,long_60_plus,9991,10001,10,9996.0,9993.222222222223,-4.0,cheap,-0.5555555555555556,-2.7777777777773736,sell_pressure,3.0,False,steady,1,passive_one_sided_sell,one_sided_mm,0,0,0,0,14,0,14,0,hold,hold,804232.0,mm_join_12,0.0,804232.0,0.0,passive_inside_sell,,,
none,round1-day-2,-2,320400,80,80,long_60_plus,9986,9995,9,9990.5,9993.8,-9.5,cheap,0.7333333333333333,3.2999999999992724,buy_pressure,4.5,True,shock,1,passive_one_sided_sell,one_sided_mm,0,0,0,0,11,0,0,0,hold,hold,804232.0,mm_join_12,0.0,804232.0,0.0,passive_inside_sell,,,
none,round1-day-2,-2,326600,80,80,long_60_plus,9991,10001,10,9996.0,9992.333333333334,-4.0,cheap,-0.7333333333333333,-3.6666666666660603,sell_pressure,2.5,False,steady,1,passive_one_sided_sell,one_sided_mm,0,0,0,0,14,0,14,0,hold,hold,804191.0,mm_join_12,0.0,804191.0,0.0,passive_inside_sell,,,
none,round1-day-2,-2,328700,80,80,long_60_plus,9992,10003,11,9997.5,9995.666666666666,-2.5,cheap,-0.3333333333333333,-1.8333333333339397,mixed_pressure,3.5,True,shock,1,passive_one_sided_sell,one_sided_mm,0,0,0,0,11,0,11,0,sell_take1_16,take1,804191.0,sell_take2_32,0.0,804151.0,40.0,passive_inside_sell,,,
none,round1-day-2,-2,329800,73,73,long_60_plus,9986,9995,9,9990.5,9992.5,-9.5,cheap,0.4444444444444444,2.0,buy_pressure,-3.5,True,shock,2,passive_two_sided,mm_inside,0,0,0,6,11,6,0,0,hold,hold,734172.0,mm_join_12,0.0,734172.0,0.0,,,,
none,round1-day-2,-2,336800,80,80,long_60_plus,9981,9993,12,9987.0,9992.04,-13.0,cheap,0.84,5.040000000000873,buy_pressure,-4.0,True,shock,1,passive_one_sided_sell,one_sided_mm,0,0,0,0,11,0,0,0,hold,hold,804112.0,mm_join_12,0.0,804112.0,0.0,passive_inside_sell,1,9,1.0
none,round1-day-2,-2,337400,80,80,long_60_plus,9981,9993,12,9987.0,9991.181818181818,-13.0,cheap,0.696969696969697,4.1818181818180165,buy_pressure,-4.0,True,shock,0,hold,hold,0,0,0,0,0,0,0,0,hold,hold,804112.0,mm_join_12,0.0,804112.0,0.0,,,,
none,round1-day-2,-2,342400,80,80,long_60_plus,9981,9990,9,9985.5,9988.714285714286,-14.5,cheap,0.7142857142857143,3.214285714286234,buy_pressure,-2.5,True,shock,0,hold,hold,0,0,0,0,0,0,0,0,hold,hold,804112.0,mm_join_12,0.0,804112.0,0.0,,,,
none,round1-day-2,-2,346300,80,80,long_60_plus,9982,9992,10,9987.0,9990.235294117647,-13.0,cheap,0.6470588235294118,3.235294117646845,buy_pressure,-3.0,True,shock,0,hold,hold,0,0,0,0,0,0,0,0,hold,hold,804112.0,mm_join_12,0.0,804112.0,0.0,,,,
none,round1-day-2,-2,347200,80,80,long_60_plus,9988,9998,10,9993.0,9990.105263157895,-7.0,cheap,-0.5789473684210527,-2.894736842104976,sell_pressure,3.0,True,shock,1,passive_one_sided_sell,one_sided_mm,0,0,0,0,11,0,11,0,hold,hold,804112.0,mm_join_12,0.0,804112.0,0.0,passive_inside_sell,,,
none,round1-day-2,-2,349400,80,80,long_60_plus,9982,9992,10,9987.0,9990.666666666666,-13.0,cheap,0.7333333333333333,3.6666666666660603,buy_pressure,-4.5,True,shock,1,passive_one_sided_sell,one_sided_mm,0,0,0,0,11,0,0,0,hold,hold,804112.0,mm_join_12,0.0,804112.0,0.0,passive_inside_sell,,,
none,round1-day-2,-2,350500,80,80,long_60_plus,9989,10000,11,9994.5,9992.142857142857,-5.5,cheap,-0.42857142857142855,-2.357142857143117,sell_pressure,2.5,False,steady,1,passive_one_sided_sell,one_sided_mm,0,0,0,0,14,0,14,0,hold,hold,804112.0,mm_join_12,0.0,804112.0,0.0,passive_inside_sell,,,
none,round1-day-2,-2,352500,80,80,long_60_plus,9993,10004,11,9998.5,9996.142857142857,-1.5,neutral,-0.42857142857142855,-2.357142857143117,sell_pressure,2.5,False,steady,1,passive_one_sided_sell,one_sided_mm,0,0,0,0,14,0,14,0,hold,hold,804112.0,mm_join_12,0.0,804112.0,0.0,passive_inside_sell,,,
none,round1-day-2,-2,354900,80,80,long_60_plus,9996,10005,9,10000.5,9997.90909090909,0.5,neutral,-0.5757575757575758,-2.5909090909099177,sell_pressure,7.0,True,shock,1,passive_one_sided_sell,one_sided_mm,0,0,0,0,11,0,11,0,hold,hold,804112.0,mm_join_12,0.0,804112.0,0.0,passive_inside_sell,,,
none,round1-day-2,-2,355500,80,80,long_60_plus,9987,9996,9,9991.5,9994.5,-8.5,cheap,0.6666666666666666,3.0,buy_pressure,4.5,True,shock,1,passive_one_sided_sell,one_sided_mm,0,0,0,0,11,0,0,0,hold,hold,804112.0,mm_join_12,0.0,804112.0,0.0,passive_inside_sell,,,
none,round1-day-2,-2,358300,80,80,long_60_plus,9994,10004,10,9999.0,9997.125,-1.0,neutral,-0.375,-1.875,sell_pressure,-5.0,True,shock,1,passive_one_sided_sell,one_sided_mm,0,0,0,0,14,0,14,0,hold,hold,804112.0,mm_join_12,0.0,804112.0,0.0,passive_inside_sell,,,
none,round1-day-2,-2,359900,80,80,long_60_plus,9994,10005,11,9999.5,9996.444444444445,-0.5,neutral,-0.5555555555555556,-3.055555555554747,sell_pressure,2.5,False,steady,1,passive_one_sided_sell,one_sided_mm,0,0,0,0,14,0,14,0,hold,hold,804112.0,mm_join_12,0.0,804112.0,0.0,passive_inside_sell,,,
none,round1-day-2,-2,360400,80,80,long_60_plus,9995,10008,13,10001.5,9996.56,1.5,neutral,-0.76,-4.940000000000509,sell_pressure,4.5,True,shock,1,passive_one_sided_sell,one_sided_mm,0,0,0,0,11,0,11,0,hold,hold,804112.0,mm_join_12,0.0,804112.0,0.0,passive_inside_sell,,,
none,round1-day-2,-2,361000,80,80,long_60_plus,9995,10006,11,10000.5,9997.315789473685,0.5,neutral,-0.5789473684210527,-3.184210526314928,sell_pressure,2.5,False,steady,1,passive_one_sided_sell,one_sided_mm,0,0,0,0,14,0,14,0,hold,hold,804112.0,mm_join_12,0.0,804112.0,0.0,passive_inside_sell,,,
none,round1-day-2,-2,361900,80,80,long_60_plus,9995,10005,10,10000.0,9997.222222222223,0.0,neutral,-0.5555555555555556,-2.7777777777773736,sell_pressure,3.0,False,steady,1,passive_one_sided_sell,one_sided_mm,0,0,0,0,14,0,14,0,hold,hold,804112.0,mm_join_12,0.0,804112.0,0.0,passive_inside_sell,,,
none,round1-day-2,-2,362500,80,80,long_60_plus,9989,9999,10,9994.0,9996.857142857143,-6.0,cheap,0.5714285714285714,2.857142857143117,buy_pressure,-3.5,True,shock,1,passive_one_sided_sell,one_sided_mm,0,0,0,0,11,0,0,0,hold,hold,804112.0,mm_join_12,0.0,804112.0,0.0,passive_inside_sell,,,
none,round1-day-2,-2,364000,80,80,long_60_plus,9994,10007,13,10000.5,9994.866666666667,0.5,neutral,-0.8666666666666667,-5.633333333333212,sell_pressure,4.5,True,shock,1,passive_one_sided_sell,one_sided_mm,0,0,0,0,11,0,11,0,hold,hold,804112.0,mm_join_12,0.0,804112.0,0.0,passive_inside_sell,,,
none,round1-day-2,-2,365000,80,80,long_60_plus,9989,9998,9,9993.5,9996.615384615385,-6.5,cheap,0.6923076923076923,3.1153846153847553,buy_pressure,-3.5,True,shock,1,passive_one_sided_sell,one_sided_mm,0,0,0,0,11,0,0,0,hold,hold,804112.0,mm_join_12,0.0,804112.0,0.0,passive_inside_sell,,,
none,round1-day-2,-2,365300,80,80,long_60_plus,9986,9998,12,9992.0,9995.931034482759,-8.0,cheap,0.6551724137931034,3.9310344827590598,buy_pressure,-4.0,True,shock,0,hold,hold,0,0,0,0,0,0,0,0,hold,hold,804112.0,mm_join_12,0.0,804112.0,0.0,,,,
none,round1-day-2,-2,370300,72,72,long_60_plus,9998,10009,11,10003.5,10000.538461538461,3.5,rich,-0.5384615384615384,-2.9615384615390212,sell_pressure,2.5,False,steady,1,passive_one_sided_sell,one_sided_mm,0,0,0,0,14,0,14,0,hold,hold,724096.0,mm_join_12,0.0,724096.0,0.0,passive_inside_sell,,,
none,round1-day-2,-2,372400,80,80,long_60_plus,9992,10002,10,9997.0,10000.333333333334,-3.0,cheap,0.6666666666666666,3.3333333333339397,buy_pressure,-5.0,True,shock,0,hold,hold,0,0,0,0,0,0,0,0,hold,hold,804080.0,mm_join_12,0.0,804080.0,0.0,,,,
none,round1-day-2,-2,377000,80,80,long_60_plus,9990,10002,12,9996.0,10000.5,-4.0,cheap,0.75,4.5,buy_pressure,-4.0,True,shock,0,hold,hold,0,0,0,0,0,0,0,0,hold,hold,804080.0,mm_join_12,0.0,804080.0,0.0,,,,
none,round1-day-2,-2,380600,80,80,long_60_plus,9999,10012,13,10005.5,10000.258064516129,5.5,rich,-0.8064516129032258,-5.2419354838712025,sell_pressure,5.5,True,shock,1,passive_one_sided_sell,one_sided_mm,0,0,0,0,11,0,11,0,hold,hold,804080.0,mm_join_12,0.0,804080.0,0.0,passive_inside_sell,,,
none,round1-day-2,-2,382300,80,80,long_60_plus,9996,10006,10,10001.0,10003.368421052632,1.0,neutral,0.47368421052631576,2.3684210526316747,buy_pressure,-2.0,False,steady,0,hold,hold,0,0,0,0,0,0,0,0,hold,hold,804080.0,mm_join_12,0.0,804080.0,0.0,,,,
none,round1-day-2,-2,384700,80,80,long_60_plus,9995,10004,9,9999.5,10002.411764705883,-0.5,neutral,0.6470588235294118,2.911764705882888,buy_pressure,-4.5,True,shock,0,hold,hold,0,0,0,0,0,0,0,0,hold,hold,804080.0,mm_join_12,0.0,804080.0,0.0,,,,
none,round1-day-2,-2,385000,70,70,long_60_plus,9995,10005,10,10000.0,10004.333333333334,0.0,neutral,0.8666666666666667,4.33333333333394,buy_pressure,-11.0,True,shock,1,passive_one_sided_buy,one_sided_mm,0,0,0,9,0,9,0,0,hold,hold,704052.0,mm_join_12,0.0,704052.0,0.0,passive_inside_buy,,,
none,round1-day-2,-2,386000,70,68,long_60_plus,10000,10010,10,10005.0,10001.25,5.0,rich,-0.75,-3.75,sell_pressure,3.0,False,steady,2,clear_sell,take1,0,2,2,0,14,0,14,1,hold,hold,704052.0,mm_join_12,0.0,704050.0,2.0,take_b1,,,
none,round1-day-2,-2,392900,61,61,long_60_plus,10000,10013,13,10006.5,10001.04,6.5,rich,-0.84,-5.459999999999127,sell_pressure,3.5,True,shock,1,passive_one_sided_sell,one_sided_mm,0,0,0,0,11,0,11,0,hold,hold,614010.0,mm_join_12,0.0,614010.0,0.0,passive_inside_sell,,,
none,round1-day-2,-2,394200,54,54,long_40_59,10002,10013,11,10007.5,10004.357142857143,7.5,rich,-0.5714285714285714,-3.142857142856883,sell_pressure,3.5,True,shock,1,passive_one_sided_sell,one_sided_mm,0,0,0,0,11,0,11,0,sell_take1_16,take1,543975.0,hold,3.0,543972.0,3.0,passive_inside_sell,,,
none,round1-day-2,-2,397300,54,54,long_40_59,10002,10012,10,10007.0,10004.35294117647,7.0,rich,-0.5294117647058824,-2.6470588235297328,sell_pressure,4.0,True,shock,1,passive_one_sided_sell,one_sided_mm,0,0,0,0,11,0,11,0,sell_take1_16,take1,543972.0,hold,4.0,543968.0,4.0,passive_inside_sell,,,
none,round1-day-2,-2,400500,54,45,long_40_59,10005,10014,9,10009.5,10007.131578947368,9.5,rich,-0.5263157894736842,-2.3684210526316747,sell_pressure,8.0,True,shock,3,clear_sell,take1,0,18,18,0,11,0,11,1,sell_take1_16,take1,543968.0,hold,36.0,543968.0,0.0,take_b1,,,
none,round1-day-2,-2,400600,45,45,long_40_59,9995,10004,9,9999.5,10001.75,-0.5,neutral,0.5,2.25,buy_pressure,-10.0,True,shock,1,passive_one_sided_buy,one_sided_mm,0,0,0,6,0,6,0,0,hold,hold,453923.0,mm_join_12,0.0,453923.0,0.0,passive_inside_buy,,,
none,round1-day-2,-2,403200,45,45,long_40_59,9999,10010,11,10004.5,10002.235294117647,4.5,rich,-0.4117647058823529,-2.264705882353155,sell_pressure,-5.5,True,shock,1,passive_one_sided_sell,one_sided_mm,0,0,0,0,11,0,11,0,hold,hold,453923.0,mm_join_12,0.0,453923.0,0.0,passive_inside_sell,,,
none,round1-day-2,-2,404100,45,45,long_40_59,9994,10004,10,9999.0,10002.333333333334,-1.0,neutral,0.6666666666666666,3.3333333333339397,buy_pressure,-3.0,False,steady,1,passive_one_sided_buy,one_sided_mm,0,0,0,9,0,9,0,0,hold,hold,453923.0,mm_join_12,0.0,453923.0,0.0,passive_inside_buy,,,
none,round1-day-2,-2,404200,45,45,long_40_59,10000,10010,10,10005.0,10002.35294117647,5.0,rich,-0.5294117647058824,-2.6470588235297328,sell_pressure,6.0,True,shock,1,passive_one_sided_sell,one_sided_mm,0,0,0,0,11,0,11,0,hold,hold,453923.0,mm_join_12,0.0,453923.0,0.0,passive_inside_sell,,,
none,round1-day-2,-2,404300,45,45,long_40_59,9999,10010,11,10004.5,10001.357142857143,4.5,rich,-0.5714285714285714,-3.142857142856883,sell_pressure,-0.5,False,steady,1,passive_one_sided_sell,one_sided_mm,0,0,0,0,14,0,14,0,hold,hold,453923.0,mm_join_12,0.0,453923.0,0.0,passive_inside_sell,,,
none,round1-day-2,-2,406500,45,45,long_40_59,9995,10005,10,10000.0,10002.64705882353,0.0,neutral,0.5294117647058824,2.6470588235297328,buy_pressure,-4.0,True,shock,1,passive_one_sided_buy,one_sided_mm,0,0,0,6,0,6,0,0,hold,hold,453923.0,mm_join_12,0.0,453923.0,0.0,passive_inside_buy,,,
none,round1-day-2,-2,409700,30,30,long_20_39,9997,10007,10,10002.0,10005.125,2.0,rich,0.625,3.125,buy_pressure,-4.5,True,shock,1,passive_one_sided_buy,one_sided_mm,0,0,0,9,0,9,0,0,hold,hold,303858.0,mm_join_12,0.0,303858.0,0.0,passive_inside_buy,,,
none,round1-day-2,-2,412600,30,30,long_20_39,10004,10017,13,10010.5,10004.8125,10.5,rich,-0.875,-5.6875,sell_pressure,11.5,True,shock,1,passive_one_sided_sell,one_sided_mm,0,0,0,0,9,0,9,0,sell_take1_16,take1,303858.0,hold,6.0,303852.0,6.0,passive_inside_sell,,,
none,round1-day-2,-2,415400,30,30,long_20_39,9999,10009,10,10004.0,10006.894736842105,4.0,rich,0.5789473684210527,2.894736842104976,buy_pressure,-3.0,False,steady,1,passive_one_sided_buy,one_sided_mm,0,0,0,12,0,12,0,0,hold,hold,303852.0,mm_join_12,0.0,303852.0,0.0,passive_inside_buy,,,
none,round1-day-2,-2,416600,30,30,long_20_39,9999,10009,10,10004.0,10007.823529411764,4.0,rich,0.7647058823529411,3.823529411763957,buy_pressure,-3.0,False,steady,1,passive_one_sided_buy,one_sided_mm,0,0,0,12,0,12,0,0,hold,hold,303852.0,mm_join_12,0.0,303852.0,0.0,passive_inside_buy,,,
none,round1-day-2,-2,417000,30,30,long_20_39,10000,10009,9,10004.5,10006.5,4.5,rich,0.4444444444444444,2.0,buy_pressure,-3.5,True,shock,2,passive_two_sided,mm_inside,0,0,0,9,9,9,9,0,hold,hold,303852.0,mm_join_12,0.0,303852.0,0.0,,,,
none,round1-day-2,-2,418100,30,30,long_20_39,10000,10009,9,10004.5,10007.2,4.5,rich,0.6,2.7000000000007276,buy_pressure,-4.0,True,shock,2,passive_two_sided,mm_inside,0,0,0,9,9,9,9,0,hold,hold,303852.0,mm_join_12,0.0,303852.0,0.0,,,,
none,round1-day-2,-2,418300,30,30,long_20_39,10000,10010,10,10005.0,10008.333333333334,5.0,rich,0.6666666666666666,3.3333333333339397,buy_pressure,-3.0,False,steady,1,passive_one_sided_buy,one_sided_mm,0,0,0,12,0,12,0,0,hold,hold,303852.0,mm_join_12,0.0,303852.0,0.0,passive_inside_buy,,,
none,round1-day-2,-2,419700,18,18,flat_19,10000,10009,9,10004.5,10007.5,4.5,rich,0.6666666666666666,3.0,buy_pressure,-3.5,True,shock,2,passive_two_sided,mm_inside,0,0,0,9,9,9,9,0,hold,hold,183840.0,mm_join_12,0.0,183840.0,0.0,,,,
none,round1-day-2,-2,423000,7,7,flat_19,9999,10011,12,10005.0,10008.6,5.0,rich,0.6,3.600000000000364,buy_pressure,-4.0,True,shock,1,passive_one_sided_buy,one_sided_mm,0,0,0,9,0,9,0,0,hold,hold,73829.0,mm_join_12,0.0,73829.0,0.0,passive_inside_buy,,,
none,round1-day-2,-2,426300,7,7,flat_19,10000,10009,9,10004.5,10007.875,4.5,rich,0.75,3.375,buy_pressure,-5.0,True,shock,2,passive_two_sided,mm_inside,0,0,0,9,9,9,0,0,hold,hold,73795.0,mm_join_12,0.0,73795.0,0.0,,,,
none,round1-day-2,-2,426400,7,7,flat_19,10005,10018,13,10011.5,10007.5,11.5,rich,-0.6153846153846154,-4.0,sell_pressure,7.0,True,shock,1,passive_one_sided_sell,one_sided_mm,0,0,0,0,9,0,9,0,sell_take1_16,take1,73795.0,sell_take2_32,2.0,73770.0,25.0,passive_inside_sell,,,
none,round1-day-2,-2,431400,7,7,flat_19,10002,10012,10,10007.0,10004.777777777777,7.0,rich,-0.4444444444444444,-2.2222222222226264,sell_pressure,3.0,True,shock,1,passive_one_sided_sell,one_sided_mm,0,0,0,0,9,0,9,0,sell_take1_16,take1,73680.0,hold,15.0,73665.0,15.0,passive_inside_sell,,,
none,round1-day-2,-2,431700,7,7,flat_19,10002,10013,11,10007.5,10003.833333333334,7.5,rich,-0.6666666666666666,-3.6666666666660603,sell_pressure,3.5,True,shock,1,passive_one_sided_sell,one_sided_mm,0,0,0,0,9,0,9,0,sell_take1_16,take1,73665.0,hold,6.0,73659.0,6.0,passive_inside_sell,,,
none,round1-day-2,-2,435400,13,13,flat_19,10001,10012,11,10006.5,10004.666666666666,6.5,rich,-0.3333333333333333,-1.8333333333339397,mixed_pressure,3.5,True,shock,1,passive_one_sided_buy,one_sided_mm,0,0,0,9,0,0,0,0,sell_take1_16,take1,133653.0,hold,12.0,133641.0,12.0,passive_inside_buy,,,
none,round1-day-2,-2,439500,13,13,flat_19,10000,10011,11,10005.5,10002.2,5.5,rich,-0.6,-3.2999999999992724,sell_pressure,2.5,False,steady,1,passive_one_sided_sell,one_sided_mm,0,0,0,0,12,0,12,0,sell_take1_16,take1,133586.0,hold,12.0,133574.0,12.0,passive_inside_sell,,,
none,round1-day-2,-2,440500,13,13,flat_19,9995,10004,9,9999.5,10002.875,-0.5,neutral,0.75,3.375,buy_pressure,-3.5,True,shock,2,passive_two_sided,mm_inside,0,0,0,9,9,9,9,0,hold,hold,133574.0,mm_join_12,0.0,133574.0,0.0,,,,
none,round1-day-2,-2,440800,13,13,flat_19,9995,10004,9,9999.5,10002.8,-0.5,neutral,0.7333333333333333,3.2999999999992724,buy_pressure,-2.5,False,steady,2,passive_two_sided,mm_inside,0,0,0,12,12,12,0,0,hold,hold,133574.0,mm_join_12,0.0,133574.0,0.0,,,,
none,round1-day-2,-2,442100,9,9,flat_19,9993,10002,9,9997.5,9999.42857142857,-2.5,cheap,0.42857142857142855,1.928571428570649,buy_pressure,-1.5,False,steady,1,passive_one_sided_buy,one_sided_mm,0,0,0,13,0,13,0,0,hold,hold,93558.0,mm_join_12,0.0,93558.0,0.0,passive_inside_buy,,,
none,round1-day-2,-2,442500,9,9,flat_19,9993,10002,9,9997.5,10000.875,-2.5,cheap,0.75,3.375,buy_pressure,-3.5,True,shock,1,passive_one_sided_buy,one_sided_mm,0,0,0,10,0,10,0,0,hold,hold,93558.0,mm_join_12,0.0,93558.0,0.0,passive_inside_buy,,,
none,round1-day-2,-2,442900,9,9,flat_19,9993,10002,9,9997.5,10000.5,-2.5,cheap,0.6666666666666666,3.0,buy_pressure,-3.5,True,shock,1,passive_one_sided_buy,one_sided_mm,0,0,0,10,0,10,0,0,hold,hold,93558.0,mm_join_12,0.0,93558.0,0.0,passive_inside_buy,,,
none,round1-day-2,-2,443100,9,3,flat_19,10002,10011,9,10006.5,10004.076923076924,6.5,rich,-0.5384615384615384,-2.4230769230762235,sell_pressure,6.5,True,shock,2,clear_sell,take1,0,6,6,0,9,0,9,1,sell_take1_16,take1,93558.0,hold,36.0,93558.0,0.0,take_b1,,,
none,round1-day-2,-2,443700,3,3,flat_19,9998,10008,10,10003.0,9999.25,3.0,rich,-0.75,-3.75,sell_pressure,4.0,True,shock,1,passive_one_sided_sell,one_sided_mm,0,0,0,0,9,0,9,0,sell_take1_16,take1,33546.0,hold,4.0,33542.0,4.0,passive_inside_sell,,,
none,round1-day-2,-2,447000,3,3,flat_19,9998,10009,11,10003.5,9999.941176470587,3.5,rich,-0.6470588235294118,-3.5588235294126207,sell_pressure,3.5,True,shock,1,passive_one_sided_sell,one_sided_mm,0,0,0,0,9,0,9,0,sell_take1_16,take1,33534.0,hold,6.0,33528.0,6.0,passive_inside_sell,,,
none,round1-day-2,-2,450500,-4,-4,flat_19,9991,10000,9,9995.5,9997.5,-4.5,cheap,0.4444444444444444,2.0,buy_pressure,-3.5,True,shock,1,passive_one_sided_buy,one_sided_mm,0,0,0,10,0,10,0,0,hold,hold,-36496.0,mm_join_12,0.0,-36496.0,0.0,passive_inside_buy,,,
none,round1-day-2,-2,451500,1,1,flat_19,9996,10007,11,10001.5,9998.75,1.5,neutral,-0.5,-2.75,sell_pressure,2.0,False,steady,2,passive_two_sided,mm_inside,0,0,0,12,12,0,12,0,hold,hold,13484.0,mm_join_12,0.0,13484.0,0.0,,,,
none,round1-day-2,-2,451600,1,1,flat_19,9989,10001,12,9995.0,9999.838709677419,-5.0,cheap,0.8064516129032258,4.838709677418592,buy_pressure,-6.5,True,shock,1,passive_one_sided_buy,one_sided_mm,0,0,0,10,0,10,0,0,hold,hold,13484.0,mm_join_12,0.0,13484.0,0.0,passive_inside_buy,,,
none,round1-day-2,-2,454200,8,8,flat_19,9997,10007,10,10002.0,9999.142857142857,2.0,rich,-0.5714285714285714,-2.857142857143117,sell_pressure,3.0,False,steady,1,passive_one_sided_buy,one_sided_mm,0,0,0,12,0,0,0,0,sell_take1_16,take1,83456.0,hold,3.0,83453.0,3.0,passive_inside_buy,,,
none,round1-day-2,-2,456000,8,8,flat_19,9999,10009,10,10004.0,10000.538461538461,4.0,rich,-0.6923076923076923,-3.4615384615390212,sell_pressure,3.0,False,steady,1,passive_one_sided_sell,one_sided_mm,0,0,0,0,12,0,12,0,sell_take1_16,take1,83453.0,hold,6.0,83447.0,6.0,passive_inside_sell,,,
none,round1-day-2,-2,456100,8,8,flat_19,9993,10003,10,9998.0,10000.142857142857,-2.0,cheap,0.42857142857142855,2.142857142856883,buy_pressure,-6.0,True,shock,1,passive_one_sided_sell,one_sided_mm,0,0,0,0,9,0,0,0,hold,hold,83447.0,mm_join_12,0.0,83447.0,0.0,passive_inside_sell,,,
none,round1-day-2,-2,457700,8,8,flat_19,9998,10011,13,10004.5,9999.181818181818,4.5,rich,-0.8181818181818182,-5.3181818181819835,sell_pressure,3.5,True,shock,1,passive_one_sided_sell,one_sided_mm,0,0,0,0,9,0,9,0,sell_take1_16,take1,83447.0,hold,4.0,83443.0,4.0,passive_inside_sell,,,
none,round1-day-2,-2,458000,8,8,flat_19,9998,10009,11,10003.5,10001.666666666666,3.5,rich,-0.3333333333333333,-1.8333333333339397,mixed_pressure,10.5,True,shock,1,passive_one_sided_buy,one_sided_mm,0,0,0,9,0,0,0,0,sell_take1_16,take1,83443.0,hold,10.0,83433.0,10.0,passive_inside_buy,,,
none,round1-day-2,-2,459100,8,8,flat_19,9993,10003,10,9998.0,10001.75,-2.0,cheap,0.75,3.75,buy_pressure,-3.0,False,steady,1,passive_one_sided_sell,one_sided_mm,0,0,0,0,12,0,0,0,hold,hold,83433.0,mm_join_12,0.0,83433.0,0.0,passive_inside_sell,,,
none,round1-day-2,-2,460300,8,8,flat_19,9994,10004,10,9999.0,10001.222222222223,-1.0,neutral,0.4444444444444444,2.2222222222226264,buy_pressure,-4.5,True,shock,2,passive_two_sided,mm_inside,0,0,0,9,9,9,9,0,hold,hold,83433.0,mm_join_12,0.0,83433.0,0.0,,,,
none,round1-day-2,-2,463100,2,2,flat_19,9991,10003,12,9997.0,10001.615384615385,-3.0,cheap,0.7692307692307693,4.615384615384755,buy_pressure,-3.0,False,steady,1,passive_one_sided_buy,one_sided_mm,0,0,0,13,0,13,0,0,hold,hold,23409.0,mm_join_12,0.0,23409.0,0.0,passive_inside_buy,,,
none,round1-day-2,-2,471600,-2,-2,flat_19,9995,10004,9,9999.5,10001.75,-0.5,neutral,0.5,2.25,buy_pressure,-4.0,True,shock,2,passive_two_sided,mm_inside,0,0,0,9,9,9,0,0,hold,hold,-16655.0,mm_join_12,0.0,-16655.0,0.0,,,,
none,round1-day-2,-2,472200,-2,-2,flat_19,9999,10012,13,10005.5,10000.392857142857,5.5,rich,-0.7857142857142857,-5.107142857143117,sell_pressure,9.5,True,shock,1,passive_one_sided_sell,one_sided_mm,0,0,0,0,9,0,9,0,sell_take1_16,take1,-16655.0,hold,9.0,-16664.0,9.0,passive_inside_sell,,,
none,round1-day-2,-2,474100,5,5,flat_19,9999,10010,11,10004.5,10001.933333333332,4.5,rich,-0.4666666666666667,-2.5666666666675155,sell_pressure,1.5,False,steady,1,passive_one_sided_sell,one_sided_mm,0,0,0,0,12,0,12,0,sell_take1_16,take1,53308.0,hold,14.0,53294.0,14.0,passive_inside_sell,,,
none,round1-day-2,-2,476300,5,5,flat_19,9991,10003,12,9997.0,10002.111111111111,-3.0,cheap,0.8518518518518519,5.111111111111313,buy_pressure,-5.0,True,shock,1,passive_one_sided_buy,one_sided_mm,0,0,0,10,0,10,0,0,hold,hold,53294.0,mm_join_12,0.0,53294.0,0.0,passive_inside_buy,,,
none,round1-day-2,-2,477800,11,11,flat_19,9995,10004,9,9999.5,10002.2,-0.5,neutral,0.6,2.7000000000007276,buy_pressure,-2.5,False,steady,2,passive_two_sided,mm_inside,0,0,0,12,12,12,0,0,hold,hold,113265.0,mm_join_12,0.0,113265.0,0.0,,,,
none,round1-day-2,-2,482100,28,28,long_20_39,9993,10003,10,9998.0,10000.5,-2.0,cheap,0.5,2.5,buy_pressure,9998.0,True,shock,1,passive_one_sided_sell,one_sided_mm,0,0,0,0,12,0,12,0,hold,hold,283138.0,mm_join_12,0.0,283138.0,0.0,passive_inside_sell,,,
none,round1-day-2,-2,488000,19,19,flat_19,9996,10006,10,10001.0,9998.5,1.0,neutral,-0.5,-2.5,sell_pressure,2.0,False,steady,2,passive_two_sided,mm_inside,0,0,0,12,12,0,12,0,sell_take1_16,take1,193125.0,hold,8.0,193117.0,8.0,,,,
none,round1-day-2,-2,489000,10,10,flat_19,9989,9999,10,9994.0,9996.333333333334,-6.0,cheap,0.4666666666666667,2.3333333333339397,buy_pressure,-5.0,True,shock,1,passive_one_sided_buy,one_sided_mm,0,0,0,10,0,10,0,0,hold,hold,103126.0,mm_join_12,0.0,103126.0,0.0,passive_inside_buy,,,
none,round1-day-2,-2,490800,15,15,flat_19,9994,10004,10,9999.0,9996.35294117647,-1.0,neutral,-0.5294117647058824,-2.6470588235297328,sell_pressure,2.0,False,steady,1,passive_one_sided_sell,one_sided_mm,0,0,0,0,12,0,12,0,hold,hold,153096.0,mm_join_12,0.0,153096.0,0.0,passive_inside_sell,,,
none,round1-day-2,-2,492500,25,25,long_20_39,9993,10006,13,9999.5,9994.5,-0.5,neutral,-0.7692307692307693,-5.0,sell_pressure,4.5,True,shock,1,passive_one_sided_sell,one_sided_mm,0,0,0,0,9,0,9,0,hold,hold,253026.0,mm_join_12,0.0,253026.0,0.0,passive_inside_sell,,,
none,round1-day-2,-2,493700,25,25,long_20_39,9986,9995,9,9990.5,9992.75,-9.5,cheap,0.5,2.25,buy_pressure,-4.5,True,shock,1,passive_one_sided_buy,one_sided_mm,0,0,0,10,0,10,0,0,hold,hold,253026.0,mm_join_12,0.0,253026.0,0.0,passive_inside_buy,,,
none,round1-day-2,-2,503200,29,29,long_20_39,9992,10005,13,9998.5,9992.896551724138,-1.5,neutral,-0.8620689655172413,-5.60344827586232,sell_pressure,5.5,True,shock,1,passive_one_sided_sell,one_sided_mm,0,0,0,0,9,0,9,0,hold,hold,292994.0,mm_join_12,0.0,292994.0,0.0,passive_inside_sell,,,
none,round1-day-2,-2,511400,39,39,long_20_39,9989,10000,11,9994.5,9990.833333333334,-5.5,cheap,-0.6666666666666666,-3.6666666666660603,sell_pressure,2.5,False,steady,1,passive_one_sided_sell,one_sided_mm,0,0,0,0,12,0,12,0,hold,hold,392884.0,mm_join_12,0.0,392884.0,0.0,passive_inside_sell,,,
none,round1-day-2,-2,512600,39,39,long_20_39,9983,9993,10,9988.0,9991.75,-12.0,cheap,0.75,3.75,buy_pressure,-4.0,True,shock,1,passive_one_sided_buy,one_sided_mm,0,0,0,10,0,10,0,0,buy_take1_16,take1,392884.0,hold,2.0,392882.0,2.0,passive_inside_buy,,,
none,round1-day-2,-2,515400,47,47,long_40_59,9983,9992,9,9987.5,9990.875,-12.5,cheap,0.75,3.375,buy_pressure,4.5,True,shock,1,passive_one_sided_buy,one_sided_mm,0,0,0,7,0,7,0,0,buy_take1_16,take1,472794.0,hold,6.0,472788.0,6.0,passive_inside_buy,,,
none,round1-day-2,-2,516800,62,62,long_60_plus,9982,9991,9,9986.5,9989.615384615385,-13.5,cheap,0.6923076923076923,3.1153846153847553,buy_pressure,-2.5,True,shock,1,passive_one_sided_buy,one_sided_mm,0,0,0,6,0,6,0,0,buy_take1_16,take1,622689.0,hold,4.0,622685.0,4.0,passive_inside_buy,,,
none,round1-day-2,-2,517200,62,62,long_60_plus,9987,9998,11,9992.5,9988.29411764706,-7.5,cheap,-0.7647058823529411,-4.2058823529405345,sell_pressure,2.5,True,shock,1,passive_one_sided_buy,one_sided_mm,0,0,0,6,0,6,0,0,hold,hold,622685.0,mm_join_12,0.0,622685.0,0.0,passive_inside_buy,,,
none,round1-day-2,-2,520800,62,62,long_60_plus,9984,9994,10,9989.0,9991.692307692309,-11.0,cheap,0.5384615384615384,2.692307692308532,buy_pressure,-3.0,True,shock,1,passive_one_sided_buy,one_sided_mm,0,0,0,6,0,6,0,0,hold,hold,622685.0,mm_join_12,0.0,622685.0,0.0,passive_inside_buy,,,
none,round1-day-2,-2,522900,62,62,long_60_plus,9991,10002,11,9996.5,9994.142857142857,-3.5,cheap,-0.42857142857142855,-2.357142857143117,sell_pressure,3.5,True,shock,2,passive_two_sided,mm_inside,0,0,0,6,11,0,11,0,hold,hold,622685.0,mm_join_12,0.0,622685.0,0.0,,,,
none,round1-day-2,-2,523700,62,62,long_60_plus,9983,9995,12,9989.0,9992.857142857143,-11.0,cheap,0.6428571428571429,3.857142857143117,buy_pressure,-12.0,True,shock,2,passive_two_sided,mm_inside,0,0,0,6,11,6,0,0,hold,hold,622685.0,mm_join_12,0.0,622685.0,0.0,,,,
none,round1-day-2,-2,524800,62,62,long_60_plus,9986,9995,9,9990.5,9992.6,-9.5,cheap,0.4666666666666667,2.100000000000364,buy_pressure,-1.5,True,shock,2,passive_two_sided,mm_inside,0,0,0,6,11,6,0,0,hold,hold,622685.0,mm_join_12,0.0,622685.0,0.0,,,,
none,round1-day-2,-2,525300,62,62,long_60_plus,9986,9995,9,9990.5,9992.6,-9.5,cheap,0.4666666666666667,2.100000000000364,buy_pressure,-3.5,True,shock,2,passive_two_sided,mm_inside,0,0,0,6,11,6,0,0,hold,hold,622685.0,mm_join_12,0.0,622685.0,0.0,,,,
none,round1-day-2,-2,527600,70,70,long_60_plus,9992,10002,10,9997.0,9993.25,-3.0,cheap,-0.75,-3.75,sell_pressure,3.0,False,steady,2,passive_two_sided,mm_inside,0,0,0,9,14,0,14,0,hold,hold,702613.0,mm_join_12,0.0,702613.0,0.0,,,,
none,round1-day-2,-2,528800,70,70,long_60_plus,9992,10002,10,9997.0,9993.176470588236,-3.0,cheap,-0.7647058823529411,-3.823529411763957,sell_pressure,-5.0,True,shock,2,passive_two_sided,mm_inside,0,0,0,9,14,0,14,0,hold,hold,702613.0,mm_join_12,0.0,702613.0,0.0,,,,
none,round1-day-2,-2,531000,65,65,long_60_plus,9993,10003,10,9998.0,9995.777777777777,-2.0,cheap,-0.4444444444444444,-2.2222222222226264,sell_pressure,-5.0,True,shock,2,passive_two_sided,mm_inside,0,0,0,9,14,0,14,0,hold,hold,652628.0,mm_join_12,0.0,652628.0,0.0,,,,
none,round1-day-2,-2,531300,65,65,long_60_plus,9987,9996,9,9991.5,9994.5,-8.5,cheap,0.6666666666666666,3.0,buy_pressure,4.5,True,shock,2,passive_two_sided,mm_inside,0,0,0,6,11,6,0,0,hold,hold,652628.0,mm_join_12,0.0,652628.0,0.0,,,,
none,round1-day-2,-2,531700,65,65,long_60_plus,9992,10003,11,9997.5,9994.538461538461,-2.5,cheap,-0.5384615384615384,-2.9615384615390212,sell_pressure,2.5,False,steady,2,passive_two_sided,mm_inside,0,0,0,9,14,0,14,0,hold,hold,652628.0,mm_join_12,0.0,652628.0,0.0,,,,
none,round1-day-2,-2,532800,65,65,long_60_plus,9992,10002,10,9997.0,9993.176470588236,-3.0,cheap,-0.7647058823529411,-3.823529411763957,sell_pressure,1.5,False,steady,2,passive_two_sided,mm_inside,0,0,0,9,14,0,14,0,hold,hold,652628.0,mm_join_12,0.0,652628.0,0.0,,,,
none,round1-day-2,-2,533700,65,65,long_60_plus,9983,9995,12,9989.0,9994.172413793103,-11.0,cheap,0.8620689655172413,5.17241379310326,buy_pressure,-6.0,True,shock,2,passive_two_sided,mm_inside,0,0,0,6,11,6,0,0,hold,hold,652615.0,mm_join_12,0.0,652615.0,0.0,,,,
none,round1-day-2,-2,533800,65,65,long_60_plus,9986,9995,9,9990.5,9993.0,-9.5,cheap,0.5555555555555556,2.5,buy_pressure,1.5,True,shock,2,passive_two_sided,mm_inside,0,0,0,6,11,6,0,0,hold,hold,652615.0,mm_join_12,0.0,652615.0,0.0,,,,
none,round1-day-2,-2,534100,65,65,long_60_plus,9987,9996,9,9991.5,9994.5,-8.5,cheap,0.6666666666666666,3.0,buy_pressure,-4.5,True,shock,2,passive_two_sided,mm_inside,0,0,0,6,11,6,0,0,hold,hold,652615.0,mm_join_12,0.0,652615.0,0.0,,,,
none,round1-day-2,-2,536500,65,65,long_60_plus,9986,9995,9,9990.5,9993.3125,-9.5,cheap,0.625,2.8125,buy_pressure,-4.5,True,shock,2,passive_two_sided,mm_inside,0,0,0,6,11,6,0,0,hold,hold,652615.0,mm_join_12,0.0,652615.0,0.0,,,,
none,round1-day-2,-2,538100,65,65,long_60_plus,9985,9995,10,9990.0,9992.5,-10.0,cheap,0.5,2.5,buy_pressure,-3.5,True,shock,2,passive_two_sided,mm_inside,0,0,0,6,11,6,0,0,hold,hold,652574.0,mm_join_12,0.0,652574.0,0.0,,,,
none,round1-day-2,-2,538300,72,72,long_60_plus,9985,9994,9,9989.5,9992.3125,-10.5,cheap,0.625,2.8125,buy_pressure,2.5,True,shock,2,passive_two_sided,mm_inside,0,0,0,6,11,6,0,0,hold,hold,722511.0,mm_join_12,0.0,722511.0,0.0,,,,
none,round1-day-2,-2,538400,72,72,long_60_plus,9991,10001,10,9996.0,9993.142857142857,-4.0,cheap,-0.5714285714285714,-2.857142857143117,sell_pressure,6.5,True,shock,2,passive_two_sided,mm_inside,0,0,0,6,11,0,11,0,sell_take1_16,take1,722511.0,hold,3.0,722508.0,3.0,,,,
none,round1-day-2,-2,539200,72,72,long_60_plus,9985,9994,9,9989.5,9991.0,-10.5,cheap,0.3333333333333333,1.5,mixed_pressure,-1.5,True,shock,2,passive_two_sided,mm_inside,0,0,0,6,11,6,0,0,hold,hold,722508.0,mm_join_12,0.0,722508.0,0.0,,,,
none,round1-day-2,-2,539500,72,72,long_60_plus,9990,10000,10,9995.0,9991.875,-5.0,cheap,-0.625,-3.125,sell_pressure,3.0,False,steady,2,passive_two_sided,mm_inside,0,0,0,8,14,8,14,0,sell_take1_16,take1,722508.0,sell_take2_32,0.0,722506.0,2.0,,,,
none,round1-day-2,-2,540400,72,72,long_60_plus,9989,10000,11,9994.5,9990.57142857143,-5.5,cheap,-0.7142857142857143,-3.928571428570649,sell_pressure,2.5,False,steady,2,passive_two_sided,mm_inside,0,0,0,8,14,0,14,0,hold,hold,722506.0,mm_join_12,0.0,722506.0,0.0,,,,
none,round1-day-2,-2,542700,72,72,long_60_plus,9983,9993,10,9988.0,9991.461538461539,-12.0,cheap,0.6923076923076923,3.4615384615390212,buy_pressure,-2.0,True,shock,2,passive_two_sided,mm_inside,0,0,0,6,11,6,0,0,hold,hold,722506.0,mm_join_12,0.0,722506.0,0.0,,,,
none,round1-day-2,-2,546100,80,80,long_60_plus,9982,9992,10,9987.0,9989.64705882353,-13.0,cheap,0.5294117647058824,2.6470588235297328,buy_pressure,-3.0,True,shock,0,hold,hold,0,0,0,0,0,0,0,0,hold,hold,802423.0,mm_join_12,0.0,802423.0,0.0,,,,
none,round1-day-2,-2,546600,80,80,long_60_plus,9988,9998,10,9993.0,9990.35294117647,-7.0,cheap,-0.5294117647058824,-2.6470588235297328,sell_pressure,3.0,True,shock,1,passive_one_sided_sell,one_sided_mm,0,0,0,0,11,0,11,0,hold,hold,802423.0,mm_join_12,0.0,802423.0,0.0,passive_inside_sell,,,
none,round1-day-2,-2,549400,80,80,long_60_plus,9992,10001,9,9996.5,9993.125,-3.5,cheap,-0.75,-3.375,sell_pressure,6.5,True,shock,1,passive_one_sided_sell,one_sided_mm,0,0,0,0,11,0,11,0,sell_take1_16,take1,802423.0,hold,16.0,802407.0,16.0,passive_inside_sell,,,
none,round1-day-2,-2,555300,80,80,long_60_plus,9989,9999,10,9994.0,9990.333333333334,-6.0,cheap,-0.7333333333333333,-3.6666666666660603,sell_pressure,3.0,True,shock,1,passive_one_sided_sell,one_sided_mm,0,0,0,0,11,0,11,0,hold,hold,802338.0,mm_join_12,0.0,802338.0,0.0,passive_inside_sell,,,
none,round1-day-2,-2,559000,80,80,long_60_plus,9989,10000,11,9994.5,9991.894736842105,-5.5,cheap,-0.47368421052631576,-2.605263157895024,sell_pressure,2.5,False,steady,1,passive_one_sided_sell,one_sided_mm,0,0,0,0,14,0,14,0,hold,hold,802338.0,mm_join_12,0.0,802338.0,0.0,passive_inside_sell,,,
none,round1-day-2,-2,567700,80,80,long_60_plus,9988,9999,11,9993.5,9989.57142857143,-6.5,cheap,-0.7142857142857143,-3.928571428570649,sell_pressure,3.5,True,shock,1,passive_one_sided_sell,one_sided_mm,0,0,0,0,11,0,11,0,hold,hold,802338.0,mm_join_12,0.0,802338.0,0.0,passive_inside_sell,,,
none,round1-day-2,-2,568000,80,80,long_60_plus,9988,10001,13,9994.5,9990.09677419355,-5.5,cheap,-0.6774193548387096,-4.403225806450791,sell_pressure,-4.5,True,shock,1,passive_one_sided_sell,one_sided_mm,0,0,0,0,11,0,11,0,hold,hold,802338.0,mm_join_12,0.0,802338.0,0.0,passive_inside_sell,,,
none,round1-day-2,-2,568800,80,80,long_60_plus,9985,9994,9,9989.5,9991.5,-10.5,cheap,0.4444444444444444,2.0,buy_pressure,-3.5,True,shock,1,passive_one_sided_sell,one_sided_mm,0,0,0,0,11,0,0,0,hold,hold,802338.0,mm_join_12,0.0,802338.0,0.0,passive_inside_sell,,,
none,round1-day-2,-2,570300,80,80,long_60_plus,9986,9995,9,9990.5,9992.6,-9.5,cheap,0.4666666666666667,2.100000000000364,buy_pressure,-5.5,True,shock,1,passive_one_sided_sell,one_sided_mm,0,0,0,0,11,0,0,0,hold,hold,802326.0,mm_join_12,0.0,802326.0,0.0,passive_inside_sell,,,
none,round1-day-2,-2,574000,80,80,long_60_plus,9994,10004,10,9999.0,9995.666666666666,-1.0,neutral,-0.6666666666666666,-3.3333333333339397,sell_pressure,1.5,False,steady,1,passive_one_sided_sell,one_sided_mm,0,0,0,0,14,0,14,0,sell_take1_16,take1,802326.0,hold,1.0,802325.0,1.0,passive_inside_sell,,,
none,round1-day-2,-2,575400,80,71,long_60_plus,9999,10008,9,10003.5,10001.131578947368,3.5,rich,-0.5263157894736842,-2.3684210526316747,sell_pressure,7.5,True,shock,2,clear_sell,take1,0,9,9,0,11,0,11,1,sell_take1_16,take1,802325.0,hold,43.0,802325.0,0.0,take_b1,,,
none,round1-day-2,-2,575500,71,71,long_60_plus,9995,10005,10,10000.0,9997.35294117647,0.0,neutral,-0.5294117647058824,-2.6470588235297328,sell_pressure,-3.5,True,shock,2,passive_two_sided,mm_inside,0,0,0,6,11,0,11,0,sell_take1_16,take1,712334.0,hold,2.0,712332.0,2.0,,,,
none,round1-day-2,-2,575700,71,71,long_60_plus,9995,10006,11,10000.5,9998.142857142857,0.5,neutral,-0.42857142857142855,-2.357142857143117,sell_pressure,4.5,True,shock,2,passive_two_sided,mm_inside,0,0,0,6,11,0,11,0,sell_take1_16,take1,712332.0,hold,6.0,712326.0,6.0,,,,
none,round1-day-2,-2,576500,71,71,long_60_plus,9996,10007,11,10001.5,9998.894736842105,1.5,neutral,-0.47368421052631576,-2.605263157895024,sell_pressure,1.5,False,steady,2,passive_two_sided,mm_inside,0,0,0,9,14,0,14,0,sell_take1_16,take1,712326.0,hold,7.0,712319.0,7.0,,,,
none,round1-day-2,-2,577600,71,71,long_60_plus,9992,10002,10,9997.0,10000.235294117647,-3.0,cheap,0.6470588235294118,3.235294117646845,buy_pressure,-3.0,False,steady,1,passive_one_sided_buy,one_sided_mm,0,0,0,9,0,9,0,0,hold,hold,712319.0,mm_join_12,0.0,712319.0,0.0,passive_inside_buy,,,
none,round1-day-2,-2,577700,71,71,long_60_plus,9998,10009,11,10003.5,9999.57142857143,3.5,rich,-0.7142857142857143,-3.928571428570649,sell_pressure,6.5,True,shock,1,passive_one_sided_sell,one_sided_mm,0,0,0,0,11,0,11,0,sell_take1_16,take1,712319.0,sell_take2_32,0.0,712308.0,11.0,passive_inside_sell,,,
none,round1-day-2,-2,580900,71,71,long_60_plus,9987,9999,12,9993.0,9996.777777777777,-7.0,cheap,0.6296296296296297,3.7777777777773736,buy_pressure,-5.0,True,shock,2,passive_two_sided,mm_inside,0,0,0,6,11,6,0,0,hold,hold,712302.0,mm_join_12,0.0,712302.0,0.0,,,,
none,round1-day-2,-2,583200,72,72,long_60_plus,9992,10005,13,9998.5,9993.575757575758,-1.5,neutral,-0.7575757575757576,-4.924242424242038,sell_pressure,3.5,True,shock,2,passive_two_sided,mm_inside,0,0,0,6,11,0,11,0,hold,hold,722246.0,mm_join_12,0.0,722246.0,0.0,,,,
none,round1-day-2,-2,583500,72,72,long_60_plus,9992,10003,11,9997.5,9995.055555555555,-2.5,cheap,-0.4444444444444444,-2.444444444445253,sell_pressure,3.0,False,steady,2,passive_two_sided,mm_inside,0,0,0,8,14,0,14,0,hold,hold,722246.0,mm_join_12,0.0,722246.0,0.0,,,,
none,round1-day-2,-2,585100,80,80,long_60_plus,9992,10002,10,9997.0,9994.631578947368,-3.0,cheap,-0.47368421052631576,-2.3684210526316747,sell_pressure,3.0,False,steady,1,passive_one_sided_sell,one_sided_mm,0,0,0,0,14,0,14,0,hold,hold,802182.0,mm_join_12,0.0,802182.0,0.0,passive_inside_sell,,,
none,round1-day-2,-2,585700,80,80,long_60_plus,9991,10004,13,9997.5,9992.625,-2.5,cheap,-0.75,-4.875,sell_pressure,4.5,True,shock,1,passive_one_sided_sell,one_sided_mm,0,0,0,0,11,0,11,0,hold,hold,802182.0,mm_join_12,0.0,802182.0,0.0,passive_inside_sell,,,
none,round1-day-2,-2,586600,80,80,long_60_plus,9984,9993,9,9988.5,9991.0,-11.5,cheap,0.5555555555555556,2.5,buy_pressure,-3.5,True,shock,0,hold,hold,0,0,0,0,0,0,0,0,hold,hold,802182.0,mm_join_12,0.0,802182.0,0.0,,,,
none,round1-day-2,-2,588900,80,80,long_60_plus,9988,9999,11,9993.5,9990.588235294117,-6.5,cheap,-0.5294117647058824,-2.911764705882888,sell_pressure,2.5,True,shock,1,passive_one_sided_sell,one_sided_mm,0,0,0,0,11,0,11,0,hold,hold,802175.0,mm_join_12,0.0,802175.0,0.0,passive_inside_sell,,,
none,round1-day-2,-2,589900,80,80,long_60_plus,9990,10000,10,9995.0,9992.307692307691,-5.0,cheap,-0.5384615384615384,-2.692307692308532,sell_pressure,2.0,False,steady,1,passive_one_sided_sell,one_sided_mm,0,0,0,0,14,0,14,0,hold,hold,802175.0,mm_join_12,0.0,802175.0,0.0,passive_inside_sell,,,
none,round1-day-2,-2,591200,80,80,long_60_plus,9989,9999,10,9994.0,9991.105263157895,-6.0,cheap,-0.5789473684210527,-2.894736842104976,sell_pressure,3.0,True,shock,1,passive_one_sided_sell,one_sided_mm,0,0,0,0,11,0,11,0,hold,hold,802175.0,mm_join_12,0.0,802175.0,0.0,passive_inside_sell,,,
none,round1-day-2,-2,592700,80,80,long_60_plus,9981,9991,10,9986.0,9989.75,-14.0,cheap,0.75,3.75,buy_pressure,-4.5,True,shock,0,hold,hold,0,0,0,0,0,0,0,0,hold,hold,802175.0,mm_join_12,0.0,802175.0,0.0,,,,
none,round1-day-2,-2,593100,80,80,long_60_plus,9987,10000,13,9993.5,9988.444444444445,-6.5,cheap,-0.7777777777777778,-5.055555555554747,sell_pressure,2.5,True,shock,1,passive_one_sided_sell,one_sided_mm,0,0,0,0,11,0,11,0,hold,hold,802175.0,mm_join_12,0.0,802175.0,0.0,passive_inside_sell,,,
none,round1-day-2,-2,593500,80,80,long_60_plus,9987,10000,13,9993.5,9989.166666666666,-6.5,cheap,-0.6666666666666666,-4.33333333333394,sell_pressure,3.5,True,shock,1,passive_one_sided_sell,one_sided_mm,0,0,0,0,11,0,11,0,hold,hold,802175.0,mm_join_12,0.0,802175.0,0.0,passive_inside_sell,,,
none,round1-day-2,-2,597700,80,80,long_60_plus,9983,9993,10,9988.0,9990.222222222223,-12.0,cheap,0.4444444444444444,2.2222222222226264,buy_pressure,-4.5,True,shock,0,hold,hold,0,0,0,0,0,0,0,0,hold,hold,802175.0,mm_join_12,0.0,802175.0,0.0,,,,
none,round1-day-2,-2,598300,80,80,long_60_plus,9986,9995,9,9990.5,9993.5,-9.5,cheap,0.6666666666666666,3.0,buy_pressure,-2.5,True,shock,1,passive_one_sided_sell,one_sided_mm,0,0,0,0,11,0,0,0,hold,hold,802174.0,mm_join_12,0.0,802174.0,0.0,passive_inside_sell,,,
none,round1-day-2,-2,598600,80,80,long_60_plus,9991,10002,11,9996.5,9992.375,-3.5,cheap,-0.75,-4.125,sell_pressure,2.5,False,steady,1,passive_one_sided_sell,one_sided_mm,0,0,0,0,14,0,14,0,hold,hold,802174.0,mm_join_12,0.0,802174.0,0.0,passive_inside_sell,,,
none,round1-day-2,-2,599500,80,80,long_60_plus,9986,9996,10,9991.0,9994.235294117647,-9.0,cheap,0.6470588235294118,3.235294117646845,buy_pressure,-2.0,True,shock,1,passive_one_sided_sell,one_sided_mm,0,0,0,0,11,0,0,0,hold,hold,802134.0,mm_join_12,0.0,802134.0,0.0,passive_inside_sell,,,
none,round1-day-2,-2,601000,80,80,long_60_plus,9991,10002,11,9996.5,9993.75,-3.5,cheap,-0.5,-2.75,sell_pressure,2.5,False,steady,1,passive_one_sided_sell,one_sided_mm,0,0,0,0,14,0,14,0,hold,hold,802134.0,mm_join_12,0.0,802134.0,0.0,passive_inside_sell,,,
none,round1-day-2,-2,608900,80,80,long_60_plus,9992,10002,10,9997.0,9993.176470588236,-3.0,cheap,-0.7647058823529411,-3.823529411763957,sell_pressure,13.0,True,shock,1,passive_one_sided_sell,one_sided_mm,0,0,0,0,14,0,14,0,hold,hold,802134.0,mm_join_12,0.0,802134.0,0.0,passive_inside_sell,,,
none,round1-day-2,-2,610500,80,80,long_60_plus,9986,9996,10,9991.0,9995.333333333334,-9.0,cheap,0.8666666666666667,4.33333333333394,buy_pressure,-3.0,True,shock,1,passive_one_sided_sell,one_sided_mm,0,0,0,0,11,0,0,0,hold,hold,802134.0,mm_join_12,0.0,802134.0,0.0,passive_inside_sell,,,
none,round1-day-2,-2,612200,80,80,long_60_plus,9991,10004,13,9997.5,9992.925925925925,-2.5,cheap,-0.7037037037037037,-4.574074074074815,sell_pressure,12.5,True,shock,1,passive_one_sided_sell,one_sided_mm,0,0,0,0,14,0,14,0,hold,hold,802134.0,mm_join_12,0.0,802134.0,0.0,passive_inside_sell,,,
none,round1-day-2,-2,617800,80,80,long_60_plus,9986,9996,10,9991.0,9992.875,-9.0,cheap,0.375,1.875,buy_pressure,-3.0,True,shock,1,passive_one_sided_sell,one_sided_mm,0,0,0,0,11,0,0,0,hold,hold,802068.0,mm_join_12,0.0,802068.0,0.0,passive_inside_sell,,,
none,round1-day-2,-2,623100,80,80,long_60_plus,9992,10002,10,9997.0,9994.666666666666,-3.0,cheap,-0.4666666666666667,-2.3333333333339397,sell_pressure,4.5,True,shock,1,passive_one_sided_sell,one_sided_mm,0,0,0,0,11,0,11,0,hold,hold,802068.0,mm_join_12,0.0,802068.0,0.0,passive_inside_sell,,,
none,round1-day-2,-2,625500,80,80,long_60_plus,9988,9997,9,9992.5,9995.615384615385,-7.5,cheap,0.6923076923076923,3.1153846153847553,buy_pressure,-3.0,True,shock,1,passive_one_sided_sell,one_sided_mm,0,0,0,0,11,0,0,0,hold,hold,802068.0,mm_join_12,0.0,802068.0,0.0,passive_inside_sell,,,
none,round1-day-2,-2,633300,71,71,long_60_plus,9995,10005,10,10000.0,9997.35294117647,0.0,neutral,-0.5294117647058824,-2.6470588235297328,sell_pressure,4.0,True,shock,2,passive_two_sided,mm_inside,0,0,0,6,11,0,11,0,hold,hold,712077.0,mm_join_12,0.0,712077.0,0.0,,,,
none,round1-day-2,-2,633900,71,71,long_60_plus,9990,9999,9,9994.5,9996.35294117647,-5.5,cheap,0.4117647058823529,1.8529411764702672,buy_pressure,-3.5,True,shock,2,passive_two_sided,mm_inside,0,0,0,6,11,6,0,0,hold,hold,712077.0,mm_join_12,0.0,712077.0,0.0,,,,
none,round1-day-2,-2,634600,71,71,long_60_plus,9996,10006,10,10001.0,9998.777777777777,1.0,neutral,-0.4444444444444444,-2.2222222222226264,sell_pressure,4.0,True,shock,2,passive_two_sided,mm_inside,0,0,0,6,11,0,11,0,hold,hold,712077.0,mm_join_12,0.0,712077.0,0.0,,,,
none,round1-day-2,-2,634700,71,71,long_60_plus,9990,10000,10,9995.0,9998.823529411764,-5.0,cheap,0.7647058823529411,3.823529411763957,buy_pressure,-6.0,True,shock,1,passive_one_sided_buy,one_sided_mm,0,0,0,6,0,6,0,0,hold,hold,712077.0,mm_join_12,0.0,712077.0,0.0,passive_inside_buy,,,
none,round1-day-2,-2,635500,71,71,long_60_plus,9996,10007,11,10001.5,9999.055555555555,1.5,neutral,-0.4444444444444444,-2.444444444445253,sell_pressure,-5.5,True,shock,2,passive_two_sided,mm_inside,0,0,0,9,14,0,14,0,hold,hold,712077.0,mm_join_12,0.0,712077.0,0.0,,,,
none,round1-day-2,-2,635600,71,71,long_60_plus,9990,10000,10,9995.0,9997.5,-5.0,cheap,0.5,2.5,buy_pressure,-6.5,True,shock,2,passive_two_sided,mm_inside,0,0,0,6,11,6,0,0,hold,hold,712077.0,mm_join_12,0.0,712077.0,0.0,,,,
none,round1-day-2,-2,639800,71,63,long_60_plus,9999,10008,9,10003.5,10001.322580645161,3.5,rich,-0.4838709677419355,-2.177419354839003,sell_pressure,6.5,True,shock,2,clear_sell,take1,0,8,8,0,11,0,11,1,sell_take1_16,take1,712077.0,hold,16.0,712077.0,0.0,take_b1,,,
none,round1-day-2,-2,641600,63,63,long_60_plus,9988,9998,10,9993.0,9995.142857142857,-7.0,cheap,0.42857142857142855,2.142857142856883,buy_pressure,-3.0,True,shock,2,passive_two_sided,mm_inside,0,0,0,6,11,6,0,0,hold,hold,632085.0,mm_join_12,0.0,632085.0,0.0,,,,
none,round1-day-2,-2,643800,63,63,long_60_plus,9997,10006,9,10001.5,9998.8,1.5,neutral,-0.6,-2.7000000000007276,sell_pressure,5.5,True,shock,2,passive_two_sided,mm_inside,0,0,0,6,11,0,11,0,hold,hold,632085.0,mm_join_12,0.0,632085.0,0.0,,,,
none,round1-day-2,-2,644000,63,63,long_60_plus,9993,10006,13,9999.5,9994.3,-0.5,neutral,-0.8,-5.200000000000728,sell_pressure,5.0,True,shock,2,passive_two_sided,mm_inside,0,0,0,6,11,0,11,0,hold,hold,632085.0,mm_join_12,0.0,632085.0,0.0,,,,
none,round1-day-2,-2,646300,71,71,long_60_plus,9987,9999,12,9993.0,9997.758620689656,-7.0,cheap,0.7931034482758621,4.7586206896558,buy_pressure,-4.0,True,shock,1,passive_one_sided_buy,one_sided_mm,0,0,0,6,0,6,0,0,hold,hold,712037.0,mm_join_12,0.0,712037.0,0.0,passive_inside_buy,,,
none,round1-day-2,-2,648200,71,71,long_60_plus,9994,10004,10,9999.0,9995.666666666666,-1.0,neutral,-0.6666666666666666,-3.3333333333339397,sell_pressure,3.5,True,shock,2,passive_two_sided,mm_inside,0,0,0,6,11,0,11,0,hold,hold,712037.0,mm_join_12,0.0,712037.0,0.0,,,,
none,round1-day-2,-2,655100,71,71,long_60_plus,9988,9998,10,9993.0,9995.142857142857,-7.0,cheap,0.42857142857142855,2.142857142856883,buy_pressure,-2.0,True,shock,2,passive_two_sided,mm_inside,0,0,0,6,11,6,0,0,hold,hold,712035.0,mm_join_12,0.0,712035.0,0.0,,,,
none,round1-day-2,-2,656400,71,71,long_60_plus,9989,9999,10,9994.0,9997.235294117647,-6.0,cheap,0.6470588235294118,3.235294117646845,buy_pressure,-4.5,True,shock,2,passive_two_sided,mm_inside,0,0,0,6,11,6,0,0,hold,hold,712035.0,mm_join_12,0.0,712035.0,0.0,,,,
none,round1-day-2,-2,657300,71,71,long_60_plus,9996,10006,10,10001.0,9998.307692307691,1.0,neutral,-0.5384615384615384,-2.692307692308532,sell_pressure,2.0,False,steady,2,passive_two_sided,mm_inside,0,0,0,9,14,0,14,0,hold,hold,712035.0,mm_join_12,0.0,712035.0,0.0,,,,
none,round1-day-2,-2,657700,71,71,long_60_plus,9996,10007,11,10001.5,9998.75,1.5,neutral,-0.5,-2.75,sell_pressure,1.5,False,steady,2,passive_two_sided,mm_inside,0,0,0,9,14,0,14,0,hold,hold,712035.0,mm_join_12,0.0,712035.0,0.0,,,,
none,round1-day-2,-2,658200,71,71,long_60_plus,9991,10000,9,9995.5,9998.5,-4.5,cheap,0.6666666666666666,3.0,buy_pressure,-3.5,True,shock,1,passive_one_sided_buy,one_sided_mm,0,0,0,6,0,6,0,0,hold,hold,712035.0,mm_join_12,0.0,712035.0,0.0,passive_inside_buy,,,
none,round1-day-2,-2,660200,65,65,long_60_plus,9990,10000,10,9995.0,9998.57142857143,-5.0,cheap,0.7142857142857143,3.571428571429351,buy_pressure,-3.0,False,steady,1,passive_one_sided_buy,one_sided_mm,0,0,0,9,0,9,0,0,hold,hold,652035.0,mm_join_12,0.0,652035.0,0.0,passive_inside_buy,,,
none,round1-day-2,-2,662200,65,65,long_60_plus,9995,10006,11,10000.5,9997.538461538461,0.5,neutral,-0.5384615384615384,-2.9615384615390212,sell_pressure,2.5,False,steady,2,passive_two_sided,mm_inside,0,0,0,9,14,0,14,0,sell_take1_16,take1,651987.0,hold,7.0,651980.0,7.0,,,,
none,round1-day-2,-2,662700,65,65,long_60_plus,9987,9999,12,9993.0,9998.25,-7.0,cheap,0.875,5.25,buy_pressure,-5.5,True,shock,1,passive_one_sided_buy,one_sided_mm,0,0,0,6,0,6,0,0,hold,hold,651980.0,mm_join_12,0.0,651980.0,0.0,passive_inside_buy,,,
none,round1-day-2,-2,665200,78,78,long_60_plus,9994,10004,10,9999.0,9996.5,-1.0,neutral,-0.5,-2.5,sell_pressure,8.0,True,shock,2,passive_two_sided,mm_inside,0,0,0,2,11,0,11,0,sell_take1_16,take1,781894.0,hold,4.0,781890.0,4.0,,,,
none,round1-day-2,-2,671100,69,69,long_60_plus,9988,9998,10,9993.0,9995.5,-7.0,cheap,0.5,2.5,buy_pressure,-3.0,True,shock,2,passive_two_sided,mm_inside,0,0,0,6,11,6,0,0,hold,hold,691908.0,mm_join_12,0.0,691908.0,0.0,,,,
none,round1-day-2,-2,673700,80,80,long_60_plus,9992,10003,11,9997.5,9994.315789473685,-2.5,cheap,-0.5789473684210527,-3.184210526314928,sell_pressure,7.5,True,shock,1,passive_one_sided_sell,one_sided_mm,0,0,0,0,11,0,11,0,hold,hold,801840.0,mm_join_12,0.0,801840.0,0.0,passive_inside_sell,,,
none,round1-day-2,-2,677900,80,80,long_60_plus,9988,9998,10,9993.0,9996.823529411764,-7.0,cheap,0.7647058823529411,3.823529411763957,buy_pressure,-3.0,True,shock,1,passive_one_sided_sell,one_sided_mm,0,0,0,0,11,0,0,0,hold,hold,801820.0,mm_join_12,0.0,801820.0,0.0,passive_inside_sell,,,
none,round1-day-2,-2,679200,80,80,long_60_plus,9985,9997,12,9991.0,9995.615384615385,-9.0,cheap,0.7692307692307693,4.615384615384755,buy_pressure,-5.0,True,shock,1,passive_one_sided_sell,one_sided_mm,0,0,0,0,11,0,0,0,hold,hold,801820.0,mm_join_12,0.0,801820.0,0.0,passive_inside_sell,1,9,1.0
none,round1-day-2,-2,680700,80,80,long_60_plus,9989,9998,9,9993.5,9995.35294117647,-6.5,cheap,0.4117647058823529,1.8529411764702672,buy_pressure,-2.5,True,shock,1,passive_one_sided_sell,one_sided_mm,0,0,0,0,11,0,0,0,hold,hold,801820.0,mm_join_12,0.0,801820.0,0.0,passive_inside_sell,,,
none,round1-day-2,-2,682900,75,75,long_60_plus,9996,10007,11,10001.5,9997.833333333334,1.5,neutral,-0.6666666666666666,-3.6666666666660603,sell_pressure,2.5,False,steady,2,passive_two_sided,mm_inside,0,0,0,5,14,0,14,0,hold,hold,751825.0,mm_join_12,0.0,751825.0,0.0,,,,
none,round1-day-2,-2,685000,75,75,long_60_plus,9987,9999,12,9993.0,9997.064516129032,-7.0,cheap,0.6774193548387096,4.064516129032199,buy_pressure,-4.0,True,shock,1,passive_one_sided_buy,one_sided_mm,0,0,0,5,0,5,0,0,hold,hold,751825.0,mm_join_12,0.0,751825.0,0.0,passive_inside_buy,,,
none,round1-day-2,-2,688900,75,75,long_60_plus,9996,10007,11,10001.5,9998.894736842105,1.5,neutral,-0.47368421052631576,-2.605263157895024,sell_pressure,2.5,False,steady,2,passive_two_sided,mm_inside,0,0,0,5,14,0,14,0,hold,hold,751825.0,mm_join_12,0.0,751825.0,0.0,,,,
none,round1-day-2,-2,690200,77,77,long_60_plus,9995,10006,11,10000.5,9997.315789473685,0.5,neutral,-0.5789473684210527,-3.184210526314928,sell_pressure,2.5,False,steady,2,passive_two_sided,mm_inside,0,0,0,3,14,0,14,0,hold,hold,771789.0,mm_join_12,0.0,771789.0,0.0,,,,
none,round1-day-2,-2,693100,77,77,long_60_plus,9996,10007,11,10001.5,9997.692307692309,1.5,neutral,-0.6923076923076923,-3.807692307691468,sell_pressure,1.5,False,steady,2,passive_two_sided,mm_inside,0,0,0,3,14,0,14,0,sell_take1_16,take1,771789.0,hold,4.0,771785.0,4.0,,,,
none,round1-day-2,-2,696000,77,77,long_60_plus,9997,10007,10,10002.0,9999.142857142857,2.0,rich,-0.5714285714285714,-2.857142857143117,sell_pressure,2.0,False,steady,1,passive_one_sided_buy,one_sided_mm,0,0,0,3,0,0,0,0,sell_take1_16,take1,771785.0,hold,3.0,771782.0,3.0,passive_inside_buy,,,
none,round1-day-2,-2,696200,77,77,long_60_plus,9997,10008,11,10002.5,10000.142857142857,2.5,rich,-0.42857142857142855,-2.357142857143117,sell_pressure,1.5,False,steady,1,passive_one_sided_sell,one_sided_mm,0,0,0,0,14,0,14,0,sell_take1_16,take1,771782.0,hold,8.0,771774.0,8.0,passive_inside_sell,,,
none,round1-day-2,-2,697400,77,77,long_60_plus,9998,10008,10,10003.0,9999.42857142857,3.0,rich,-0.7142857142857143,-3.571428571429351,sell_pressure,-5.0,True,shock,1,passive_one_sided_sell,one_sided_mm,0,0,0,0,14,0,14,0,sell_take1_16,take1,771774.0,hold,7.0,771767.0,7.0,passive_inside_sell,,,
none,round1-day-2,-2,697500,77,77,long_60_plus,9992,10002,10,9997.0,9998.875,-3.0,cheap,0.375,1.875,buy_pressure,-6.0,True,shock,1,passive_one_sided_buy,one_sided_mm,0,0,0,3,0,3,0,0,hold,hold,771767.0,mm_join_12,0.0,771767.0,0.0,passive_inside_buy,,,
none,round1-day-2,-2,697600,77,77,long_60_plus,9992,10002,10,9997.0,9999.5,-3.0,cheap,0.5,2.5,buy_pressure,0.0,False,steady,1,passive_one_sided_buy,one_sided_mm,0,0,0,3,0,3,0,0,hold,hold,771767.0,mm_join_12,0.0,771767.0,0.0,passive_inside_buy,,,
none,round1-day-2,-2,700800,80,80,long_60_plus,9991,10000,9,9995.5,9997.75,-4.5,cheap,0.5,2.25,buy_pressure,-3.5,True,shock,0,hold,hold,0,0,0,0,0,0,0,0,hold,hold,801751.0,mm_join_12,0.0,801751.0,0.0,,,,
none,round1-day-2,-2,703700,80,80,long_60_plus,9996,10006,10,10001.0,9997.333333333334,1.0,neutral,-0.7333333333333333,-3.6666666666660603,sell_pressure,3.0,False,steady,1,passive_one_sided_sell,one_sided_mm,0,0,0,0,14,0,14,0,hold,hold,801751.0,mm_join_12,0.0,801751.0,0.0,passive_inside_sell,,,
none,round1-day-2,-2,704400,80,80,long_60_plus,9996,10006,10,10001.0,9998.142857142857,1.0,neutral,-0.5714285714285714,-2.857142857143117,sell_pressure,-8.0,True,shock,1,passive_one_sided_sell,one_sided_mm,0,0,0,0,14,0,14,0,sell_take1_16,take1,801751.0,hold,4.0,801747.0,4.0,passive_inside_sell,,,
none,round1-day-2,-2,705800,80,80,long_60_plus,9990,10000,10,9995.0,9998.0,-5.0,cheap,0.6,3.0,buy_pressure,-3.0,False,steady,0,hold,hold,0,0,0,0,0,0,0,0,hold,hold,801747.0,mm_join_12,0.0,801747.0,0.0,,,,
none,round1-day-2,-2,706100,80,80,long_60_plus,9995,10006,11,10000.5,9997.75,0.5,neutral,-0.5,-2.75,sell_pressure,2.5,False,steady,1,passive_one_sided_sell,one_sided_mm,0,0,0,0,14,0,14,0,sell_take1_16,take1,801747.0,hold,12.0,801735.0,12.0,passive_inside_sell,,,
none,round1-day-2,-2,706400,80,80,long_60_plus,9997,10008,11,10002.5,9999.357142857143,2.5,rich,-0.5714285714285714,-3.142857142856883,sell_pressure,3.5,True,shock,1,passive_one_sided_sell,one_sided_mm,0,0,0,0,11,0,11,0,sell_take1_16,take1,801735.0,hold,3.0,801732.0,3.0,passive_inside_sell,,,
none,round1-day-2,-2,707400,80,80,long_60_plus,9993,10003,10,9998.0,10001.461538461539,-2.0,cheap,0.6923076923076923,3.4615384615390212,buy_pressure,-3.0,False,steady,0,hold,hold,0,0,0,0,0,0,0,0,hold,hold,801732.0,mm_join_12,0.0,801732.0,0.0,,,,
none,round1-day-2,-2,707800,80,80,long_60_plus,9999,10010,11,10004.5,10001.315789473685,4.5,rich,-0.5789473684210527,-3.184210526314928,sell_pressure,2.5,False,steady,1,passive_one_sided_sell,one_sided_mm,0,0,0,0,14,0,14,0,sell_take1_16,take1,801732.0,sell_take2_32,6.0,801716.0,16.0,passive_inside_sell,,,
none,round1-day-2,-2,712300,80,80,long_60_plus,9991,10001,10,9996.0,9998.5,-4.0,cheap,0.5,2.5,buy_pressure,-2.0,False,steady,0,hold,hold,0,0,0,0,0,0,0,0,hold,hold,801716.0,mm_join_12,0.0,801716.0,0.0,,,,
none,round1-day-2,-2,715700,80,80,long_60_plus,9986,9998,12,9992.0,9996.838709677419,-8.0,cheap,0.8064516129032258,4.838709677418592,buy_pressure,-5.0,True,shock,1,passive_one_sided_sell,one_sided_mm,0,0,0,0,11,0,0,0,hold,hold,801716.0,mm_join_12,0.0,801716.0,0.0,passive_inside_sell,1,9,1.0
none,round1-day-2,-2,719000,80,80,long_60_plus,9995,10006,11,10000.5,9998.142857142857,0.5,neutral,-0.42857142857142855,-2.357142857143117,sell_pressure,2.5,False,steady,1,passive_one_sided_sell,one_sided_mm,0,0,0,0,14,0,14,0,hold,hold,801716.0,mm_join_12,0.0,801716.0,0.0,passive_inside_sell,,,
none,round1-day-2,-2,722100,80,80,long_60_plus,9989,9999,10,9994.0,9997.333333333334,-6.0,cheap,0.6666666666666666,3.3333333333339397,buy_pressure,-5.0,True,shock,0,hold,hold,0,0,0,0,0,0,0,0,hold,hold,801716.0,mm_join_12,0.0,801716.0,0.0,,,,
none,round1-day-2,-2,722400,80,80,long_60_plus,9995,10006,11,10000.5,9997.933333333332,0.5,neutral,-0.4666666666666667,-2.5666666666675155,sell_pressure,8.0,True,shock,1,passive_one_sided_sell,one_sided_mm,0,0,0,0,11,0,11,0,hold,hold,801716.0,mm_join_12,0.0,801716.0,0.0,passive_inside_sell,,,
none,round1-day-2,-2,727800,71,71,long_60_plus,9992,10001,9,9996.5,9999.5,-3.5,cheap,0.6666666666666666,3.0,buy_pressure,-5.0,True,shock,1,passive_one_sided_buy,one_sided_mm,0,0,0,6,0,6,0,0,hold,hold,711698.0,mm_join_12,0.0,711698.0,0.0,passive_inside_buy,,,
none,round1-day-2,-2,728200,71,71,long_60_plus,9997,10007,10,10002.0,9999.0,2.0,rich,-0.6,-3.0,sell_pressure,1.0,False,steady,1,passive_one_sided_buy,one_sided_mm,0,0,0,9,0,0,0,0,sell_take1_16,take1,711698.0,hold,3.0,711695.0,3.0,passive_inside_buy,,,
none,round1-day-2,-2,734800,65,65,long_60_plus,9989,9999,10,9994.0,9996.142857142857,-6.0,cheap,0.42857142857142855,2.142857142856883,buy_pressure,-8.0,True,shock,2,passive_two_sided,mm_inside,0,0,0,6,11,6,0,0,hold,hold,651695.0,mm_join_12,0.0,651695.0,0.0,,,,
none,round1-day-2,-2,735100,65,65,long_60_plus,9995,10005,10,10000.0,9997.941176470587,0.0,neutral,-0.4117647058823529,-2.0588235294126207,sell_pressure,3.0,False,steady,2,passive_two_sided,mm_inside,0,0,0,9,14,0,14,0,hold,hold,651695.0,mm_join_12,0.0,651695.0,0.0,,,,
none,round1-day-2,-2,736500,65,65,long_60_plus,9987,9996,9,9991.5,9993.35294117647,-8.5,cheap,0.4117647058823529,1.8529411764702672,buy_pressure,-4.0,True,shock,2,passive_two_sided,mm_inside,0,0,0,6,11,6,0,0,hold,hold,651685.0,mm_join_12,0.0,651685.0,0.0,,,,
none,round1-day-2,-2,739000,61,61,long_60_plus,9996,10006,10,10001.0,9998.142857142857,1.0,neutral,-0.5714285714285714,-2.857142857143117,sell_pressure,-6.0,True,shock,2,passive_two_sided,mm_inside,0,0,0,9,14,0,14,0,sell_take1_16,take1,611681.0,hold,3.0,611678.0,3.0,,,,
none,round1-day-2,-2,741400,71,71,long_60_plus,9990,10000,10,9995.0,9998.0,-5.0,cheap,0.6,3.0,buy_pressure,1.5,False,steady,1,passive_one_sided_buy,one_sided_mm,0,0,0,9,0,9,0,0,hold,hold,711638.0,mm_join_12,0.0,711638.0,0.0,passive_inside_buy,,,
none,round1-day-2,-2,741700,71,71,long_60_plus,9991,10000,9,9995.5,9998.8,-4.5,cheap,0.7333333333333333,3.2999999999992724,buy_pressure,-3.5,True,shock,2,passive_two_sided,mm_inside,0,0,0,6,11,6,0,0,hold,hold,711638.0,mm_join_12,0.0,711638.0,0.0,,,,
none,round1-day-2,-2,741800,71,71,long_60_plus,9996,10007,11,10001.5,9997.692307692309,1.5,neutral,-0.6923076923076923,-3.807692307691468,sell_pressure,6.0,True,shock,2,passive_two_sided,mm_inside,0,0,0,6,11,0,11,0,hold,hold,711638.0,mm_join_12,0.0,711638.0,0.0,,,,
none,round1-day-2,-2,742500,71,71,long_60_plus,9997,10007,10,10002.0,9999.142857142857,2.0,rich,-0.5714285714285714,-2.857142857143117,sell_pressure,-5.0,True,shock,1,passive_one_sided_buy,one_sided_mm,0,0,0,9,0,0,0,0,hold,hold,711638.0,mm_join_12,0.0,711638.0,0.0,passive_inside_buy,,,
none,round1-day-2,-2,742900,64,64,long_60_plus,9991,10000,9,9995.5,9997.882352941177,-4.5,cheap,0.5294117647058824,2.3823529411765776,buy_pressure,-8.0,True,shock,2,passive_two_sided,mm_inside,0,0,0,6,11,6,0,0,hold,hold,641638.0,mm_join_12,0.0,641638.0,0.0,,,,
none,round1-day-2,-2,746700,64,64,long_60_plus,9989,9999,10,9994.0,9996.222222222223,-6.0,cheap,0.4444444444444444,2.2222222222226264,buy_pressure,-3.0,True,shock,2,passive_two_sided,mm_inside,0,0,0,6,11,6,0,0,hold,hold,641638.0,mm_join_12,0.0,641638.0,0.0,,,,
none,round1-day-2,-2,748100,64,64,long_60_plus,9995,10005,10,10000.0,9997.105263157895,0.0,neutral,-0.5789473684210527,-2.894736842104976,sell_pressure,4.0,True,shock,2,passive_two_sided,mm_inside,0,0,0,6,11,0,11,0,hold,hold,641638.0,mm_join_12,0.0,641638.0,0.0,,,,
none,round1-day-2,-2,748700,64,64,long_60_plus,9994,10004,10,9999.0,9996.631578947368,-1.0,neutral,-0.47368421052631576,-2.3684210526316747,sell_pressure,1.5,False,steady,2,passive_two_sided,mm_inside,0,0,0,9,14,0,14,0,hold,hold,641638.0,mm_join_12,0.0,641638.0,0.0,,,,
none,round1-day-2,-2,748900,64,64,long_60_plus,9988,9998,10,9993.0,9995.5,-7.0,cheap,0.5,2.5,buy_pressure,-3.0,True,shock,2,passive_two_sided,mm_inside,0,0,0,6,11,6,0,0,hold,hold,641638.0,mm_join_12,0.0,641638.0,0.0,,,,
none,round1-day-2,-2,749600,64,64,long_60_plus,9994,10007,13,10000.5,9995.733333333334,0.5,neutral,-0.7333333333333333,-4.766666666666424,sell_pressure,3.0,False,steady,2,passive_two_sided,mm_inside,0,0,0,9,14,0,14,0,hold,hold,641638.0,mm_join_12,0.0,641638.0,0.0,,,,
none,round1-day-2,-2,755200,64,64,long_60_plus,9995,10005,10,10000.0,9997.142857142857,0.0,neutral,-0.5714285714285714,-2.857142857143117,sell_pressure,3.0,False,steady,2,passive_two_sided,mm_inside,0,0,0,9,14,0,14,0,hold,hold,641638.0,mm_join_12,0.0,641638.0,0.0,,,,
none,round1-day-2,-2,755800,60,60,long_60_plus,9993,10006,13,9999.5,9994.625,-0.5,neutral,-0.75,-4.875,sell_pressure,-1.0,False,steady,2,passive_two_sided,mm_inside,0,0,0,9,14,0,14,0,hold,hold,601650.0,mm_join_12,0.0,601650.0,0.0,,,,
none,round1-day-2,-2,758500,60,60,long_60_plus,9994,10005,11,9999.5,9997.055555555555,-0.5,neutral,-0.4444444444444444,-2.444444444445253,sell_pressure,2.5,False,steady,2,passive_two_sided,mm_inside,0,0,0,9,14,0,14,0,hold,hold,601650.0,mm_join_12,0.0,601650.0,0.0,,,,
none,round1-day-2,-2,758900,60,60,long_60_plus,9989,9998,9,9993.5,9996.941176470587,-6.5,cheap,0.7647058823529411,3.4411764705873793,buy_pressure,-2.5,True,shock,2,passive_two_sided,mm_inside,0,0,0,6,11,6,0,0,hold,hold,601650.0,mm_join_12,0.0,601650.0,0.0,,,,
none,round1-day-2,-2,759800,70,70,long_60_plus,9989,9998,9,9993.5,9996.411764705883,-6.5,cheap,0.6470588235294118,2.911764705882888,buy_pressure,-4.5,True,shock,2,passive_two_sided,mm_inside,0,0,0,6,11,6,0,0,hold,hold,701590.0,mm_join_12,0.0,701590.0,0.0,,,,
none,round1-day-2,-2,760700,66,66,long_60_plus,9988,9998,10,9993.0,9995.857142857143,-7.0,cheap,0.5714285714285714,2.857142857143117,buy_pressure,-4.0,True,shock,2,passive_two_sided,mm_inside,0,0,0,6,11,6,0,0,hold,hold,661598.0,mm_join_12,0.0,661598.0,0.0,,,,
none,round1-day-2,-2,762000,66,66,long_60_plus,9989,9998,9,9993.5,9996.8,-6.5,cheap,0.7333333333333333,3.2999999999992724,buy_pressure,-3.5,True,shock,2,passive_two_sided,mm_inside,0,0,0,6,11,6,0,0,hold,hold,661598.0,mm_join_12,0.0,661598.0,0.0,,,,
none,round1-day-2,-2,762900,66,66,long_60_plus,9995,10005,10,10000.0,9997.857142857143,0.0,neutral,-0.42857142857142855,-2.142857142856883,sell_pressure,3.0,False,steady,2,passive_two_sided,mm_inside,0,0,0,9,14,0,14,0,hold,hold,661598.0,mm_join_12,0.0,661598.0,0.0,,,,
none,round1-day-2,-2,763600,66,66,long_60_plus,9986,9998,12,9992.0,9996.588235294117,-8.0,cheap,0.7647058823529411,4.588235294117112,buy_pressure,-5.0,True,shock,2,passive_two_sided,mm_inside,0,0,0,6,11,6,0,0,hold,hold,661598.0,mm_join_12,0.0,661598.0,0.0,,,,
none,round1-day-2,-2,764600,66,66,long_60_plus,9988,9997,9,9992.5,9995.105263157895,-7.5,cheap,0.5789473684210527,2.605263157895024,buy_pressure,-3.5,True,shock,2,passive_two_sided,mm_inside,0,0,0,6,11,6,0,0,hold,hold,661598.0,mm_join_12,0.0,661598.0,0.0,,,,
none,round1-day-2,-2,765200,66,66,long_60_plus,9993,10003,10,9998.0,9995.0,-2.0,cheap,-0.6,-3.0,sell_pressure,4.0,True,shock,2,passive_two_sided,mm_inside,0,0,0,6,11,0,11,0,hold,hold,661598.0,mm_join_12,0.0,661598.0,0.0,,,,
none,round1-day-2,-2,766000,66,66,long_60_plus,9992,10003,11,9997.5,9995.142857142857,-2.5,cheap,-0.42857142857142855,-2.357142857143117,sell_pressure,2.5,False,steady,2,passive_two_sided,mm_inside,0,0,0,9,14,0,14,0,hold,hold,661598.0,mm_join_12,0.0,661598.0,0.0,,,,
none,round1-day-2,-2,770400,60,60,long_60_plus,9994,10005,11,9999.5,9996.357142857143,-0.5,neutral,-0.5714285714285714,-3.142857142856883,sell_pressure,2.5,False,steady,2,passive_two_sided,mm_inside,0,0,0,9,14,0,14,0,hold,hold,601600.0,mm_join_12,0.0,601600.0,0.0,,,,
none,round1-day-2,-2,771700,60,60,long_60_plus,9989,9999,10,9994.0,9996.857142857143,-6.0,cheap,0.5714285714285714,2.857142857143117,buy_pressure,-3.0,True,shock,2,passive_two_sided,mm_inside,0,0,0,6,11,6,0,0,hold,hold,601600.0,mm_join_12,0.0,601600.0,0.0,,,,
none,round1-day-2,-2,773800,60,60,long_60_plus,9990,9999,9,9994.5,9997.07142857143,-5.5,cheap,0.5714285714285714,2.571428571429351,buy_pressure,-3.0,False,steady,1,passive_one_sided_buy,one_sided_mm,0,0,0,9,0,9,0,0,hold,hold,601600.0,mm_join_12,0.0,601600.0,0.0,passive_inside_buy,,,
none,round1-day-2,-2,774300,60,60,long_60_plus,9989,9999,10,9994.0,9997.666666666666,-6.0,cheap,0.7333333333333333,3.6666666666660603,buy_pressure,-4.0,True,shock,2,passive_two_sided,mm_inside,0,0,0,6,11,6,0,0,hold,hold,601600.0,mm_join_12,0.0,601600.0,0.0,,,,
none,round1-day-2,-2,776000,60,60,long_60_plus,9989,9999,10,9994.0,9996.857142857143,-6.0,cheap,0.5714285714285714,2.857142857143117,buy_pressure,-3.0,True,shock,2,passive_two_sided,mm_inside,0,0,0,6,11,6,0,0,hold,hold,601600.0,mm_join_12,0.0,601600.0,0.0,,,,
none,round1-day-2,-2,778200,60,60,long_60_plus,9989,9999,10,9994.0,9996.894736842105,-6.0,cheap,0.5789473684210527,2.894736842104976,buy_pressure,4.0,True,shock,2,passive_two_sided,mm_inside,0,0,0,6,11,6,0,0,hold,hold,601600.0,mm_join_12,0.0,601600.0,0.0,,,,
none,round1-day-2,-2,779200,63,63,long_60_plus,9995,10006,11,10000.5,9997.933333333332,0.5,neutral,-0.4666666666666667,-2.5666666666675155,sell_pressure,2.5,False,steady,2,passive_two_sided,mm_inside,0,0,0,9,14,0,14,0,hold,hold,631582.0,mm_join_12,0.0,631582.0,0.0,,,,
none,round1-day-2,-2,780700,63,59,long_60_plus,9998,10007,9,10002.5,9999.44,2.5,rich,-0.68,-3.0599999999994907,sell_pressure,13.5,True,shock,2,clear_sell,take1,0,4,4,0,14,0,14,1,sell_take1_16,take1,631582.0,hold,12.0,631582.0,0.0,take_b1,,,
none,round1-day-2,-2,781700,59,59,long_40_59,9988,9997,9,9992.5,9995.5,-7.5,cheap,0.6666666666666666,3.0,buy_pressure,-3.0,True,shock,2,passive_two_sided,mm_inside,0,0,0,6,11,6,0,0,hold,hold,591590.0,mm_join_12,0.0,591590.0,0.0,,,,
none,round1-day-2,-2,785900,72,72,long_60_plus,9993,10004,11,9998.5,9995.75,-1.5,neutral,-0.5,-2.75,sell_pressure,3.5,True,shock,2,passive_two_sided,mm_inside,0,0,0,6,11,0,11,0,hold,hold,721510.0,mm_join_12,0.0,721510.0,0.0,,,,
none,round1-day-2,-2,788300,78,78,long_60_plus,9993,10003,10,9998.0,9994.25,-2.0,cheap,-0.75,-3.75,sell_pressure,3.0,False,steady,2,passive_two_sided,mm_inside,0,0,0,2,14,2,14,0,sell_take1_16,take1,781468.0,sell_take2_32,0.0,781467.0,1.0,,,,
none,round1-day-2,-2,789800,73,73,long_60_plus,9993,10006,13,9999.5,9995.6,-0.5,neutral,-0.6,-3.899999999999636,sell_pressure,4.0,True,shock,2,passive_two_sided,mm_inside,0,0,0,6,11,0,11,0,hold,hold,731482.0,mm_join_12,0.0,731482.0,0.0,,,,
none,round1-day-2,-2,792200,73,73,long_60_plus,9993,10003,10,9998.0,9995.0,-2.0,cheap,-0.6,-3.0,sell_pressure,3.0,False,steady,2,passive_two_sided,mm_inside,0,0,0,7,14,0,14,0,hold,hold,731482.0,mm_join_12,0.0,731482.0,0.0,,,,
none,round1-day-2,-2,793800,73,73,long_60_plus,9987,9996,9,9991.5,9993.882352941177,-8.5,cheap,0.5294117647058824,2.3823529411765776,buy_pressure,-3.5,True,shock,2,passive_two_sided,mm_inside,0,0,0,6,11,6,0,0,hold,hold,731469.0,mm_join_12,0.0,731469.0,0.0,,,,
none,round1-day-2,-2,797400,73,73,long_60_plus,9984,9996,12,9990.0,9995.04,-10.0,cheap,0.84,5.040000000000873,buy_pressure,-5.0,True,shock,2,passive_two_sided,mm_inside,0,0,0,6,11,6,0,0,hold,hold,731457.0,mm_join_12,0.0,731457.0,0.0,,,,
none,round1-day-2,-2,799100,73,73,long_60_plus,9985,9997,12,9991.0,9995.235294117647,-9.0,cheap,0.7058823529411765,4.235294117646845,buy_pressure,-5.0,True,shock,2,passive_two_sided,mm_inside,0,0,0,6,11,6,0,0,hold,hold,731457.0,mm_join_12,0.0,731457.0,0.0,,,,
none,round1-day-2,-2,800100,73,73,long_60_plus,9988,9997,9,9992.5,9995.3125,-7.5,cheap,0.625,2.8125,buy_pressure,-1.5,True,shock,2,passive_two_sided,mm_inside,0,0,0,6,11,6,0,0,hold,hold,731457.0,mm_join_12,0.0,731457.0,0.0,,,,
none,round1-day-2,-2,800500,73,73,long_60_plus,9988,9997,9,9992.5,9994.35294117647,-7.5,cheap,0.4117647058823529,1.8529411764702672,buy_pressure,-3.5,True,shock,2,passive_two_sided,mm_inside,0,0,0,6,11,6,0,0,hold,hold,731457.0,mm_join_12,0.0,731457.0,0.0,,,,
none,round1-day-2,-2,802400,73,73,long_60_plus,9992,10002,10,9997.0,9993.25,-3.0,cheap,-0.75,-3.75,sell_pressure,4.0,True,shock,2,passive_two_sided,mm_inside,0,0,0,6,11,0,11,0,hold,hold,731457.0,mm_join_12,0.0,731457.0,0.0,,,,
none,round1-day-2,-2,808400,73,73,long_60_plus,9990,10001,11,9995.5,9991.692307692309,-4.5,cheap,-0.6923076923076923,-3.807692307691468,sell_pressure,2.5,False,steady,2,passive_two_sided,mm_inside,0,0,0,7,14,0,14,0,hold,hold,731450.0,mm_join_12,0.0,731450.0,0.0,,,,
none,round1-day-2,-2,810400,73,73,long_60_plus,9988,9998,10,9993.0,9989.42857142857,-7.0,cheap,-0.7142857142857143,-3.571428571429351,sell_pressure,3.0,True,shock,2,passive_two_sided,mm_inside,0,0,0,6,11,0,11,0,hold,hold,731450.0,mm_join_12,0.0,731450.0,0.0,,,,
none,round1-day-2,-2,810900,73,73,long_60_plus,9989,10000,11,9994.5,9992.4375,-5.5,cheap,-0.375,-2.0625,sell_pressure,2.5,False,steady,2,passive_two_sided,mm_inside,0,0,0,7,14,0,14,0,hold,hold,731450.0,mm_join_12,0.0,731450.0,0.0,,,,
none,round1-day-2,-2,811300,73,73,long_60_plus,9985,9994,9,9989.5,9991.631578947368,-10.5,cheap,0.47368421052631576,2.1315789473683253,buy_pressure,-2.0,True,shock,1,passive_one_sided_buy,one_sided_mm,0,0,0,6,0,6,0,0,hold,hold,731450.0,mm_join_12,0.0,731450.0,0.0,passive_inside_buy,,,
none,round1-day-2,-2,812100,73,73,long_60_plus,9991,10002,11,9996.5,9994.666666666666,-3.5,cheap,-0.3333333333333333,-1.8333333333339397,mixed_pressure,3.5,True,shock,2,passive_two_sided,mm_inside,0,0,0,6,11,0,11,0,hold,hold,731450.0,mm_join_12,0.0,731450.0,0.0,,,,
none,round1-day-2,-2,812600,73,73,long_60_plus,9991,10002,11,9996.5,9993.894736842105,-3.5,cheap,-0.47368421052631576,-2.605263157895024,sell_pressure,2.0,False,steady,2,passive_two_sided,mm_inside,0,0,0,7,14,0,14,0,hold,hold,731450.0,mm_join_12,0.0,731450.0,0.0,,,,
none,round1-day-2,-2,815800,80,80,long_60_plus,9993,10003,10,9998.0,9995.5,-2.0,cheap,-0.5,-2.5,sell_pressure,3.0,False,steady,1,passive_one_sided_sell,one_sided_mm,0,0,0,0,14,0,14,0,sell_take1_16,take1,801377.0,hold,23.0,801354.0,23.0,passive_inside_sell,,,
none,round1-day-2,-2,816300,80,80,long_60_plus,9988,9998,10,9993.0,9995.5,-7.0,cheap,0.5,2.5,buy_pressure,-3.0,True,shock,1,passive_one_sided_sell,one_sided_mm,0,0,0,0,11,0,0,0,hold,hold,801354.0,mm_join_12,0.0,801354.0,0.0,passive_inside_sell,,,
none,round1-day-2,-2,818300,80,80,long_60_plus,9988,9998,10,9993.0,9996.75,-7.0,cheap,0.75,3.75,buy_pressure,-3.0,True,shock,1,passive_one_sided_sell,one_sided_mm,0,0,0,0,11,0,0,0,hold,hold,801354.0,mm_join_12,0.0,801354.0,0.0,passive_inside_sell,,,
none,round1-day-2,-2,820500,80,80,long_60_plus,9994,10007,13,10000.5,9995.3,0.5,neutral,-0.8,-5.200000000000728,sell_pressure,4.5,True,shock,1,passive_one_sided_sell,one_sided_mm,0,0,0,0,11,0,11,0,hold,hold,801354.0,mm_join_12,0.0,801354.0,0.0,passive_inside_sell,,,
none,round1-day-2,-2,821300,80,80,long_60_plus,9989,9998,9,9993.5,9995.75,-6.5,cheap,0.5,2.25,buy_pressure,-5.0,True,shock,1,passive_one_sided_sell,one_sided_mm,0,0,0,0,11,0,0,0,hold,hold,801354.0,mm_join_12,0.0,801354.0,0.0,passive_inside_sell,,,
none,round1-day-2,-2,822900,80,80,long_60_plus,9989,9998,9,9993.5,9995.75,-6.5,cheap,0.5,2.25,buy_pressure,-1.5,True,shock,1,passive_one_sided_sell,one_sided_mm,0,0,0,0,11,0,0,0,hold,hold,801354.0,mm_join_12,0.0,801354.0,0.0,passive_inside_sell,,,
none,round1-day-2,-2,823600,80,80,long_60_plus,9989,9998,9,9993.5,9995.35294117647,-6.5,cheap,0.4117647058823529,1.8529411764702672,buy_pressure,-3.5,True,shock,1,passive_one_sided_sell,one_sided_mm,0,0,0,0,11,0,0,0,hold,hold,801354.0,mm_join_12,0.0,801354.0,0.0,passive_inside_sell,,,
none,round1-day-2,-2,823900,80,80,long_60_plus,9988,9998,10,9993.0,9994.666666666666,-7.0,cheap,0.3333333333333333,1.6666666666660603,mixed_pressure,-3.0,True,shock,1,passive_one_sided_sell,one_sided_mm,0,0,0,0,11,0,0,0,hold,hold,801354.0,mm_join_12,0.0,801354.0,0.0,passive_inside_sell,,,
none,round1-day-2,-2,824900,80,80,long_60_plus,9993,10006,13,9999.5,9994.258064516129,-0.5,neutral,-0.8064516129032258,-5.2419354838712025,sell_pressure,4.5,True,shock,1,passive_one_sided_sell,one_sided_mm,0,0,0,0,11,0,11,0,hold,hold,801354.0,mm_join_12,0.0,801354.0,0.0,passive_inside_sell,,,
none,round1-day-2,-2,825700,80,80,long_60_plus,9988,9998,10,9993.0,9995.894736842105,-7.0,cheap,0.5789473684210527,2.894736842104976,buy_pressure,-4.5,True,shock,1,passive_one_sided_sell,one_sided_mm,0,0,0,0,11,0,0,0,hold,hold,801354.0,mm_join_12,0.0,801354.0,0.0,passive_inside_sell,,,
none,round1-day-2,-2,827200,80,80,long_60_plus,9989,9998,9,9993.5,9996.941176470587,-6.5,cheap,0.7647058823529411,3.4411764705873793,buy_pressure,-2.5,True,shock,1,passive_one_sided_sell,one_sided_mm,0,0,0,0,11,0,0,0,hold,hold,801354.0,mm_join_12,0.0,801354.0,0.0,passive_inside_sell,,,
none,round1-day-2,-2,828600,80,80,long_60_plus,9995,10006,11,10000.5,9996.833333333334,0.5,neutral,-0.6666666666666666,-3.6666666666660603,sell_pressure,2.5,False,steady,1,passive_one_sided_sell,one_sided_mm,0,0,0,0,14,0,14,0,hold,hold,801354.0,mm_join_12,0.0,801354.0,0.0,passive_inside_sell,,,
none,round1-day-2,-2,828800,80,80,long_60_plus,9990,9999,9,9994.5,9996.6,-5.5,cheap,0.4666666666666667,2.100000000000364,buy_pressure,-5.0,True,shock,1,passive_one_sided_sell,one_sided_mm,0,0,0,0,11,0,0,0,hold,hold,801354.0,mm_join_12,0.0,801354.0,0.0,passive_inside_sell,,,
none,round1-day-2,-2,830300,80,80,long_60_plus,9992,10002,10,9997.0,10000.333333333334,-3.0,cheap,0.6666666666666666,3.3333333333339397,buy_pressure,-2.0,False,steady,0,hold,hold,0,0,0,0,0,0,0,0,hold,hold,801354.0,mm_join_12,0.0,801354.0,0.0,,,,
none,round1-day-2,-2,831300,80,80,long_60_plus,9999,10012,13,10005.5,10000.969696969696,5.5,rich,-0.696969696969697,-4.530303030303912,sell_pressure,3.0,False,steady,1,passive_one_sided_sell,one_sided_mm,0,0,0,0,14,0,14,0,hold,hold,801354.0,mm_join_12,0.0,801354.0,0.0,passive_inside_sell,,,
none,round1-day-2,-2,833400,80,76,long_60_plus,10001,10012,11,10006.5,10003.588235294117,6.5,rich,-0.5294117647058824,-2.911764705882888,sell_pressure,2.5,True,shock,2,clear_sell,take1,0,4,4,0,11,0,11,1,sell_take1_16,take1,801354.0,hold,12.0,801354.0,0.0,take_b1,,,
none,round1-day-2,-2,834500,76,76,long_60_plus,9995,10005,10,10000.0,10002.142857142857,0.0,neutral,0.42857142857142855,2.142857142856883,buy_pressure,-3.0,False,steady,1,passive_one_sided_buy,one_sided_mm,0,0,0,4,0,4,0,0,hold,hold,761350.0,mm_join_12,0.0,761350.0,0.0,passive_inside_buy,,,
none,round1-day-2,-2,834900,76,76,long_60_plus,10000,10013,13,10006.5,10001.925925925925,6.5,rich,-0.7037037037037037,-4.574074074074815,sell_pressure,2.0,True,shock,1,passive_one_sided_sell,one_sided_mm,0,0,0,0,11,0,11,0,sell_take1_16,take1,761350.0,hold,12.0,761338.0,12.0,passive_inside_sell,,,
none,round1-day-2,-2,836200,76,76,long_60_plus,9994,10004,10,9999.0,10001.368421052632,-1.0,neutral,0.47368421052631576,2.3684210526316747,buy_pressure,-1.5,False,steady,2,passive_two_sided,mm_inside,0,0,0,4,14,4,14,0,hold,hold,761338.0,mm_join_12,0.0,761338.0,0.0,,,,
none,round1-day-2,-2,840300,80,76,long_60_plus,10001,10011,10,10006.0,10003.5,6.0,rich,-0.5,-2.5,sell_pressure,2.5,True,shock,2,clear_sell,take1,0,4,4,0,11,0,11,1,hold,hold,801342.0,mm_join_12,0.0,801342.0,0.0,take_b1,,,
none,round1-day-2,-2,845400,74,70,long_60_plus,10005,10014,9,10009.5,10006.285714285714,9.5,rich,-0.7142857142857143,-3.214285714286234,sell_pressure,6.5,True,shock,3,clear_sell,take1,0,8,8,0,11,0,11,1,sell_take1_16,take1,741312.0,hold,16.0,741312.0,0.0,take_b1,,,
none,round1-day-2,-2,845800,70,70,long_60_plus,9995,10004,9,9999.5,10001.882352941177,-0.5,neutral,0.5294117647058824,2.3823529411765776,buy_pressure,-3.5,True,shock,1,passive_one_sided_buy,one_sided_mm,0,0,0,6,0,6,0,0,hold,hold,701292.0,mm_join_12,0.0,701292.0,0.0,passive_inside_buy,,,
none,round1-day-2,-2,847900,62,58,long_60_plus,10003,10013,10,10008.0,10005.857142857143,8.0,rich,-0.42857142857142855,-2.142857142856883,sell_pressure,4.0,True,shock,3,clear_sell,take1,0,8,8,0,11,0,11,1,sell_take1_16,take1,621252.0,hold,8.0,621252.0,0.0,take_b1,,,
none,round1-day-2,-2,848800,58,58,long_40_59,9997,10007,10,10002.0,10005.57142857143,2.0,rich,0.7142857142857143,3.571428571429351,buy_pressure,-3.0,False,steady,1,passive_one_sided_buy,one_sided_mm,0,0,0,9,0,9,0,0,hold,hold,581240.0,mm_join_12,0.0,581240.0,0.0,passive_inside_buy,,,
none,round1-day-2,-2,851000,58,58,long_40_59,10000,10013,13,10006.5,10001.3,6.5,rich,-0.8,-5.200000000000728,sell_pressure,4.5,True,shock,1,passive_one_sided_sell,one_sided_mm,0,0,0,0,11,0,11,0,hold,hold,581240.0,mm_join_12,0.0,581240.0,0.0,passive_inside_sell,,,
none,round1-day-2,-2,851500,58,54,long_40_59,10001,10011,10,10006.0,10003.666666666666,6.0,rich,-0.4666666666666667,-2.3333333333339397,sell_pressure,-4.0,True,shock,2,clear_sell,take1,0,4,4,0,11,0,11,1,hold,hold,581240.0,mm_join_12,0.0,581240.0,0.0,take_b1,,,
none,round1-day-2,-2,852300,54,54,long_40_59,9994,10004,10,9999.0,10002.333333333334,-1.0,neutral,0.6666666666666666,3.3333333333339397,buy_pressure,-3.0,False,steady,1,passive_one_sided_buy,one_sided_mm,0,0,0,9,0,9,0,0,hold,hold,541236.0,mm_join_12,0.0,541236.0,0.0,passive_inside_buy,,,
none,round1-day-2,-2,857100,46,46,long_40_59,10000,10010,10,10005.0,10002.941176470587,5.0,rich,-0.4117647058823529,-2.0588235294126207,sell_pressure,2.0,False,steady,1,passive_one_sided_sell,one_sided_mm,0,0,0,0,14,0,14,0,hold,hold,461196.0,mm_join_12,0.0,461196.0,0.0,passive_inside_sell,,,
none,round1-day-2,-2,858100,37,37,long_20_39,9994,10003,9,9998.5,10001.3125,-1.5,neutral,0.625,2.8125,buy_pressure,-3.5,True,shock,1,passive_one_sided_buy,one_sided_mm,0,0,0,9,0,9,0,0,hold,hold,371160.0,mm_join_12,0.0,371160.0,0.0,passive_inside_buy,,,
none,round1-day-2,-2,860600,37,37,long_20_39,9995,10004,9,9999.5,10001.75,-0.5,neutral,0.5,2.25,buy_pressure,-4.5,True,shock,1,passive_one_sided_buy,one_sided_mm,0,0,0,9,0,9,0,0,hold,hold,371160.0,mm_join_12,0.0,371160.0,0.0,passive_inside_buy,,,
none,round1-day-2,-2,861400,37,37,long_20_39,9994,10003,9,9998.5,10001.0,-1.5,neutral,0.5555555555555556,2.5,buy_pressure,-3.5,True,shock,1,passive_one_sided_buy,one_sided_mm,0,0,0,9,0,9,0,0,hold,hold,371160.0,mm_join_12,0.0,371160.0,0.0,passive_inside_buy,,,
none,round1-day-2,-2,861700,37,37,long_20_39,9995,10005,10,10000.0,10003.0,0.0,neutral,0.6,3.0,buy_pressure,-2.5,False,steady,1,passive_one_sided_buy,one_sided_mm,0,0,0,12,0,12,0,0,hold,hold,371160.0,mm_join_12,0.0,371160.0,0.0,passive_inside_buy,,,
none,round1-day-2,-2,867100,37,37,long_20_39,10002,10013,11,10007.5,10004.444444444445,7.5,rich,-0.5555555555555556,-3.055555555554747,sell_pressure,-4.5,True,shock,1,passive_one_sided_sell,one_sided_mm,0,0,0,0,9,0,9,0,sell_take1_16,take1,371160.0,hold,4.0,371156.0,4.0,passive_inside_sell,,,
none,round1-day-2,-2,867400,37,37,long_20_39,10002,10013,11,10007.5,10004.75,7.5,rich,-0.5,-2.75,sell_pressure,1.5,True,shock,1,passive_one_sided_sell,one_sided_mm,0,0,0,0,9,0,9,0,sell_take1_16,take1,371156.0,hold,8.0,371148.0,8.0,passive_inside_sell,,,
none,round1-day-2,-2,868500,42,42,long_40_59,9996,10005,9,10000.5,10002.6,0.5,neutral,0.4666666666666667,2.100000000000364,buy_pressure,2.0,False,steady,2,passive_two_sided,mm_inside,0,0,0,12,12,0,12,0,hold,hold,421152.0,mm_join_12,0.0,421152.0,0.0,,,,
none,round1-day-2,-2,873100,32,32,long_20_39,10002,10012,10,10007.0,10004.941176470587,7.0,rich,-0.4117647058823529,-2.0588235294126207,sell_pressure,3.0,True,shock,1,passive_one_sided_sell,one_sided_mm,0,0,0,0,9,0,9,0,sell_take1_16,take1,321102.0,hold,12.0,321090.0,12.0,passive_inside_sell,,,
none,round1-day-2,-2,873800,32,32,long_20_39,10001,10014,13,10007.5,10002.529411764706,7.5,rich,-0.7647058823529411,-4.97058823529369,sell_pressure,3.5,True,shock,1,passive_one_sided_sell,one_sided_mm,0,0,0,0,9,0,9,0,sell_take1_16,take1,321090.0,hold,4.0,321086.0,4.0,passive_inside_sell,,,
none,round1-day-2,-2,874400,32,32,long_20_39,10002,10012,10,10007.0,10005.333333333334,7.0,rich,-0.3333333333333333,-1.6666666666660603,mixed_pressure,3.0,True,shock,1,passive_one_sided_buy,one_sided_mm,0,0,0,9,0,0,0,0,sell_take1_16,take1,321086.0,hold,8.0,321078.0,8.0,passive_inside_buy,,,
none,round1-day-2,-2,876700,32,32,long_20_39,9996,10006,10,10001.0,10004.125,1.0,neutral,0.625,3.125,buy_pressure,-4.0,True,shock,1,passive_one_sided_buy,one_sided_mm,0,0,0,9,0,9,0,0,hold,hold,321078.0,mm_join_12,0.0,321078.0,0.0,passive_inside_buy,,,
none,round1-day-2,-2,877200,32,32,long_20_39,9997,10007,10,10002.0,10004.222222222223,2.0,rich,0.4444444444444444,2.2222222222226264,buy_pressure,-3.0,False,steady,1,passive_one_sided_buy,one_sided_mm,0,0,0,12,0,0,0,0,hold,hold,321078.0,mm_join_12,0.0,321078.0,0.0,passive_inside_buy,,,
none,round1-day-2,-2,877900,32,32,long_20_39,10002,10012,10,10007.0,10004.631578947368,7.0,rich,-0.47368421052631576,-2.3684210526316747,sell_pressure,3.0,True,shock,1,passive_one_sided_sell,one_sided_mm,0,0,0,0,9,0,9,0,sell_take1_16,take1,321078.0,hold,12.0,321066.0,12.0,passive_inside_sell,,,
none,round1-day-2,-2,878700,28,28,long_20_39,10002,10012,10,10007.0,10003.875,7.0,rich,-0.625,-3.125,sell_pressure,3.0,True,shock,1,passive_one_sided_sell,one_sided_mm,0,0,0,0,9,0,9,0,sell_take1_16,take1,281042.0,hold,4.0,281038.0,4.0,passive_inside_sell,,,
none,round1-day-2,-2,878900,28,28,long_20_39,10001,10014,13,10007.5,10002.344827586207,7.5,rich,-0.7931034482758621,-5.15517241379348,sell_pressure,14.5,True,shock,1,passive_one_sided_sell,one_sided_mm,0,0,0,0,9,0,9,0,sell_take1_16,take1,281038.0,hold,3.0,281035.0,3.0,passive_inside_sell,,,
none,round1-day-2,-2,883400,28,28,long_20_39,9993,10003,10,9998.0,10000.368421052632,-2.0,cheap,0.47368421052631576,2.3684210526316747,buy_pressure,-3.0,False,steady,1,passive_one_sided_sell,one_sided_mm,0,0,0,0,12,0,0,0,hold,hold,281035.0,mm_join_12,0.0,281035.0,0.0,passive_inside_sell,,,
none,round1-day-2,-2,884500,28,28,long_20_39,9994,10003,9,9998.5,10001.2,-1.5,neutral,0.6,2.7000000000007276,buy_pressure,-3.5,True,shock,2,passive_two_sided,mm_inside,0,0,0,9,9,9,0,0,hold,hold,281035.0,mm_join_12,0.0,281035.0,0.0,,,,
none,round1-day-2,-2,885900,28,28,long_20_39,9997,10007,10,10002.0,9998.538461538461,2.0,rich,-0.6923076923076923,-3.4615384615390212,sell_pressure,3.0,False,steady,1,passive_one_sided_buy,one_sided_mm,0,0,0,12,0,0,0,0,hold,hold,281035.0,mm_join_12,0.0,281035.0,0.0,passive_inside_buy,,,
none,round1-day-2,-2,886300,28,28,long_20_39,9991,10001,10,9996.0,9999.0,-4.0,cheap,0.6,3.0,buy_pressure,-4.0,True,shock,1,passive_one_sided_buy,one_sided_mm,0,0,0,10,0,10,0,0,hold,hold,281035.0,mm_join_12,0.0,281035.0,0.0,passive_inside_buy,,,
none,round1-day-2,-2,889300,34,34,long_20_39,9993,10003,10,9998.0,10000.5,-2.0,cheap,0.5,2.5,buy_pressure,-4.5,True,shock,0,hold,hold,0,0,0,0,0,0,0,0,hold,hold,341017.0,mm_join_12,0.0,341017.0,0.0,,,,
none,round1-day-2,-2,891800,34,34,long_20_39,9993,10003,10,9998.0,10000.142857142857,-2.0,cheap,0.42857142857142855,2.142857142856883,buy_pressure,-4.5,True,shock,0,hold,hold,0,0,0,0,0,0,0,0,hold,hold,341017.0,mm_join_12,0.0,341017.0,0.0,,,,
none,round1-day-2,-2,893200,34,34,long_20_39,9998,10011,13,10004.5,9998.8125,4.5,rich,-0.875,-5.6875,sell_pressure,3.0,False,steady,1,passive_one_sided_sell,one_sided_mm,0,0,0,0,12,0,12,0,hold,hold,341017.0,mm_join_12,0.0,341017.0,0.0,passive_inside_sell,,,
none,round1-day-2,-2,893600,34,34,long_20_39,9993,10002,9,9997.5,9999.75,-2.5,cheap,0.5,2.25,buy_pressure,-3.5,True,shock,1,passive_one_sided_buy,one_sided_mm,0,0,0,10,0,10,0,0,hold,hold,341017.0,mm_join_12,0.0,341017.0,0.0,passive_inside_buy,,,
none,round1-day-2,-2,894800,34,34,long_20_39,9993,10003,10,9998.0,10001.0,-2.0,cheap,0.6,3.0,buy_pressure,-3.0,False,steady,0,hold,hold,0,0,0,0,0,0,0,0,hold,hold,341017.0,mm_join_12,0.0,341017.0,0.0,,,,
none,round1-day-2,-2,896000,34,34,long_20_39,10000,10010,10,10005.0,10002.222222222223,5.0,rich,-0.5555555555555556,-2.7777777777773736,sell_pressure,1.5,False,steady,1,passive_one_sided_sell,one_sided_mm,0,0,0,0,12,0,12,0,hold,hold,341017.0,mm_join_12,0.0,341017.0,0.0,passive_inside_sell,,,
none,round1-day-2,-2,898600,26,26,long_20_39,10002,10012,10,10007.0,10003.666666666666,7.0,rich,-0.6666666666666666,-3.3333333333339397,sell_pressure,2.0,True,shock,1,passive_one_sided_sell,one_sided_mm,0,0,0,0,9,0,9,0,sell_take1_16,take1,260985.0,hold,6.0,260979.0,6.0,passive_inside_sell,,,
none,round1-day-2,-2,899500,26,26,long_20_39,10001,10011,10,10006.0,10002.538461538461,6.0,rich,-0.6923076923076923,-3.4615384615390212,sell_pressure,3.0,True,shock,1,passive_one_sided_sell,one_sided_mm,0,0,0,0,9,0,9,0,sell_take1_16,take1,260979.0,hold,5.0,260974.0,5.0,passive_inside_sell,,,
none,round1-day-2,-2,899900,26,26,long_20_39,9995,10005,10,10000.0,10001.666666666666,0.0,neutral,0.3333333333333333,1.6666666666660603,mixed_pressure,-3.0,False,steady,1,passive_one_sided_buy,one_sided_mm,0,0,0,12,0,12,0,0,hold,hold,260974.0,mm_join_12,0.0,260974.0,0.0,passive_inside_buy,,,
none,round1-day-2,-2,900500,26,26,long_20_39,10001,10012,11,10006.5,10003.933333333332,6.5,rich,-0.4666666666666667,-2.5666666666675155,sell_pressure,2.5,True,shock,1,passive_one_sided_sell,one_sided_mm,0,0,0,0,9,0,9,0,sell_take1_16,take1,260974.0,hold,4.0,260970.0,4.0,passive_inside_sell,,,
none,round1-day-2,-2,905200,21,21,long_20_39,9994,10004,10,9999.0,10001.5,-1.0,neutral,0.5,2.5,buy_pressure,-3.0,False,steady,1,passive_one_sided_buy,one_sided_mm,0,0,0,12,0,12,0,0,hold,hold,210965.0,mm_join_12,0.0,210965.0,0.0,passive_inside_buy,,,
none,round1-day-2,-2,908300,21,21,long_20_39,9994,10003,9,9998.5,10000.631578947368,-1.5,neutral,0.47368421052631576,2.1315789473683253,buy_pressure,-3.5,True,shock,2,passive_two_sided,mm_inside,0,0,0,9,9,9,0,0,hold,hold,210965.0,mm_join_12,0.0,210965.0,0.0,,,,
none,round1-day-2,-2,908700,21,21,long_20_39,9999,10010,11,10004.5,10001.75,4.5,rich,-0.5,-2.75,sell_pressure,1.5,False,steady,1,passive_one_sided_sell,one_sided_mm,0,0,0,0,12,0,12,0,hold,hold,210965.0,mm_join_12,0.0,210965.0,0.0,passive_inside_sell,,,
none,round1-day-2,-2,909200,21,21,long_20_39,9993,10002,9,9997.5,10000.105263157895,-2.5,cheap,0.5789473684210527,2.605263157895024,buy_pressure,-4.0,True,shock,1,passive_one_sided_buy,one_sided_mm,0,0,0,10,0,10,0,0,hold,hold,210965.0,mm_join_12,0.0,210965.0,0.0,passive_inside_buy,,,
none,round1-day-2,-2,914200,21,21,long_20_39,9993,10002,9,9997.5,10000.105263157895,-2.5,cheap,0.5789473684210527,2.605263157895024,buy_pressure,-3.5,True,shock,1,passive_one_sided_buy,one_sided_mm,0,0,0,10,0,10,0,0,hold,hold,210965.0,mm_join_12,0.0,210965.0,0.0,passive_inside_buy,,,
none,round1-day-2,-2,914500,21,21,long_20_39,9998,10009,11,10003.5,10000.588235294117,3.5,rich,-0.5294117647058824,-2.911764705882888,sell_pressure,4.0,True,shock,1,passive_one_sided_sell,one_sided_mm,0,0,0,0,9,0,9,0,hold,hold,210965.0,mm_join_12,0.0,210965.0,0.0,passive_inside_sell,,,
none,round1-day-2,-2,914600,21,21,long_20_39,9990,10002,12,9996.0,10000.875,-4.0,cheap,0.8125,4.875,buy_pressure,-7.5,True,shock,1,passive_one_sided_buy,one_sided_mm,0,0,0,10,0,10,0,0,hold,hold,210965.0,mm_join_12,0.0,210965.0,0.0,passive_inside_buy,,,
none,round1-day-2,-2,915900,21,21,long_20_39,9993,10003,10,9998.0,10000.058823529413,-2.0,cheap,0.4117647058823529,2.0588235294126207,buy_pressure,-3.0,False,steady,1,passive_one_sided_sell,one_sided_mm,0,0,0,0,12,0,0,0,hold,hold,210965.0,mm_join_12,0.0,210965.0,0.0,passive_inside_sell,,,
none,round1-day-2,-2,916600,21,21,long_20_39,9999,10009,10,10004.0,10001.105263157895,4.0,rich,-0.5789473684210527,-2.894736842104976,sell_pressure,3.0,False,steady,1,passive_one_sided_sell,one_sided_mm,0,0,0,0,12,0,12,0,hold,hold,210965.0,mm_join_12,0.0,210965.0,0.0,passive_inside_sell,,,
none,round1-day-2,-2,918500,21,21,long_20_39,10000,10013,13,10006.5,10001.392857142857,6.5,rich,-0.7857142857142857,-5.107142857143117,sell_pressure,3.5,True,shock,1,passive_one_sided_sell,one_sided_mm,0,0,0,0,9,0,9,0,hold,hold,210965.0,mm_join_12,0.0,210965.0,0.0,passive_inside_sell,,,
none,round1-day-2,-2,919300,21,21,long_20_39,9996,10006,10,10001.0,10003.333333333334,1.0,neutral,0.4666666666666667,2.3333333333339397,buy_pressure,-3.0,False,steady,1,passive_one_sided_buy,one_sided_mm,0,0,0,12,0,12,0,0,hold,hold,210965.0,mm_join_12,0.0,210965.0,0.0,passive_inside_buy,,,
none,round1-day-2,-2,920200,21,21,long_20_39,9996,10005,9,10000.5,10003.8,0.5,neutral,0.7333333333333333,3.2999999999992724,buy_pressure,4.5,True,shock,2,passive_two_sided,mm_inside,0,0,0,12,12,12,0,0,hold,hold,210965.0,mm_join_12,0.0,210965.0,0.0,,,,
none,round1-day-2,-2,920500,21,21,long_20_39,10001,10014,13,10007.5,10003.407407407407,7.5,rich,-0.6296296296296297,-4.092592592593064,sell_pressure,3.5,True,shock,1,passive_one_sided_sell,one_sided_mm,0,0,0,0,9,0,9,0,sell_take1_16,take1,210965.0,hold,2.0,210963.0,2.0,passive_inside_sell,,,
none,round1-day-2,-2,923300,27,27,long_20_39,9996,10006,10,10001.0,10003.857142857143,1.0,neutral,0.5714285714285714,2.857142857143117,buy_pressure,-4.5,True,shock,1,passive_one_sided_buy,one_sided_mm,0,0,0,9,0,9,0,0,hold,hold,270959.0,mm_join_12,0.0,270959.0,0.0,passive_inside_buy,,,
none,round1-day-2,-2,926400,22,22,long_20_39,10003,10014,11,10008.5,10005.315789473685,8.5,rich,-0.5789473684210527,-3.184210526314928,sell_pressure,-2.0,True,shock,1,passive_one_sided_sell,one_sided_mm,0,0,0,0,9,0,9,0,sell_take1_16,take1,220924.0,hold,8.0,220916.0,8.0,passive_inside_sell,,,
none,round1-day-2,-2,928000,22,22,long_20_39,10002,10013,11,10007.5,10005.142857142857,7.5,rich,-0.42857142857142855,-2.357142857143117,sell_pressure,2.5,True,shock,1,passive_one_sided_sell,one_sided_mm,0,0,0,0,9,0,9,0,sell_take1_16,take1,220916.0,hold,8.0,220908.0,8.0,passive_inside_sell,,,
none,round1-day-2,-2,932800,22,22,long_20_39,9997,10006,9,10001.5,10004.105263157895,1.5,neutral,0.5789473684210527,2.605263157895024,buy_pressure,-3.5,True,shock,2,passive_two_sided,mm_inside,0,0,0,9,9,9,0,0,hold,hold,220908.0,mm_join_12,0.0,220908.0,0.0,,,,
none,round1-day-2,-2,933000,22,22,long_20_39,10002,10015,13,10008.5,10004.32142857143,8.5,rich,-0.6428571428571429,-4.178571428570649,sell_pressure,11.5,True,shock,1,passive_one_sided_sell,one_sided_mm,0,0,0,0,9,0,9,0,sell_take1_16,take1,220908.0,hold,14.0,220894.0,14.0,passive_inside_sell,,,
none,round1-day-2,-2,935700,27,27,long_20_39,10003,10013,10,10008.0,10004.176470588236,8.0,rich,-0.7647058823529411,-3.823529411763957,sell_pressure,1.0,True,shock,1,passive_one_sided_sell,one_sided_mm,0,0,0,0,9,0,9,0,sell_take1_16,take1,270898.0,sell_take2_32,0.0,270892.0,6.0,passive_inside_sell,,,
none,round1-day-2,-2,936500,27,27,long_20_39,10003,10014,11,10008.5,10005.538461538461,8.5,rich,-0.5384615384615384,-2.9615384615390212,sell_pressure,2.5,True,shock,1,passive_one_sided_sell,one_sided_mm,0,0,0,0,9,0,9,0,sell_take1_16,take1,270892.0,hold,9.0,270883.0,9.0,passive_inside_sell,,,
none,round1-day-2,-2,940400,27,27,long_20_39,10004,10015,11,10009.5,10005.29411764706,9.5,rich,-0.7647058823529411,-4.2058823529405345,sell_pressure,1.0,True,shock,1,passive_one_sided_sell,one_sided_mm,0,0,0,0,9,0,9,0,sell_take1_16,take1,270811.0,sell_take2_32,0.0,270799.0,12.0,passive_inside_sell,,,
none,round1-day-2,-2,941600,27,27,long_20_39,10003,10013,10,10008.0,10005.105263157895,8.0,rich,-0.5789473684210527,-2.894736842104976,sell_pressure,-5.0,True,shock,1,passive_one_sided_sell,one_sided_mm,0,0,0,0,9,0,9,0,sell_take1_16,take1,270789.0,hold,21.0,270768.0,21.0,passive_inside_sell,,,
none,round1-day-2,-2,943600,27,27,long_20_39,10004,10014,10,10009.0,10005.666666666666,9.0,rich,-0.6666666666666666,-3.3333333333339397,sell_pressure,3.0,True,shock,1,passive_one_sided_sell,one_sided_mm,0,0,0,0,9,0,9,0,sell_take1_16,take1,270758.0,hold,18.0,270740.0,18.0,passive_inside_sell,,,
none,round1-day-2,-2,943900,27,27,long_20_39,9998,10008,10,10003.0,10005.692307692309,3.0,rich,0.5384615384615384,2.692307692308532,buy_pressure,-3.0,False,steady,1,passive_one_sided_buy,one_sided_mm,0,0,0,12,0,12,0,0,hold,hold,270726.0,mm_join_12,0.0,270726.0,0.0,passive_inside_buy,,,
none,round1-day-2,-2,944800,27,27,long_20_39,10004,10017,13,10010.5,10006.09677419355,10.5,rich,-0.6774193548387096,-4.403225806450791,sell_pressure,4.5,True,shock,1,passive_one_sided_sell,one_sided_mm,0,0,0,0,9,0,9,0,sell_take1_16,take1,270689.0,sell_take2_32,0.0,270659.0,30.0,passive_inside_sell,,,
none,round1-day-2,-2,945100,27,27,long_20_39,10003,10014,11,10008.5,10004.692307692309,8.5,rich,-0.6923076923076923,-3.807692307691468,sell_pressure,-5.5,True,shock,1,passive_one_sided_sell,one_sided_mm,0,0,0,0,9,0,9,0,sell_take1_16,take1,270659.0,hold,10.0,270649.0,10.0,passive_inside_sell,,,
none,round1-day-2,-2,946800,27,27,long_20_39,10003,10016,13,10009.5,10004.695652173914,9.5,rich,-0.7391304347826086,-4.804347826086087,sell_pressure,3.0,True,shock,1,passive_one_sided_sell,one_sided_mm,0,0,0,0,9,0,9,0,sell_take2_32,take2,270613.0,sell_take1_16,13.0,270582.0,31.0,passive_inside_sell,,,
none,round1-day-2,-2,947400,27,27,long_20_39,10003,10016,13,10009.5,10004.344827586207,9.5,rich,-0.7931034482758621,-5.15517241379348,sell_pressure,4.0,True,shock,1,passive_one_sided_sell,one_sided_mm,0,0,0,0,9,0,9,0,sell_take2_32,take2,270556.0,sell_take1_16,20.0,270516.5,39.5,passive_inside_sell,,,
none,round1-day-2,-2,947600,27,27,long_20_39,9997,10006,9,10001.5,10003.6,1.5,neutral,0.4666666666666667,2.100000000000364,buy_pressure,-3.5,True,shock,2,passive_two_sided,mm_inside,0,0,0,9,9,9,0,0,sell_take1_16,take1,270509.0,sell_take2_32,0.0,270498.0,11.0,,,,
none,round1-day-2,-2,948700,22,22,long_20_39,10001,10012,11,10006.5,10003.75,6.5,rich,-0.5,-2.75,sell_pressure,2.5,True,shock,1,passive_one_sided_sell,one_sided_mm,0,0,0,0,9,0,9,0,sell_take2_32,take2,220398.0,sell_take1_16,12.0,220362.0,36.0,passive_inside_sell,,,
none,round1-day-2,-2,949300,22,22,long_20_39,10001,10011,10,10006.0,10003.105263157895,6.0,rich,-0.5789473684210527,-2.894736842104976,sell_pressure,3.0,True,shock,1,passive_one_sided_sell,one_sided_mm,0,0,0,0,9,0,9,0,sell_take1_16,take1,220340.0,sell_take2_32,0.0,220316.0,24.0,passive_inside_sell,,,
none,round1-day-2,-2,951000,22,22,long_20_39,9995,10005,10,10000.0,10003.125,0.0,neutral,0.625,3.125,buy_pressure,-2.5,False,steady,1,passive_one_sided_buy,one_sided_mm,0,0,0,12,0,12,0,0,sell_take1_16,take1,220293.0,hold,1.5,220291.5,1.5,passive_inside_buy,,,
none,round1-day-2,-2,954700,26,26,long_20_39,9993,10002,9,9997.5,10000.615384615385,-2.5,cheap,0.6923076923076923,3.1153846153847553,buy_pressure,-11.5,True,shock,1,passive_one_sided_buy,one_sided_mm,0,0,0,13,0,13,0,0,hold,hold,260146.0,mm_join_12,0.0,260146.0,0.0,passive_inside_buy,,,
none,round1-day-2,-2,956800,26,26,long_20_39,9987,9999,12,9993.0,9998.142857142857,-7.0,cheap,0.8571428571428571,5.142857142856883,buy_pressure,-5.0,True,shock,1,passive_one_sided_buy,one_sided_mm,0,0,0,10,0,10,0,0,hold,hold,260146.0,mm_join_12,0.0,260146.0,0.0,passive_inside_buy,,,
none,round1-day-2,-2,958500,26,26,long_20_39,9995,10005,10,10000.0,9996.176470588236,0.0,neutral,-0.7647058823529411,-3.823529411763957,sell_pressure,2.0,False,steady,1,passive_one_sided_sell,one_sided_mm,0,0,0,0,12,0,12,0,sell_take1_16,take1,260146.0,hold,3.0,260143.0,3.0,passive_inside_sell,,,
none,round1-day-2,-2,959300,26,26,long_20_39,9995,10006,11,10000.5,9997.933333333332,0.5,neutral,-0.4666666666666667,-2.5666666666675155,sell_pressure,2.5,False,steady,1,passive_one_sided_sell,one_sided_mm,0,0,0,0,12,0,12,0,sell_take1_16,take1,260143.0,hold,6.0,260137.0,6.0,passive_inside_sell,,,
none,round1-day-2,-2,963100,26,26,long_20_39,9995,10005,10,10000.0,9997.857142857143,0.0,neutral,-0.42857142857142855,-2.142857142856883,sell_pressure,2.0,False,steady,1,passive_one_sided_sell,one_sided_mm,0,0,0,0,12,0,12,0,sell_take1_16,take1,260137.0,hold,6.0,260131.0,6.0,passive_inside_sell,,,
none,round1-day-2,-2,965000,26,26,long_20_39,9987,9997,10,9992.0,9994.777777777777,-8.0,cheap,0.5555555555555556,2.7777777777773736,buy_pressure,-4.0,True,shock,1,passive_one_sided_buy,one_sided_mm,0,0,0,10,0,10,0,0,hold,hold,260117.0,mm_join_12,0.0,260117.0,0.0,passive_inside_buy,,,
none,round1-day-2,-2,967300,26,26,long_20_39,9986,9998,12,9992.0,9997.2,-8.0,cheap,0.8666666666666667,5.200000000000728,buy_pressure,-4.0,True,shock,1,passive_one_sided_buy,one_sided_mm,0,0,0,10,0,10,0,0,hold,hold,260117.0,mm_join_12,0.0,260117.0,0.0,passive_inside_buy,,,
none,round1-day-2,-2,968000,26,26,long_20_39,9989,9998,9,9993.5,9996.615384615385,-6.5,cheap,0.6923076923076923,3.1153846153847553,buy_pressure,-2.5,True,shock,1,passive_one_sided_buy,one_sided_mm,0,0,0,10,0,10,0,0,hold,hold,260117.0,mm_join_12,0.0,260117.0,0.0,passive_inside_buy,,,
none,round1-day-2,-2,977500,26,26,long_20_39,9989,10000,11,9994.5,9990.692307692309,-5.5,cheap,-0.6923076923076923,-3.807692307691468,sell_pressure,2.5,False,steady,1,passive_one_sided_sell,one_sided_mm,0,0,0,0,12,0,12,0,hold,hold,260083.5,mm_join_12,0.0,260083.5,0.0,passive_inside_sell,,,
none,round1-day-2,-2,978100,26,26,long_20_39,9984,9994,10,9989.0,9992.235294117647,-11.0,cheap,0.6470588235294118,3.235294117646845,buy_pressure,-2.0,True,shock,1,passive_one_sided_buy,one_sided_mm,0,0,0,10,0,10,0,0,hold,hold,260059.0,mm_join_12,0.0,260059.0,0.0,passive_inside_buy,,,
none,round1-day-2,-2,979300,43,43,long_40_59,9987,9998,11,9992.5,9988.57142857143,-7.5,cheap,-0.7142857142857143,-3.928571428570649,sell_pressure,2.5,True,shock,1,passive_one_sided_sell,one_sided_mm,0,0,0,0,11,0,11,0,hold,hold,429882.0,mm_join_12,0.0,429882.0,0.0,passive_inside_sell,,,
none,round1-day-2,-2,980000,43,43,long_40_59,9988,9999,11,9993.5,9991.666666666666,-6.5,cheap,-0.3333333333333333,-1.8333333333339397,mixed_pressure,2.5,True,shock,1,passive_one_sided_sell,one_sided_mm,0,0,0,0,11,0,11,0,hold,hold,429882.0,mm_join_12,0.0,429882.0,0.0,passive_inside_sell,,,
none,round1-day-2,-2,980900,43,43,long_40_59,9989,9999,10,9994.0,9990.25,-6.0,cheap,-0.75,-3.75,sell_pressure,3.5,True,shock,1,passive_one_sided_sell,one_sided_mm,0,0,0,0,11,0,11,0,hold,hold,429882.0,mm_join_12,0.0,429882.0,0.0,passive_inside_sell,,,
none,round1-day-2,-2,981400,43,43,long_40_59,9989,10002,13,9995.5,9990.181818181818,-4.5,cheap,-0.8181818181818182,-5.3181818181819835,sell_pressure,4.5,True,shock,1,passive_one_sided_sell,one_sided_mm,0,0,0,0,11,0,11,0,hold,hold,429882.0,mm_join_12,0.0,429882.0,0.0,passive_inside_sell,,,
none,round1-day-2,-2,982400,43,43,long_40_59,9989,9999,10,9994.0,9991.777777777777,-6.0,cheap,-0.4444444444444444,-2.2222222222226264,sell_pressure,3.0,True,shock,1,passive_one_sided_sell,one_sided_mm,0,0,0,0,11,0,11,0,hold,hold,429882.0,mm_join_12,0.0,429882.0,0.0,passive_inside_sell,,,
none,round1-day-2,-2,983100,43,43,long_40_59,9983,9992,9,9987.5,9990.07142857143,-12.5,cheap,0.5714285714285714,2.571428571429351,buy_pressure,-3.5,True,shock,1,passive_one_sided_buy,one_sided_mm,0,0,0,7,0,7,0,0,hold,hold,429882.0,mm_join_12,0.0,429882.0,0.0,passive_inside_buy,,,
none,round1-day-2,-2,983200,43,43,long_40_59,9983,9992,9,9987.5,9990.3125,-12.5,cheap,0.625,2.8125,buy_pressure,0.0,True,shock,1,passive_one_sided_buy,one_sided_mm,0,0,0,7,0,7,0,0,buy_take1_16,take1,429882.0,hold,2.0,429880.0,2.0,passive_inside_buy,,,
none,round1-day-2,-2,986400,43,43,long_40_59,9984,9993,9,9988.5,9990.923076923076,-11.5,cheap,0.5384615384615384,2.4230769230762235,buy_pressure,-3.5,True,shock,1,passive_one_sided_buy,one_sided_mm,0,0,0,7,0,7,0,0,hold,hold,429880.0,mm_join_12,0.0,429880.0,0.0,passive_inside_buy,,,
none,round1-day-2,-2,987800,43,43,long_40_59,9990,10001,11,9995.5,9993.142857142857,-4.5,cheap,-0.42857142857142855,-2.357142857143117,sell_pressure,2.5,False,steady,1,passive_one_sided_sell,one_sided_mm,0,0,0,0,14,0,14,0,hold,hold,429880.0,mm_join_12,0.0,429880.0,0.0,passive_inside_sell,,,
none,round1-day-2,-2,988900,50,50,long_40_59,9988,9998,10,9993.0,9991.333333333334,-7.0,cheap,-0.3333333333333333,-1.6666666666660603,mixed_pressure,2.0,True,shock,2,passive_two_sided,mm_inside,0,0,0,6,11,0,11,0,hold,hold,499796.0,mm_join_12,0.0,499796.0,0.0,,,,
none,round1-day-2,-2,990500,62,62,long_60_plus,9982,9991,9,9986.5,9988.1875,-13.5,cheap,0.375,1.6875,buy_pressure,-3.0,True,shock,1,passive_one_sided_buy,one_sided_mm,0,0,0,6,0,6,0,0,hold,hold,619652.0,mm_join_12,0.0,619652.0,0.0,passive_inside_buy,,,
none,round1-day-2,-2,993300,62,62,long_60_plus,9985,9994,9,9989.5,9992.5,-10.5,cheap,0.6666666666666666,3.0,buy_pressure,-2.5,True,shock,2,passive_two_sided,mm_inside,0,0,0,6,11,6,0,0,hold,hold,619652.0,mm_join_12,0.0,619652.0,0.0,,,,
none,round1-day-2,-2,993900,72,72,long_60_plus,9991,10001,10,9996.0,9993.5,-4.0,cheap,-0.5,-2.5,sell_pressure,8.5,True,shock,2,passive_two_sided,mm_inside,0,0,0,6,11,0,11,0,hold,hold,719552.0,mm_join_12,0.0,719552.0,0.0,,,,
none,round1-day-2,-2,999100,78,78,long_60_plus,9989,10000,11,9994.5,9991.894736842105,-5.5,cheap,-0.47368421052631576,-2.605263157895024,sell_pressure,-5.5,True,shock,2,passive_two_sided,mm_inside,0,0,0,2,11,2,11,0,hold,hold,779493.0,mm_join_12,0.0,779493.0,0.0,,,,
queue05,round1-day-0,0,300,0,0,flat_19,10000,10010,10,10005.0,10002.105263157895,5.0,rich,-0.5789473684210527,-2.894736842104976,sell_pressure,1.5,False,steady,1,passive_one_sided_sell,one_sided_mm,0,0,0,0,12,0,12,0,hold,hold,645.0,mm_join_12,0.0,645.0,0.0,passive_inside_sell,,,
queue05,round1-day-0,0,4800,-6,-6,flat_19,9998,10009,11,10003.5,9999.941176470587,3.5,rich,-0.6470588235294118,-3.5588235294126207,sell_pressure,1.5,False,steady,1,passive_one_sided_sell,one_sided_mm,0,0,0,0,12,0,12,0,hold,hold,-59373.0,mm_join_12,0.0,-59373.0,0.0,passive_inside_sell,,,
queue05,round1-day-0,0,8400,-7,-7,flat_19,9998,10008,10,10003.0,10000.142857142857,3.0,rich,-0.5714285714285714,-2.857142857143117,sell_pressure,2.5,False,steady,1,passive_one_sided_sell,one_sided_mm,0,0,0,0,12,0,12,0,hold,hold,-69407.0,mm_join_12,0.0,-69407.0,0.0,passive_inside_sell,,,
queue05,round1-day-0,0,9400,-7,-7,flat_19,9992,10002,10,9997.0,9999.894736842105,-3.0,cheap,0.5789473684210527,2.894736842104976,buy_pressure,-3.0,False,steady,1,passive_one_sided_buy,one_sided_mm,0,0,0,13,0,13,0,0,hold,hold,-69407.0,mm_join_12,0.0,-69407.0,0.0,passive_inside_buy,,,
queue05,round1-day-0,0,14200,-12,-12,flat_19,9999,10010,11,10004.5,10001.588235294117,4.5,rich,-0.5294117647058824,-2.911764705882888,sell_pressure,9.5,True,shock,1,passive_one_sided_sell,one_sided_mm,0,0,0,0,9,0,9,0,hold,hold,-119427.0,mm_join_12,0.0,-119427.0,0.0,passive_inside_sell,,,
queue05,round1-day-0,0,14400,-12,-12,flat_19,9994,10003,9,9998.5,10000.42857142857,-1.5,neutral,0.42857142857142855,1.928571428570649,buy_pressure,-3.5,True,shock,2,passive_two_sided,mm_inside,0,0,0,9,9,9,0,0,hold,hold,-119427.0,mm_join_12,0.0,-119427.0,0.0,,,,
queue05,round1-day-0,0,15900,-12,-12,flat_19,9993,10003,10,9998.0,10001.235294117647,-2.0,cheap,0.6470588235294118,3.235294117646845,buy_pressure,-1.5,False,steady,1,passive_one_sided_sell,one_sided_mm,0,0,0,0,12,0,0,0,hold,hold,-119427.0,mm_join_12,0.0,-119427.0,0.0,passive_inside_sell,,,
queue05,round1-day-0,0,16100,-12,-12,flat_19,9994,10003,9,9998.5,10001.8,-1.5,neutral,0.7333333333333333,3.2999999999992724,buy_pressure,-1.5,False,steady,2,passive_two_sided,mm_inside,0,0,0,12,12,12,0,0,hold,hold,-119427.0,mm_join_12,0.0,-119427.0,0.0,,,,
queue05,round1-day-0,0,18700,-19,-19,flat_19,9994,10003,9,9998.5,10001.875,-1.5,neutral,0.75,3.375,buy_pressure,-3.5,True,shock,2,passive_two_sided,mm_inside,0,0,0,9,9,9,0,0,hold,hold,-189441.0,mm_join_12,0.0,-189441.0,0.0,,,,
queue05,round1-day-0,0,20500,-26,-26,short_20_39,9990,10002,12,9996.0,10001.111111111111,-4.0,cheap,0.8518518518518519,5.111111111111313,buy_pressure,-4.0,True,shock,1,passive_one_sided_buy,one_sided_mm,0,0,0,10,0,10,0,0,hold,hold,-259462.0,mm_join_12,0.0,-259462.0,0.0,passive_inside_buy,,,
queue05,round1-day-0,0,21100,-26,-26,short_20_39,9998,10008,10,10003.0,9999.42857142857,3.0,rich,-0.7142857142857143,-3.571428571429351,sell_pressure,2.0,False,steady,1,passive_one_sided_sell,one_sided_mm,0,0,0,0,12,0,12,0,hold,hold,-259462.0,mm_join_12,0.0,-259462.0,0.0,passive_inside_sell,,,
queue05,round1-day-0,0,25100,-32,-32,short_20_39,9999,10009,10,10004.0,10001.777777777777,4.0,rich,-0.4444444444444444,-2.2222222222226264,sell_pressure,-5.0,True,shock,1,passive_one_sided_sell,one_sided_mm,0,0,0,0,9,0,9,0,hold,hold,-319480.0,mm_join_12,0.0,-319480.0,0.0,passive_inside_sell,,,
queue05,round1-day-0,0,29500,-17,-17,flat_19,9998,10011,13,10004.5,9999.181818181818,4.5,rich,-0.8181818181818182,-5.3181818181819835,sell_pressure,4.0,True,shock,1,passive_one_sided_sell,one_sided_mm,0,0,0,0,9,0,9,0,hold,hold,-169495.0,mm_join_12,0.0,-169495.0,0.0,passive_inside_sell,,,
queue05,round1-day-0,0,31400,-17,-17,flat_19,9998,10011,13,10004.5,10000.407407407407,4.5,rich,-0.6296296296296297,-4.092592592593064,sell_pressure,3.5,True,shock,1,passive_one_sided_sell,one_sided_mm,0,0,0,0,9,0,9,0,hold,hold,-169495.0,mm_join_12,0.0,-169495.0,0.0,passive_inside_sell,,,
queue05,round1-day-0,0,32200,-17,-17,flat_19,9999,10010,11,10004.5,10000.466666666667,4.5,rich,-0.7333333333333333,-4.033333333332848,sell_pressure,4.5,True,shock,1,passive_one_sided_sell,one_sided_mm,0,0,0,0,9,0,9,0,hold,hold,-169495.0,mm_join_12,0.0,-169495.0,0.0,passive_inside_sell,,,
queue05,round1-day-0,0,32500,-17,-17,flat_19,9993,10002,9,9997.5,10000.5,-2.5,cheap,0.6666666666666666,3.0,buy_pressure,-3.5,True,shock,1,passive_one_sided_buy,one_sided_mm,0,0,0,10,0,10,0,0,hold,hold,-169495.0,mm_join_12,0.0,-169495.0,0.0,passive_inside_buy,,,
queue05,round1-day-0,0,33600,-17,-17,flat_19,9999,10009,10,10004.0,10000.875,4.0,rich,-0.625,-3.125,sell_pressure,3.5,True,shock,1,passive_one_sided_sell,one_sided_mm,0,0,0,0,9,0,9,0,hold,hold,-169495.0,mm_join_12,0.0,-169495.0,0.0,passive_inside_sell,,,
queue05,round1-day-0,0,36300,-17,-17,flat_19,9992,10002,10,9997.0,9999.222222222223,-3.0,cheap,0.4444444444444444,2.2222222222226264,buy_pressure,-4.0,True,shock,1,passive_one_sided_buy,one_sided_mm,0,0,0,10,0,10,0,0,hold,hold,-169495.0,mm_join_12,0.0,-169495.0,0.0,passive_inside_buy,,,
queue05,round1-day-0,0,36400,-17,-17,flat_19,9992,10002,10,9997.0,9999.058823529413,-3.0,cheap,0.4117647058823529,2.0588235294126207,buy_pressure,0.0,False,steady,1,passive_one_sided_buy,one_sided_mm,0,0,0,13,0,13,0,0,hold,hold,-169495.0,mm_join_12,0.0,-169495.0,0.0,passive_inside_buy,,,
queue05,round1-day-0,0,42400,-17,-17,flat_19,9993,10002,9,9997.5,9999.6,-2.5,cheap,0.4666666666666667,2.100000000000364,buy_pressure,-3.5,True,shock,1,passive_one_sided_buy,one_sided_mm,0,0,0,10,0,10,0,0,hold,hold,-169495.0,mm_join_12,0.0,-169495.0,0.0,passive_inside_buy,,,
queue05,round1-day-0,0,46000,-7,-7,flat_19,9991,10001,10,9996.0,9998.64705882353,-4.0,cheap,0.5294117647058824,2.6470588235297328,buy_pressure,-4.0,True,shock,1,passive_one_sided_buy,one_sided_mm,0,0,0,10,0,10,0,0,buy_take1_16,take1,-69511.0,hold,4.0,-69515.0,4.0,passive_inside_buy,,,
queue05,round1-day-0,0,47200,-7,-7,flat_19,9991,10001,10,9996.0,9999.823529411764,-4.0,cheap,0.7647058823529411,3.823529411763957,buy_pressure,-4.0,True,shock,1,passive_one_sided_buy,one_sided_mm,0,0,0,10,0,10,0,0,buy_take1_16,take1,-69515.0,hold,2.0,-69517.0,2.0,passive_inside_buy,,,
queue05,round1-day-0,0,47700,-7,-7,flat_19,9990,10000,10,9995.0,9996.875,-5.0,cheap,0.375,1.875,buy_pressure,-4.5,True,shock,1,passive_one_sided_buy,one_sided_mm,0,0,0,10,0,10,0,0,buy_take1_16,take1,-69517.0,hold,10.0,-69527.0,10.0,passive_inside_buy,,,
queue05,round1-day-0,0,52400,-7,-7,flat_19,9990,10000,10,9995.0,9998.75,-5.0,cheap,0.75,3.75,buy_pressure,-4.0,True,shock,1,passive_one_sided_buy,one_sided_mm,0,0,0,10,0,10,0,0,buy_take1_16,take1,-69527.0,hold,4.0,-69531.0,4.0,passive_inside_buy,,,
queue05,round1-day-0,0,53700,-7,-7,flat_19,9999,10008,9,10003.5,10001.1,3.5,rich,-0.5333333333333333,-2.399999999999636,sell_pressure,5.5,True,shock,1,passive_one_sided_sell,one_sided_mm,0,0,0,0,9,0,9,0,hold,hold,-69531.0,mm_join_12,0.0,-69531.0,0.0,passive_inside_sell,,,
queue05,round1-day-0,0,56000,-7,-7,flat_19,9988,9997,9,9992.5,9995.615384615385,-7.5,cheap,0.6923076923076923,3.1153846153847553,buy_pressure,-11.5,True,shock,1,passive_one_sided_buy,one_sided_mm,0,0,0,10,0,10,0,0,buy_take1_16,take1,-69531.0,hold,10.0,-69541.0,10.0,passive_inside_buy,,,
queue05,round1-day-0,0,65600,2,2,flat_19,9995,10008,13,10001.5,9995.619047619048,1.5,neutral,-0.9047619047619048,-5.880952380952294,sell_pressure,4.5,True,shock,2,passive_two_sided,mm_inside,0,0,0,9,9,0,9,0,hold,hold,20373.0,mm_join_12,0.0,20373.0,0.0,,,,
queue05,round1-day-0,0,66400,2,2,flat_19,9994,10005,11,9999.5,9996.588235294117,-0.5,neutral,-0.5294117647058824,-2.911764705882888,sell_pressure,2.5,False,steady,1,passive_one_sided_sell,one_sided_mm,0,0,0,0,12,0,12,0,hold,hold,20373.0,mm_join_12,0.0,20373.0,0.0,passive_inside_sell,,,
queue05,round1-day-0,0,69600,15,15,flat_19,9994,10005,11,9999.5,9996.357142857143,-0.5,neutral,-0.5714285714285714,-3.142857142856883,sell_pressure,4.0,True,shock,1,passive_one_sided_sell,one_sided_mm,0,0,0,0,9,0,9,0,hold,hold,150295.0,mm_join_12,0.0,150295.0,0.0,passive_inside_sell,,,
queue05,round1-day-0,0,71600,22,22,long_20_39,9990,9999,9,9994.5,9997.941176470587,-5.5,cheap,0.7647058823529411,3.4411764705873793,buy_pressure,-3.5,True,shock,1,passive_one_sided_buy,one_sided_mm,0,0,0,10,0,10,0,0,buy_take1_16,take1,220260.0,hold,8.0,220252.0,8.0,passive_inside_buy,,,
queue05,round1-day-0,0,75900,22,22,long_20_39,9999,10009,10,10004.0,10002.333333333334,4.0,rich,-0.3333333333333333,-1.6666666666660603,mixed_pressure,3.0,False,steady,1,passive_one_sided_buy,one_sided_mm,0,0,0,12,0,0,0,0,hold,hold,220252.0,mm_join_12,0.0,220252.0,0.0,passive_inside_buy,,,
queue05,round1-day-0,0,76100,22,22,long_20_39,9993,10002,9,9997.5,10000.2,-2.5,cheap,0.6,2.7000000000007276,buy_pressure,-11.5,True,shock,1,passive_one_sided_buy,one_sided_mm,0,0,0,13,0,13,0,0,buy_take1_16,take1,220252.0,hold,3.0,220249.0,3.0,passive_inside_buy,,,
queue05,round1-day-0,0,79700,4,4,flat_19,9992,10004,12,9998.0,10003.111111111111,-2.0,cheap,0.8518518518518519,5.111111111111313,buy_pressure,-2.5,False,steady,1,passive_one_sided_sell,one_sided_mm,0,0,0,0,12,0,0,0,hold,hold,40165.0,mm_join_12,0.0,40165.0,0.0,passive_inside_sell,1,9,1.0
queue05,round1-day-0,0,80500,4,4,flat_19,9992,10004,12,9998.0,10001.692307692309,-2.0,cheap,0.6153846153846154,3.692307692308532,buy_pressure,-3.0,False,steady,1,passive_one_sided_sell,one_sided_mm,0,0,0,0,12,0,0,0,hold,hold,40165.0,mm_join_12,0.0,40165.0,0.0,passive_inside_sell,1,9,1.0
queue05,round1-day-0,0,84100,4,4,flat_19,9994,10005,11,9999.5,9996.357142857143,-0.5,neutral,-0.5714285714285714,-3.142857142856883,sell_pressure,3.5,True,shock,1,passive_one_sided_sell,one_sided_mm,0,0,0,0,9,0,9,0,hold,hold,40165.0,mm_join_12,0.0,40165.0,0.0,passive_inside_sell,,,
queue05,round1-day-0,0,85300,14,14,flat_19,9994,10005,11,9999.5,9996.315789473685,-0.5,neutral,-0.5789473684210527,-3.184210526314928,sell_pressure,3.0,False,steady,1,passive_one_sided_sell,one_sided_mm,0,0,0,0,12,0,12,0,hold,hold,140115.0,mm_join_12,0.0,140115.0,0.0,passive_inside_sell,,,
queue05,round1-day-0,0,87700,21,21,long_20_39,9988,10000,12,9994.0,9998.222222222223,-6.0,cheap,0.7037037037037037,4.222222222222626,buy_pressure,4.0,True,shock,1,passive_one_sided_buy,one_sided_mm,0,0,0,10,0,10,0,0,buy_take1_16,take1,210087.0,hold,12.0,210075.0,12.0,passive_inside_buy,,,
queue05,round1-day-0,0,89800,17,17,flat_19,10000,10010,10,10005.0,10002.105263157895,5.0,rich,-0.5789473684210527,-2.894736842104976,sell_pressure,2.0,False,steady,1,passive_one_sided_sell,one_sided_mm,0,0,0,0,12,0,12,0,hold,hold,170063.0,mm_join_12,0.0,170063.0,0.0,passive_inside_sell,,,
queue05,round1-day-0,0,91900,17,17,flat_19,10000,10011,11,10005.5,10003.055555555555,5.5,rich,-0.4444444444444444,-2.444444444445253,sell_pressure,2.0,False,steady,1,passive_one_sided_sell,one_sided_mm,0,0,0,0,12,0,12,0,hold,hold,170063.0,mm_join_12,0.0,170063.0,0.0,passive_inside_sell,,,
queue05,round1-day-0,0,92100,17,17,flat_19,10000,10010,10,10005.0,10002.777777777777,5.0,rich,-0.4444444444444444,-2.2222222222226264,sell_pressure,2.0,False,steady,1,passive_one_sided_sell,one_sided_mm,0,0,0,0,12,0,12,0,hold,hold,170063.0,mm_join_12,0.0,170063.0,0.0,passive_inside_sell,,,
queue05,round1-day-0,0,94000,17,17,flat_19,9994,10003,9,9998.5,10000.6,-1.5,neutral,0.4666666666666667,2.100000000000364,buy_pressure,-10.5,True,shock,2,passive_two_sided,mm_inside,0,0,0,12,12,12,12,0,hold,hold,170063.0,mm_join_12,0.0,170063.0,0.0,,,,
queue05,round1-day-0,0,95900,17,17,flat_19,9992,10002,10,9997.0,9999.777777777777,-3.0,cheap,0.5555555555555556,2.7777777777773736,buy_pressure,-5.0,True,shock,1,passive_one_sided_buy,one_sided_mm,0,0,0,13,0,13,0,0,buy_take1_16,take1,170059.0,hold,4.0,170055.0,4.0,passive_inside_buy,,,
queue05,round1-day-0,0,97600,17,17,flat_19,9992,10002,10,9997.0,9999.894736842105,-3.0,cheap,0.5789473684210527,2.894736842104976,buy_pressure,-3.0,False,steady,1,passive_one_sided_buy,one_sided_mm,0,0,0,13,0,13,0,0,buy_take1_16,take1,170055.0,hold,4.0,170051.0,4.0,passive_inside_buy,,,
queue05,round1-day-0,0,97800,17,17,flat_19,10002,10011,9,10006.5,10004.5,6.5,rich,-0.4444444444444444,-2.0,sell_pressure,-3.5,True,shock,1,passive_one_sided_sell,one_sided_mm,0,0,0,0,9,0,9,0,hold,hold,170051.0,mm_join_12,0.0,170051.0,0.0,passive_inside_sell,,,
queue05,round1-day-0,0,98400,10,10,flat_19,9998,10009,11,10003.5,9999.833333333334,3.5,rich,-0.6666666666666666,-3.6666666666660603,sell_pressure,3.5,True,shock,1,passive_one_sided_sell,one_sided_mm,0,0,0,0,9,0,9,0,hold,hold,100030.0,mm_join_12,0.0,100030.0,0.0,passive_inside_sell,,,
queue05,round1-day-1,-1,3100,5,5,flat_19,9991,10002,11,9996.5,9992.57142857143,-3.5,cheap,-0.7142857142857143,-3.928571428570649,sell_pressure,2.5,False,steady,1,passive_one_sided_sell,one_sided_mm,0,0,0,0,12,0,12,0,hold,hold,63838.0,mm_join_12,0.0,63838.0,0.0,passive_inside_sell,,,
queue05,round1-day-1,-1,3500,5,5,flat_19,9991,10004,13,9997.5,9992.733333333334,-2.5,cheap,-0.7333333333333333,-4.766666666666424,sell_pressure,5.5,True,shock,1,passive_one_sided_sell,one_sided_mm,0,0,0,0,9,0,9,0,hold,hold,63838.0,mm_join_12,0.0,63838.0,0.0,passive_inside_sell,,,
queue05,round1-day-1,-1,3800,5,5,flat_19,9991,10004,13,9997.5,9992.04,-2.5,cheap,-0.84,-5.459999999999127,sell_pressure,4.5,True,shock,1,passive_one_sided_sell,one_sided_mm,0,0,0,0,9,0,9,0,hold,hold,63838.0,mm_join_12,0.0,63838.0,0.0,passive_inside_sell,,,
queue05,round1-day-1,-1,6200,14,14,flat_19,9986,9996,10,9991.0,9993.894736842105,-9.0,cheap,0.5789473684210527,2.894736842104976,buy_pressure,2.0,True,shock,1,passive_one_sided_buy,one_sided_mm,0,0,0,10,0,10,0,0,buy_take1_16,take1,153713.0,buy_take2_32,15.0,153693.0,20.0,passive_inside_buy,,,
queue05,round1-day-1,-1,6400,14,14,flat_19,9992,10002,10,9997.0,9994.5,-3.0,cheap,-0.5,-2.5,sell_pressure,3.0,False,steady,1,passive_one_sided_sell,one_sided_mm,0,0,0,0,12,0,12,0,hold,hold,153693.0,mm_join_12,0.0,153693.0,0.0,passive_inside_sell,,,
queue05,round1-day-1,-1,9500,6,6,flat_19,9988,9998,10,9993.0,9995.142857142857,-7.0,cheap,0.42857142857142855,2.142857142856883,buy_pressure,-3.0,True,shock,1,passive_one_sided_buy,one_sided_mm,0,0,0,10,0,10,0,0,buy_take1_16,take1,73672.0,hold,12.0,73660.0,12.0,passive_inside_buy,,,
queue05,round1-day-1,-1,12300,0,0,flat_19,9994,10005,11,9999.5,9997.666666666666,-0.5,neutral,-0.3333333333333333,-1.8333333333339397,mixed_pressure,-5.5,True,shock,1,passive_one_sided_sell,one_sided_mm,0,0,0,0,12,0,12,0,hold,hold,13654.0,mm_join_12,0.0,13654.0,0.0,passive_inside_sell,,,
queue05,round1-day-1,-1,14700,1,1,flat_19,9991,10001,10,9996.0,9999.57142857143,-4.0,cheap,0.7142857142857143,3.571428571429351,buy_pressure,-3.0,False,steady,1,passive_one_sided_buy,one_sided_mm,0,0,0,13,0,13,0,0,hold,hold,23618.0,mm_join_12,0.0,23618.0,0.0,passive_inside_buy,,,
queue05,round1-day-1,-1,17800,2,2,flat_19,9994,10003,9,9998.5,10000.882352941177,-1.5,neutral,0.5294117647058824,2.3823529411765776,buy_pressure,-11.5,True,shock,2,passive_two_sided,mm_inside,0,0,0,12,12,12,0,0,hold,hold,33589.0,mm_join_12,0.0,33589.0,0.0,,,,
queue05,round1-day-1,-1,19800,-5,-5,flat_19,9998,10009,11,10003.5,10001.142857142857,3.5,rich,-0.42857142857142855,-2.357142857143117,sell_pressure,4.5,True,shock,1,passive_one_sided_sell,one_sided_mm,0,0,0,0,9,0,9,0,hold,hold,-36448.0,mm_join_12,0.0,-36448.0,0.0,passive_inside_sell,,,
queue05,round1-day-1,-1,23300,-9,-9,flat_19,9991,10001,10,9996.0,9999.333333333334,-4.0,cheap,0.6666666666666666,3.3333333333339397,buy_pressure,-3.0,False,steady,1,passive_one_sided_buy,one_sided_mm,0,0,0,13,0,13,0,0,hold,hold,-76494.0,mm_join_12,0.0,-76494.0,0.0,passive_inside_buy,,,
queue05,round1-day-1,-1,23700,-9,-9,flat_19,9991,10001,10,9996.0,9999.57142857143,-4.0,cheap,0.7142857142857143,3.571428571429351,buy_pressure,-2.5,False,steady,1,passive_one_sided_buy,one_sided_mm,0,0,0,13,0,13,0,0,hold,hold,-76494.0,mm_join_12,0.0,-76494.0,0.0,passive_inside_buy,,,
queue05,round1-day-1,-1,24000,-9,-9,flat_19,9997,10007,10,10002.0,9998.333333333334,2.0,rich,-0.7333333333333333,-3.6666666666660603,sell_pressure,3.0,False,steady,1,passive_one_sided_buy,one_sided_mm,0,0,0,12,0,0,0,0,hold,hold,-76494.0,mm_join_12,0.0,-76494.0,0.0,passive_inside_buy,,,
queue05,round1-day-1,-1,26500,-19,-19,flat_19,9993,10002,9,9997.5,9999.5,-2.5,cheap,0.4444444444444444,2.0,buy_pressure,-2.5,False,steady,1,passive_one_sided_buy,one_sided_mm,0,0,0,13,0,13,0,0,hold,hold,-176567.0,mm_join_12,0.0,-176567.0,0.0,passive_inside_buy,,,
queue05,round1-day-1,-1,28300,-27,-27,short_20_39,9999,10009,10,10004.0,10001.857142857143,4.0,rich,-0.42857142857142855,-2.142857142856883,sell_pressure,3.0,False,steady,1,passive_one_sided_sell,one_sided_mm,0,0,0,0,12,0,12,0,hold,hold,-256591.0,mm_join_12,0.0,-256591.0,0.0,passive_inside_sell,,,
queue05,round1-day-1,-1,32500,-23,-23,short_20_39,9993,10003,10,9998.0,10001.333333333334,-2.0,cheap,0.6666666666666666,3.3333333333339397,buy_pressure,-3.0,False,steady,1,passive_one_sided_sell,one_sided_mm,0,0,0,0,12,0,0,0,hold,hold,-216591.0,mm_join_12,0.0,-216591.0,0.0,passive_inside_sell,,,
queue05,round1-day-1,-1,34900,-23,-23,short_20_39,9994,10003,9,9998.5,10001.714285714286,-1.5,neutral,0.7142857142857143,3.214285714286234,buy_pressure,-4.0,True,shock,2,passive_two_sided,mm_inside,0,0,0,9,9,9,0,0,hold,hold,-216591.0,mm_join_12,0.0,-216591.0,0.0,,,,
queue05,round1-day-1,-1,39900,-22,-22,short_20_39,9995,10004,9,9999.5,10002.615384615385,-0.5,neutral,0.6923076923076923,3.1153846153847553,buy_pressure,-4.5,True,shock,2,passive_two_sided,mm_inside,0,0,0,9,9,9,0,0,hold,hold,-206598.0,mm_join_12,0.0,-206598.0,0.0,,,,
queue05,round1-day-1,-1,46600,-23,-23,short_20_39,9997,10008,11,10002.5,9998.375,2.5,rich,-0.75,-4.125,sell_pressure,3.5,True,shock,1,passive_one_sided_sell,one_sided_mm,0,0,0,0,9,0,9,0,hold,hold,-216637.0,mm_join_12,0.0,-216637.0,0.0,passive_inside_sell,,,
queue05,round1-day-1,-1,48600,-25,-25,short_20_39,9999,10010,11,10004.5,10002.4375,4.5,rich,-0.375,-2.0625,sell_pressure,2.5,False,steady,1,passive_one_sided_sell,one_sided_mm,0,0,0,0,12,0,12,0,hold,hold,-236677.0,mm_join_12,0.0,-236677.0,0.0,passive_inside_sell,,,
queue05,round1-day-1,-1,49000,-25,-25,short_20_39,9994,10004,10,9999.0,10001.058823529413,-1.0,neutral,0.4117647058823529,2.0588235294126207,buy_pressure,-1.5,False,steady,2,passive_two_sided,mm_inside,0,0,0,12,12,12,0,0,hold,hold,-236677.0,mm_join_12,0.0,-236677.0,0.0,,,,
queue05,round1-day-1,-1,51300,-31,-31,short_20_39,9995,10006,11,10000.5,9997.444444444445,0.5,neutral,-0.5555555555555556,-3.055555555554747,sell_pressure,3.5,True,shock,1,passive_one_sided_sell,one_sided_mm,0,0,0,0,9,0,9,0,hold,hold,-296711.0,mm_join_12,0.0,-296711.0,0.0,passive_inside_sell,,,
queue05,round1-day-1,-1,53400,-34,-34,short_20_39,9989,9999,10,9994.0,9997.75,-6.0,cheap,0.75,3.75,buy_pressure,-2.0,True,shock,1,passive_one_sided_buy,one_sided_mm,0,0,0,10,0,10,0,0,buy_take1_16,take1,-326741.0,hold,4.0,-326745.0,4.0,passive_inside_buy,,,
queue05,round1-day-1,-1,55400,-37,-37,short_20_39,9988,9998,10,9993.0,9996.0,-7.0,cheap,0.6,3.0,buy_pressure,-4.0,True,shock,1,passive_one_sided_buy,one_sided_mm,0,0,0,10,0,10,0,0,buy_take1_16,take1,-356754.0,hold,9.0,-356763.0,9.0,passive_inside_buy,,,
queue05,round1-day-1,-1,55900,-37,-37,short_20_39,9989,9998,9,9993.5,9995.5,-6.5,cheap,0.4444444444444444,2.0,buy_pressure,-2.5,True,shock,1,passive_one_sided_buy,one_sided_mm,0,0,0,10,0,10,0,0,buy_take1_16,take1,-356763.0,hold,15.0,-356778.0,15.0,passive_inside_buy,,,
queue05,round1-day-1,-1,57200,-40,-40,short_40_59,9991,10001,10,9996.0,9998.857142857143,-4.0,cheap,0.5714285714285714,2.857142857143117,buy_pressure,-3.0,False,steady,1,passive_one_sided_buy,one_sided_mm,0,0,0,13,0,13,0,0,hold,hold,-386790.0,mm_join_12,0.0,-386790.0,0.0,passive_inside_buy,,,
queue05,round1-day-1,-1,60200,-34,-34,short_20_39,9991,10000,9,9995.5,9998.105263157895,-4.5,cheap,0.5789473684210527,2.605263157895024,buy_pressure,-2.5,False,steady,1,passive_one_sided_buy,one_sided_mm,0,0,0,13,0,13,0,0,buy_take1_16,take1,-326852.0,hold,4.0,-326856.0,4.0,passive_inside_buy,,,
queue05,round1-day-1,-1,60500,-34,-34,short_20_39,9996,10006,10,10001.0,9998.631578947368,1.0,neutral,-0.47368421052631576,-2.3684210526316747,sell_pressure,3.0,False,steady,1,passive_one_sided_sell,one_sided_mm,0,0,0,0,12,0,12,0,hold,hold,-326856.0,mm_join_12,0.0,-326856.0,0.0,passive_inside_sell,,,
queue05,round1-day-1,-1,63900,-31,-31,short_20_39,9999,10008,9,10003.5,10001.48275862069,3.5,rich,-0.4482758620689655,-2.0172413793097803,sell_pressure,5.5,True,shock,1,passive_one_sided_sell,one_sided_mm,0,0,0,0,9,0,9,0,hold,hold,-296884.0,mm_join_12,0.0,-296884.0,0.0,passive_inside_sell,,,
queue05,round1-day-1,-1,65000,-23,-23,short_20_39,9994,10005,11,9999.5,9995.466666666667,-0.5,neutral,-0.7333333333333333,-4.033333333332848,sell_pressure,1.5,False,steady,2,passive_two_sided,mm_inside,0,0,0,12,12,12,12,0,hold,hold,-216932.0,mm_join_12,0.0,-216932.0,0.0,,,,
queue05,round1-day-1,-1,65500,-23,-23,short_20_39,9994,10007,13,10000.5,9995.677419354839,0.5,neutral,-0.7419354838709677,-4.822580645160997,sell_pressure,3.5,True,shock,1,passive_one_sided_sell,one_sided_mm,0,0,0,0,9,0,9,0,hold,hold,-216932.0,mm_join_12,0.0,-216932.0,0.0,passive_inside_sell,,,
queue05,round1-day-1,-1,67200,-23,-23,short_20_39,9995,10006,11,10000.5,9998.666666666666,0.5,neutral,-0.3333333333333333,-1.8333333333339397,mixed_pressure,-1.5,False,steady,2,passive_two_sided,mm_inside,0,0,0,12,12,12,12,0,hold,hold,-216932.0,mm_join_12,0.0,-216932.0,0.0,,,,
queue05,round1-day-1,-1,67400,-23,-23,short_20_39,9995,10005,10,10000.0,9996.42857142857,0.0,neutral,-0.7142857142857143,-3.571428571429351,sell_pressure,2.0,False,steady,1,passive_one_sided_sell,one_sided_mm,0,0,0,0,12,0,12,0,hold,hold,-216932.0,mm_join_12,0.0,-216932.0,0.0,passive_inside_sell,,,
queue05,round1-day-1,-1,69800,-23,-23,short_20_39,9991,10000,9,9995.5,9997.882352941177,-4.5,cheap,0.5294117647058824,2.3823529411765776,buy_pressure,-3.5,True,shock,1,passive_one_sided_buy,one_sided_mm,0,0,0,10,0,10,0,0,buy_take1_16,take1,-216932.0,hold,4.0,-216936.0,4.0,passive_inside_buy,,,
queue05,round1-day-1,-1,70400,-19,-19,flat_19,9997,10010,13,10003.5,9998.344827586207,3.5,rich,-0.7931034482758621,-5.15517241379348,sell_pressure,4.5,True,shock,1,passive_one_sided_sell,one_sided_mm,0,0,0,0,9,0,9,0,hold,hold,-176968.0,mm_join_12,0.0,-176968.0,0.0,passive_inside_sell,,,
queue05,round1-day-1,-1,72500,-22,-22,short_20_39,9997,10007,10,10002.0,9998.42857142857,2.0,rich,-0.7142857142857143,-3.571428571429351,sell_pressure,2.0,False,steady,1,passive_one_sided_buy,one_sided_mm,0,0,0,12,0,0,0,0,hold,hold,-206986.0,mm_join_12,0.0,-206986.0,0.0,passive_inside_buy,,,
queue05,round1-day-1,-1,72900,-15,-15,flat_19,9992,10002,10,9997.0,9999.5,-3.0,cheap,0.5,2.5,buy_pressure,-4.0,True,shock,1,passive_one_sided_buy,one_sided_mm,0,0,0,10,0,10,0,0,hold,hold,-137007.0,mm_join_12,0.0,-137007.0,0.0,passive_inside_buy,,,
queue05,round1-day-1,-1,73800,-15,-15,flat_19,9998,10009,11,10003.5,10000.444444444445,3.5,rich,-0.5555555555555556,-3.055555555554747,sell_pressure,-1.5,False,steady,1,passive_one_sided_sell,one_sided_mm,0,0,0,0,12,0,12,0,hold,hold,-137017.0,mm_join_12,0.0,-137017.0,0.0,passive_inside_sell,,,
queue05,round1-day-1,-1,81400,-12,-12,flat_19,9994,10003,9,9998.5,10000.6,-1.5,neutral,0.4666666666666667,2.100000000000364,buy_pressure,-3.5,True,shock,2,passive_two_sided,mm_inside,0,0,0,9,9,9,0,0,hold,hold,-107118.0,mm_join_12,0.0,-107118.0,0.0,,,,
queue05,round1-day-1,-1,83200,-12,-16,flat_19,10002,10011,9,10006.5,10003.241379310344,6.5,rich,-0.7241379310344828,-3.2586206896557997,sell_pressure,10006.5,True,shock,2,take_sell,take1,0,4,4,0,9,0,9,1,sell_take1_16,take1,-107118.0,hold,4.0,-107118.0,0.0,take_b1,,,
queue05,round1-day-1,-1,84800,-16,-16,flat_19,9996,10005,9,10000.5,10002.923076923076,0.5,neutral,0.5384615384615384,2.4230769230762235,buy_pressure,-2.5,False,steady,2,passive_two_sided,mm_inside,0,0,0,12,12,12,0,0,hold,hold,-147126.0,mm_join_12,0.0,-147126.0,0.0,,,,
queue05,round1-day-1,-1,86400,-9,-9,flat_19,10000,10011,11,10005.5,10002.933333333332,5.5,rich,-0.4666666666666667,-2.5666666666675155,sell_pressure,2.5,False,steady,1,passive_one_sided_sell,one_sided_mm,0,0,0,0,12,0,12,0,hold,hold,-77126.0,mm_join_12,0.0,-77126.0,0.0,passive_inside_sell,,,
queue05,round1-day-1,-1,90500,-15,-15,flat_19,10001,10012,11,10006.5,10003.933333333332,6.5,rich,-0.4666666666666667,-2.5666666666675155,sell_pressure,2.5,True,shock,1,passive_one_sided_sell,one_sided_mm,0,0,0,0,9,0,9,0,hold,hold,-137192.0,mm_join_12,0.0,-137192.0,0.0,passive_inside_sell,,,
queue05,round1-day-1,-1,91900,-19,-19,flat_19,10001,10011,10,10006.0,10002.875,6.0,rich,-0.625,-3.125,sell_pressure,-8.0,True,shock,1,passive_one_sided_sell,one_sided_mm,0,0,0,0,9,0,9,0,hold,hold,-177216.0,mm_join_12,0.0,-177216.0,0.0,passive_inside_sell,,,
queue05,round1-day-1,-1,97800,-24,-24,short_20_39,9997,10010,13,10003.5,9998.3,3.5,rich,-0.8,-5.200000000000728,sell_pressure,3.5,True,shock,1,passive_one_sided_sell,one_sided_mm,0,0,0,0,9,0,9,0,hold,hold,-227273.0,mm_join_12,0.0,-227273.0,0.0,passive_inside_sell,,,
queue05,round1-day-1,-1,108200,-8,-8,flat_19,9997,10008,11,10002.5,9998.29411764706,2.5,rich,-0.7647058823529411,-4.2058823529405345,sell_pressure,4.0,True,shock,1,passive_one_sided_sell,one_sided_mm,0,0,0,0,9,0,9,0,hold,hold,-67464.0,mm_join_12,0.0,-67464.0,0.0,passive_inside_sell,,,
queue05,round1-day-1,-1,111900,-8,-8,flat_19,9999,10009,10,10004.0,10000.42857142857,4.0,rich,-0.7142857142857143,-3.571428571429351,sell_pressure,1.5,False,steady,1,passive_one_sided_sell,one_sided_mm,0,0,0,0,12,0,12,0,hold,hold,-67464.0,mm_join_12,0.0,-67464.0,0.0,passive_inside_sell,,,
queue05,round1-day-1,-1,112400,-8,-8,flat_19,9993,10002,9,9997.5,9999.923076923076,-2.5,cheap,0.5384615384615384,2.4230769230762235,buy_pressure,-3.5,True,shock,1,passive_one_sided_buy,one_sided_mm,0,0,0,10,0,10,0,0,hold,hold,-67464.0,mm_join_12,0.0,-67464.0,0.0,passive_inside_buy,,,
queue05,round1-day-1,-1,113600,-4,-13,flat_19,10002,10011,9,10006.5,10004.454545454546,6.5,rich,-0.45454545454545453,-2.0454545454540494,sell_pressure,6.5,True,shock,2,take_sell,take1,0,9,9,0,9,0,9,1,sell_take1_16,take1,-27472.0,hold,7.0,-27472.0,0.0,take_b1,,,
queue05,round1-day-1,-1,120200,-10,-10,flat_19,9992,10001,9,9996.5,9999.8,-3.5,cheap,0.7333333333333333,3.2999999999992724,buy_pressure,-2.5,False,steady,1,passive_one_sided_buy,one_sided_mm,0,0,0,13,0,13,0,0,buy_take1_16,take1,-87595.0,hold,2.0,-87597.0,2.0,passive_inside_buy,,,
queue05,round1-day-1,-1,122500,-10,-10,flat_19,9997,10007,10,10002.0,9999.307692307691,2.0,rich,-0.5384615384615384,-2.692307692308532,sell_pressure,4.0,True,shock,1,passive_one_sided_buy,one_sided_mm,0,0,0,9,0,0,0,0,hold,hold,-87597.0,mm_join_12,0.0,-87597.0,0.0,passive_inside_buy,,,
queue05,round1-day-1,-1,122800,-10,-10,flat_19,9991,10001,10,9996.0,9998.142857142857,-4.0,cheap,0.42857142857142855,2.142857142856883,buy_pressure,-1.5,False,steady,1,passive_one_sided_buy,one_sided_mm,0,0,0,13,0,13,0,0,buy_take1_16,take1,-87597.0,buy_take2_32,0.0,-87601.0,4.0,passive_inside_buy,,,
queue05,round1-day-1,-1,127500,-10,-10,flat_19,9993,10006,13,9999.5,9994.575757575758,-0.5,neutral,-0.7575757575757576,-4.924242424242038,sell_pressure,3.5,True,shock,1,passive_one_sided_sell,one_sided_mm,0,0,0,0,9,0,9,0,hold,hold,-87720.0,mm_join_12,0.0,-87720.0,0.0,passive_inside_sell,,,
queue05,round1-day-1,-1,128300,-10,-10,flat_19,9992,10003,11,9997.5,9993.57142857143,-2.5,cheap,-0.7142857142857143,-3.928571428570649,sell_pressure,3.5,True,shock,1,passive_one_sided_sell,one_sided_mm,0,0,0,0,9,0,9,0,hold,hold,-87720.0,mm_join_12,0.0,-87720.0,0.0,passive_inside_sell,,,
queue05,round1-day-1,-1,128700,-10,-10,flat_19,9993,10003,10,9998.0,9995.777777777777,-2.0,cheap,-0.4444444444444444,-2.2222222222226264,sell_pressure,3.0,False,steady,1,passive_one_sided_sell,one_sided_mm,0,0,0,0,12,0,12,0,hold,hold,-87720.0,mm_join_12,0.0,-87720.0,0.0,passive_inside_sell,,,
queue05,round1-day-1,-1,130000,-8,-8,flat_19,9992,10005,13,9998.5,9993.911764705883,-1.5,neutral,-0.7058823529411765,-4.588235294117112,sell_pressure,4.5,True,shock,1,passive_one_sided_sell,one_sided_mm,0,0,0,0,9,0,9,0,hold,hold,-67744.0,mm_join_12,0.0,-67744.0,0.0,passive_inside_sell,,,
queue05,round1-day-1,-1,130200,-7,-7,flat_19,9992,10003,11,9997.5,9994.357142857143,-2.5,cheap,-0.5714285714285714,-3.142857142856883,sell_pressure,3.5,True,shock,1,passive_one_sided_sell,one_sided_mm,0,0,0,0,9,0,9,0,hold,hold,-57757.0,mm_join_12,0.0,-57757.0,0.0,passive_inside_sell,,,
queue05,round1-day-1,-1,130600,-1,-1,flat_19,9984,9996,12,9990.0,9994.5,-10.0,cheap,0.75,4.5,buy_pressure,1.0,True,shock,1,passive_one_sided_buy,one_sided_mm,0,0,0,10,0,10,0,0,buy_take1_16,take1,2165.0,buy_take2_32,0.0,2147.0,18.0,passive_inside_buy,,,
queue05,round1-day-1,-1,130700,-1,-1,flat_19,9992,10003,11,9997.5,9994.315789473685,-2.5,cheap,-0.5789473684210527,-3.184210526314928,sell_pressure,7.5,True,shock,1,passive_one_sided_sell,one_sided_mm,0,0,0,0,9,0,9,0,hold,hold,2147.0,mm_join_12,0.0,2147.0,0.0,passive_inside_sell,,,
queue05,round1-day-1,-1,132600,-4,-4,flat_19,9994,10004,10,9999.0,9996.35294117647,-1.0,neutral,-0.5294117647058824,-2.6470588235297328,sell_pressure,3.0,False,steady,1,passive_one_sided_sell,one_sided_mm,0,0,0,0,12,0,12,0,hold,hold,-27885.0,mm_join_12,0.0,-27885.0,0.0,passive_inside_sell,,,
queue05,round1-day-1,-1,135100,0,0,flat_19,9989,9999,10,9994.0,9997.666666666666,-6.0,cheap,0.7333333333333333,3.6666666666660603,buy_pressure,-4.0,True,shock,1,passive_one_sided_buy,one_sided_mm,0,0,0,10,0,10,0,0,buy_take1_16,take1,12091.0,hold,6.0,12085.0,6.0,passive_inside_buy,,,
queue05,round1-day-1,-1,136400,5,5,flat_19,9989,9999,10,9994.0,9996.5,-6.0,cheap,0.5,2.5,buy_pressure,1.5,True,shock,1,passive_one_sided_buy,one_sided_mm,0,0,0,10,0,10,0,0,buy_take1_16,take1,62060.0,hold,12.0,62048.0,12.0,passive_inside_buy,,,
queue05,round1-day-1,-1,141700,9,9,flat_19,9997,10010,13,10003.5,9999.407407407407,3.5,rich,-0.6296296296296297,-4.092592592593064,sell_pressure,3.5,True,shock,1,passive_one_sided_sell,one_sided_mm,0,0,0,0,9,0,9,0,hold,hold,102012.0,mm_join_12,0.0,102012.0,0.0,passive_inside_sell,,,
queue05,round1-day-1,-1,147000,-3,-3,flat_19,9998,10011,13,10004.5,10000.241379310344,4.5,rich,-0.6551724137931034,-4.2586206896558,sell_pressure,3.5,True,shock,1,passive_one_sided_sell,one_sided_mm,0,0,0,0,9,0,9,0,hold,hold,-18109.0,mm_join_12,0.0,-18109.0,0.0,passive_inside_sell,,,
queue05,round1-day-1,-1,149300,1,1,flat_19,9998,10008,10,10003.0,10000.105263157895,3.0,rich,-0.5789473684210527,-2.894736842104976,sell_pressure,2.0,False,steady,1,passive_one_sided_sell,one_sided_mm,0,0,0,0,12,0,12,0,hold,hold,21842.0,mm_join_12,0.0,21842.0,0.0,passive_inside_sell,,,
queue05,round1-day-1,-1,149600,1,1,flat_19,10003,10012,9,10007.5,10005.25,7.5,rich,-0.5,-2.25,sell_pressure,7.0,True,shock,1,passive_one_sided_sell,one_sided_mm,0,0,0,0,9,0,9,0,sell_take1_16,take1,21842.0,hold,10.0,21832.0,10.0,passive_inside_sell,,,
queue05,round1-day-1,-1,154300,10,10,flat_19,9994,10003,9,9998.5,10000.6,-1.5,neutral,0.4666666666666667,2.100000000000364,buy_pressure,-1.5,False,steady,2,passive_two_sided,mm_inside,0,0,0,12,12,12,0,0,hold,hold,111750.0,mm_join_12,0.0,111750.0,0.0,,,,
queue05,round1-day-1,-1,154800,10,10,flat_19,9999,10009,10,10004.0,10001.666666666666,4.0,rich,-0.4666666666666667,-2.3333333333339397,sell_pressure,3.0,False,steady,1,passive_one_sided_sell,one_sided_mm,0,0,0,0,12,0,12,0,hold,hold,111750.0,mm_join_12,0.0,111750.0,0.0,passive_inside_sell,,,
queue05,round1-day-1,-1,156200,10,10,flat_19,9994,10004,10,9999.0,10002.75,-1.0,neutral,0.75,3.75,buy_pressure,-4.5,True,shock,1,passive_one_sided_buy,one_sided_mm,0,0,0,9,0,9,0,0,hold,hold,111750.0,mm_join_12,0.0,111750.0,0.0,passive_inside_buy,,,
queue05,round1-day-1,-1,157500,10,10,flat_19,9994,10003,9,9998.5,10000.1875,-1.5,neutral,0.375,1.6875,buy_pressure,-3.5,True,shock,2,passive_two_sided,mm_inside,0,0,0,9,9,9,0,0,hold,hold,111750.0,mm_join_12,0.0,111750.0,0.0,,,,
queue05,round1-day-1,-1,162500,1,1,flat_19,9992,10001,9,9996.5,9999.714285714286,-3.5,cheap,0.7142857142857143,3.214285714286234,buy_pressure,-3.5,True,shock,1,passive_one_sided_buy,one_sided_mm,0,0,0,10,0,10,0,0,buy_take1_16,take1,21652.0,hold,2.0,21650.0,2.0,passive_inside_buy,,,
queue05,round1-day-1,-1,162700,1,1,flat_19,9997,10007,10,10002.0,9998.42857142857,2.0,rich,-0.7142857142857143,-3.571428571429351,sell_pressure,2.0,False,steady,1,passive_one_sided_buy,one_sided_mm,0,0,0,12,0,0,0,0,hold,hold,21650.0,mm_join_12,0.0,21650.0,0.0,passive_inside_buy,,,
queue05,round1-day-1,-1,163100,1,1,flat_19,9992,10002,10,9997.0,10000.125,-3.0,cheap,0.625,3.125,buy_pressure,-3.0,False,steady,1,passive_one_sided_buy,one_sided_mm,0,0,0,13,0,13,0,0,hold,hold,21650.0,mm_join_12,0.0,21650.0,0.0,passive_inside_buy,,,
queue05,round1-day-1,-1,167200,9,9,flat_19,10001,10010,9,10005.5,10002.8,5.5,rich,-0.6,-2.7000000000007276,sell_pressure,5.5,True,shock,1,passive_one_sided_sell,one_sided_mm,0,0,0,0,9,0,9,0,hold,hold,101618.0,mm_join_12,0.0,101618.0,0.0,passive_inside_sell,,,
queue05,round1-day-1,-1,168900,9,9,flat_19,9996,10006,10,10001.0,9998.35294117647,1.0,neutral,-0.5294117647058824,-2.6470588235297328,sell_pressure,3.0,False,steady,2,passive_two_sided,mm_inside,0,0,0,12,12,0,12,0,hold,hold,101618.0,mm_join_12,0.0,101618.0,0.0,,,,
queue05,round1-day-1,-1,172500,14,14,flat_19,9992,10001,9,9996.5,9999.714285714286,-3.5,cheap,0.7142857142857143,3.214285714286234,buy_pressure,-2.5,False,steady,1,passive_one_sided_buy,one_sided_mm,0,0,0,13,0,13,0,0,buy_take1_16,take1,151542.0,hold,2.0,151540.0,2.0,passive_inside_buy,,,
queue05,round1-day-1,-1,173000,14,14,flat_19,9997,10008,11,10002.5,9999.75,2.5,rich,-0.5,-2.75,sell_pressure,2.5,False,steady,1,passive_one_sided_sell,one_sided_mm,0,0,0,0,12,0,12,0,hold,hold,151540.0,mm_join_12,0.0,151540.0,0.0,passive_inside_sell,,,
queue05,round1-day-1,-1,177800,22,22,long_20_39,9997,10007,10,10002.0,9999.105263157895,2.0,rich,-0.5789473684210527,-2.894736842104976,sell_pressure,11.0,True,shock,1,passive_one_sided_buy,one_sided_mm,0,0,0,12,0,0,0,0,hold,hold,231502.0,mm_join_12,0.0,231502.0,0.0,passive_inside_buy,,,
queue05,round1-day-1,-1,179300,22,16,long_20_39,10002,10011,9,10006.5,10003.5,6.5,rich,-0.6666666666666666,-3.0,sell_pressure,7.5,True,shock,2,clear_sell,take1,0,6,6,0,9,0,9,1,hold,hold,231502.0,mm_join_12,0.0,231502.0,0.0,take_b1,,,
queue05,round1-day-1,-1,183800,-3,-3,flat_19,9995,10004,9,9999.5,10002.3125,-0.5,neutral,0.625,2.8125,buy_pressure,3.5,True,shock,2,passive_two_sided,mm_inside,0,0,0,9,9,9,0,0,hold,hold,-18621.0,mm_join_12,0.0,-18621.0,0.0,,,,
queue05,round1-day-1,-1,184800,-6,-6,flat_19,10001,10011,10,10006.0,10002.333333333334,6.0,rich,-0.7333333333333333,-3.6666666666660603,sell_pressure,-6.0,True,shock,1,passive_one_sided_sell,one_sided_mm,0,0,0,0,9,0,9,0,hold,hold,-48651.0,mm_join_12,0.0,-48651.0,0.0,passive_inside_sell,,,
queue05,round1-day-1,-1,187400,-6,-6,flat_19,10001,10012,11,10006.5,10003.75,6.5,rich,-0.5,-2.75,sell_pressure,3.5,True,shock,1,passive_one_sided_sell,one_sided_mm,0,0,0,0,9,0,9,0,hold,hold,-48651.0,mm_join_12,0.0,-48651.0,0.0,passive_inside_sell,,,
queue05,round1-day-1,-1,187700,-6,-6,flat_19,10000,10013,13,10006.5,10001.677419354839,6.5,rich,-0.7419354838709677,-4.822580645160997,sell_pressure,3.5,True,shock,1,passive_one_sided_sell,one_sided_mm,0,0,0,0,9,0,9,0,hold,hold,-48651.0,mm_join_12,0.0,-48651.0,0.0,passive_inside_sell,,,
queue05,round1-day-1,-1,189800,-11,-11,flat_19,10000,10011,11,10005.5,10002.588235294117,5.5,rich,-0.5294117647058824,-2.911764705882888,sell_pressure,2.5,False,steady,1,passive_one_sided_sell,one_sided_mm,0,0,0,0,12,0,12,0,hold,hold,-98671.0,mm_join_12,0.0,-98671.0,0.0,passive_inside_sell,,,
queue05,round1-day-1,-1,191300,-11,-11,flat_19,10001,10012,11,10006.5,10004.235294117647,6.5,rich,-0.4117647058823529,-2.264705882353155,sell_pressure,2.5,True,shock,1,passive_one_sided_sell,one_sided_mm,0,0,0,0,9,0,9,0,hold,hold,-98671.0,mm_join_12,0.0,-98671.0,0.0,passive_inside_sell,,,
queue05,round1-day-1,-1,191500,-8,-8,flat_19,9996,10005,9,10000.5,10003.714285714286,0.5,neutral,0.7142857142857143,3.214285714286234,buy_pressure,-3.5,True,shock,2,passive_two_sided,mm_inside,0,0,0,9,9,9,0,0,hold,hold,-68680.0,mm_join_12,0.0,-68680.0,0.0,,,,
queue05,round1-day-1,-1,192300,-5,-5,flat_19,9997,10006,9,10001.5,10004.941176470587,1.5,neutral,0.7647058823529411,3.4411764705873793,buy_pressure,-3.5,True,shock,2,passive_two_sided,mm_inside,0,0,0,9,9,9,0,0,hold,hold,-38689.0,mm_join_12,0.0,-38689.0,0.0,,,,
queue05,round1-day-1,-1,195800,-3,-3,flat_19,10001,10014,13,10007.5,10002.181818181818,7.5,rich,-0.8181818181818182,-5.3181818181819835,sell_pressure,3.5,True,shock,1,passive_one_sided_sell,one_sided_mm,0,0,0,0,9,0,9,0,hold,hold,-18699.0,mm_join_12,0.0,-18699.0,0.0,passive_inside_sell,,,
queue05,round1-day-1,-1,200200,-33,-33,short_20_39,9994,10004,10,9999.0,10001.692307692309,-1.0,neutral,0.5384615384615384,2.692307692308532,buy_pressure,-3.0,False,steady,1,passive_one_sided_buy,one_sided_mm,0,0,0,12,0,12,0,0,hold,hold,-318839.0,mm_join_12,0.0,-318839.0,0.0,passive_inside_buy,,,
queue05,round1-day-1,-1,200700,-33,-33,short_20_39,10000,10010,10,10005.0,10002.5,5.0,rich,-0.5,-2.5,sell_pressure,3.0,False,steady,1,passive_one_sided_sell,one_sided_mm,0,0,0,0,12,0,12,0,hold,hold,-318839.0,mm_join_12,0.0,-318839.0,0.0,passive_inside_sell,,,
queue05,round1-day-1,-1,201900,-33,-33,short_20_39,9992,10002,10,9997.0,9999.894736842105,-3.0,cheap,0.5789473684210527,2.894736842104976,buy_pressure,-4.0,True,shock,1,passive_one_sided_buy,one_sided_mm,0,0,0,10,0,10,0,0,hold,hold,-318839.0,mm_join_12,0.0,-318839.0,0.0,passive_inside_buy,,,
queue05,round1-day-1,-1,202400,-33,-33,short_20_39,9998,10008,10,10003.0,9999.666666666666,3.0,rich,-0.6666666666666666,-3.3333333333339397,sell_pressure,1.5,False,steady,1,passive_one_sided_sell,one_sided_mm,0,0,0,0,12,0,12,0,hold,hold,-318839.0,mm_join_12,0.0,-318839.0,0.0,passive_inside_sell,,,
queue05,round1-day-1,-1,204200,-30,-30,short_20_39,9991,10001,10,9996.0,9999.333333333334,-4.0,cheap,0.6666666666666666,3.3333333333339397,buy_pressure,-3.0,False,steady,1,passive_one_sided_buy,one_sided_mm,0,0,0,13,0,13,0,0,buy_take1_16,take1,-288863.0,hold,2.0,-288865.0,2.0,passive_inside_buy,,,
queue05,round1-day-1,-1,204400,-30,-30,short_20_39,9991,10000,9,9995.5,9997.35294117647,-4.5,cheap,0.4117647058823529,1.8529411764702672,buy_pressure,-3.5,True,shock,1,passive_one_sided_buy,one_sided_mm,0,0,0,10,0,10,0,0,buy_take1_16,take1,-288865.0,hold,10.0,-288875.0,10.0,passive_inside_buy,,,
queue05,round1-day-1,-1,204800,-20,-20,short_20_39,9991,10001,10,9996.0,9998.894736842105,-4.0,cheap,0.5789473684210527,2.894736842104976,buy_pressure,-3.0,False,steady,1,passive_one_sided_buy,one_sided_mm,0,0,0,13,0,13,0,0,buy_take1_16,take1,-188915.0,hold,6.0,-188921.0,6.0,passive_inside_buy,,,
queue05,round1-day-1,-1,204900,-20,-20,short_20_39,10001,10010,9,10005.5,10002.161290322581,5.5,rich,-0.7419354838709677,-3.338709677418592,sell_pressure,9.5,True,shock,1,passive_one_sided_sell,one_sided_mm,0,0,0,0,9,0,9,0,hold,hold,-188921.0,mm_join_12,0.0,-188921.0,0.0,passive_inside_sell,,,
queue05,round1-day-1,-1,211600,-22,-22,short_20_39,9991,10003,12,9997.0,10001.0,-3.0,cheap,0.6666666666666666,4.0,buy_pressure,-4.0,True,shock,1,passive_one_sided_buy,one_sided_mm,0,0,0,10,0,10,0,0,hold,hold,-208971.0,mm_join_12,0.0,-208971.0,0.0,passive_inside_buy,,,
queue05,round1-day-1,-1,214400,-22,-22,short_20_39,9993,10003,10,9998.0,10001.75,-2.0,cheap,0.75,3.75,buy_pressure,-2.5,False,steady,1,passive_one_sided_sell,one_sided_mm,0,0,0,0,12,0,0,0,hold,hold,-208971.0,mm_join_12,0.0,-208971.0,0.0,passive_inside_sell,,,
queue05,round1-day-1,-1,214800,-22,-22,short_20_39,9991,10003,12,9997.0,10001.222222222223,-3.0,cheap,0.7037037037037037,4.222222222222626,buy_pressure,-4.0,True,shock,1,passive_one_sided_buy,one_sided_mm,0,0,0,10,0,10,0,0,hold,hold,-208971.0,mm_join_12,0.0,-208971.0,0.0,passive_inside_buy,,,
queue05,round1-day-1,-1,216500,-24,-24,short_20_39,9992,10002,10,9997.0,9999.5,-3.0,cheap,0.5,2.5,buy_pressure,-2.0,False,steady,1,passive_one_sided_buy,one_sided_mm,0,0,0,13,0,13,0,0,buy_take1_16,take1,-228985.0,hold,4.0,-228989.0,4.0,passive_inside_buy,,,
queue05,round1-day-1,-1,216800,-24,-24,short_20_39,9993,10003,10,9998.0,10000.368421052632,-2.0,cheap,0.47368421052631576,2.3684210526316747,buy_pressure,-3.0,False,steady,0,hold,hold,0,0,0,0,0,0,0,0,hold,hold,-228989.0,mm_join_12,0.0,-228989.0,0.0,,,,
queue05,round1-day-1,-1,221800,-28,-28,short_20_39,9992,10004,12,9998.0,10002.8,-2.0,cheap,0.8,4.799999999999272,buy_pressure,-5.0,True,shock,1,passive_one_sided_sell,one_sided_mm,0,0,0,0,9,0,0,0,hold,hold,-269135.0,mm_join_12,0.0,-269135.0,0.0,passive_inside_sell,1,9,1.0
queue05,round1-day-1,-1,225800,-30,-30,short_20_39,10002,10013,11,10007.5,10004.0625,7.5,rich,-0.625,-3.4375,sell_pressure,4.0,True,shock,1,passive_one_sided_sell,one_sided_mm,0,0,0,0,9,0,9,0,hold,hold,-289155.0,mm_join_12,0.0,-289155.0,0.0,passive_inside_sell,,,
queue05,round1-day-1,-1,226700,-22,-22,short_20_39,10002,10013,11,10007.5,10004.894736842105,7.5,rich,-0.47368421052631576,-2.605263157895024,sell_pressure,8.5,True,shock,1,passive_one_sided_sell,one_sided_mm,0,0,0,0,9,0,9,0,hold,hold,-209139.0,mm_join_12,0.0,-209139.0,0.0,passive_inside_sell,,,
queue05,round1-day-1,-1,232600,-15,-15,flat_19,9999,10009,10,10004.0,10001.666666666666,4.0,rich,-0.4666666666666667,-2.3333333333339397,sell_pressure,-5.0,True,shock,1,passive_one_sided_sell,one_sided_mm,0,0,0,0,9,0,9,0,hold,hold,-139156.0,mm_join_12,0.0,-139156.0,0.0,passive_inside_sell,,,
queue05,round1-day-1,-1,238200,-21,-21,short_20_39,9994,10004,10,9999.0,10002.0,-1.0,neutral,0.6,3.0,buy_pressure,-4.0,True,shock,1,passive_one_sided_buy,one_sided_mm,0,0,0,9,0,9,0,0,hold,hold,-199218.0,mm_join_12,0.0,-199218.0,0.0,passive_inside_buy,,,
queue05,round1-day-1,-1,238400,-21,-21,short_20_39,10000,10011,11,10005.5,10001.941176470587,5.5,rich,-0.6470588235294118,-3.5588235294126207,sell_pressure,2.5,False,steady,1,passive_one_sided_sell,one_sided_mm,0,0,0,0,12,0,12,0,hold,hold,-199218.0,mm_join_12,0.0,-199218.0,0.0,passive_inside_sell,,,
queue05,round1-day-1,-1,238700,-21,-21,short_20_39,9995,10005,10,10000.0,10003.333333333334,0.0,neutral,0.6666666666666666,3.3333333333339397,buy_pressure,-3.0,False,steady,1,passive_one_sided_buy,one_sided_mm,0,0,0,12,0,12,0,0,hold,hold,-199218.0,mm_join_12,0.0,-199218.0,0.0,passive_inside_buy,,,
queue05,round1-day-1,-1,243500,-40,-40,short_40_59,9993,10003,10,9998.0,10000.777777777777,-2.0,cheap,0.5555555555555556,2.7777777777773736,buy_pressure,-3.0,False,steady,1,passive_one_sided_sell,one_sided_mm,0,0,0,0,12,0,0,0,hold,hold,-389344.0,mm_join_12,0.0,-389344.0,0.0,passive_inside_sell,,,
queue05,round1-day-1,-1,249600,-47,-47,short_40_59,9993,10003,10,9998.0,10000.333333333334,-2.0,cheap,0.4666666666666667,2.3333333333339397,buy_pressure,-4.5,True,shock,1,passive_one_sided_sell,one_sided_mm,0,0,0,0,6,0,0,0,hold,hold,-459494.0,mm_join_12,0.0,-459494.0,0.0,passive_inside_sell,,,
queue05,round1-day-1,-1,249700,-47,-47,short_40_59,9999,10012,13,10005.5,10000.793103448275,5.5,rich,-0.7241379310344828,-4.70689655172464,sell_pressure,7.5,True,shock,1,passive_one_sided_sell,one_sided_mm,0,0,0,0,6,0,6,0,hold,hold,-459494.0,mm_join_12,0.0,-459494.0,0.0,passive_inside_sell,,,
queue05,round1-day-1,-1,255900,-59,-59,short_40_59,9999,10009,10,10004.0,10002.333333333334,4.0,rich,-0.3333333333333333,-1.6666666666660603,mixed_pressure,4.0,True,shock,1,passive_one_sided_sell,one_sided_mm,0,0,0,0,6,0,6,0,hold,hold,-579642.0,mm_join_12,0.0,-579642.0,0.0,passive_inside_sell,,,
queue05,round1-day-1,-1,261200,-59,-59,short_40_59,10002,10012,10,10007.0,10003.666666666666,7.0,rich,-0.6666666666666666,-3.3333333333339397,sell_pressure,1.0,True,shock,2,passive_two_sided,mm_inside,0,0,0,11,6,0,6,0,hold,hold,-579642.0,mm_join_12,0.0,-579642.0,0.0,,,,
queue05,round1-day-1,-1,261500,-59,-59,short_40_59,9993,10005,12,9999.0,10002.6,-1.0,neutral,0.6,3.600000000000364,buy_pressure,6.0,True,shock,2,passive_two_sided,mm_inside,0,0,0,14,9,14,0,0,hold,hold,-579642.0,mm_join_12,0.0,-579642.0,0.0,,,,
queue05,round1-day-1,-1,263800,-63,-63,short_60_plus,9991,10003,12,9997.0,10002.172413793103,-3.0,cheap,0.8620689655172413,5.17241379310326,buy_pressure,-5.0,True,shock,1,passive_one_sided_buy,one_sided_mm,0,0,0,12,0,12,0,0,hold,hold,-619692.0,mm_join_12,0.0,-619692.0,0.0,passive_inside_buy,,,
queue05,round1-day-1,-1,265900,-58,-58,short_40_59,9992,10002,10,9997.0,9999.64705882353,-3.0,cheap,0.5294117647058824,2.6470588235297328,buy_pressure,-3.0,False,steady,1,passive_one_sided_buy,one_sided_mm,0,0,0,15,0,15,0,0,buy_take1_16,take1,-569755.0,hold,4.0,-569759.0,4.0,passive_inside_buy,,,
queue05,round1-day-1,-1,266300,-58,-58,short_40_59,9997,10007,10,10002.0,9999.35294117647,2.0,rich,-0.5294117647058824,-2.6470588235297328,sell_pressure,2.0,False,steady,1,passive_one_sided_sell,one_sided_mm,0,0,0,0,9,0,9,0,hold,hold,-569759.0,mm_join_12,0.0,-569759.0,0.0,passive_inside_sell,,,
queue05,round1-day-1,-1,269500,-48,-44,short_40_59,9988,10000,12,9994.0,9998.451612903225,-6.0,cheap,0.7419354838709677,4.451612903225396,buy_pressure,-5.0,True,shock,2,clear_buy,take1,4,0,4,12,0,12,0,1,buy_take1_16,take1,-469795.0,hold,12.0,-469795.0,0.0,take_a1,,,
queue05,round1-day-1,-1,274000,-38,-38,short_20_39,9994,10007,13,10000.5,9995.575757575758,0.5,neutral,-0.7575757575757576,-4.924242424242038,sell_pressure,2.5,False,steady,1,passive_one_sided_sell,one_sided_mm,0,0,0,0,12,0,12,0,hold,hold,-369831.0,mm_join_12,0.0,-369831.0,0.0,passive_inside_sell,,,
queue05,round1-day-1,-1,278700,-30,-30,short_20_39,9996,10007,11,10001.5,9997.833333333334,1.5,neutral,-0.6666666666666666,-3.6666666666660603,sell_pressure,2.5,False,steady,2,passive_two_sided,mm_inside,0,0,0,12,12,12,12,0,hold,hold,-289904.0,mm_join_12,0.0,-289904.0,0.0,,,,
queue05,round1-day-1,-1,279700,-30,-30,short_20_39,9997,10008,11,10002.5,9999.0625,2.5,rich,-0.625,-3.4375,sell_pressure,3.5,True,shock,1,passive_one_sided_sell,one_sided_mm,0,0,0,0,9,0,9,0,hold,hold,-289904.0,mm_join_12,0.0,-289904.0,0.0,passive_inside_sell,,,
queue05,round1-day-1,-1,283800,-23,-23,short_20_39,10000,10009,9,10004.5,10002.1,4.5,rich,-0.5333333333333333,-2.399999999999636,sell_pressure,7.5,True,shock,1,passive_one_sided_sell,one_sided_mm,0,0,0,0,9,0,9,0,hold,hold,-220005.0,mm_join_12,0.0,-220005.0,0.0,passive_inside_sell,,,
queue05,round1-day-1,-1,285900,-26,-26,short_20_39,9996,10009,13,10002.5,9997.130434782608,2.5,rich,-0.8260869565217391,-5.369565217391937,sell_pressure,5.0,True,shock,1,passive_one_sided_sell,one_sided_mm,0,0,0,0,9,0,9,0,hold,hold,-250023.0,mm_join_12,0.0,-250023.0,0.0,passive_inside_sell,,,
queue05,round1-day-1,-1,288600,-24,-24,short_20_39,9999,10008,9,10003.5,10001.4,3.5,rich,-0.4666666666666667,-2.100000000000364,sell_pressure,5.5,True,shock,1,passive_one_sided_sell,one_sided_mm,0,0,0,0,9,0,9,0,hold,hold,-230043.0,mm_join_12,0.0,-230043.0,0.0,passive_inside_sell,,,
queue05,round1-day-1,-1,290100,-19,-19,flat_19,9994,10005,11,9999.5,9996.538461538461,-0.5,neutral,-0.5384615384615384,-2.9615384615390212,sell_pressure,1.5,False,steady,1,passive_one_sided_sell,one_sided_mm,0,0,0,0,12,0,12,0,hold,hold,-180093.0,mm_join_12,0.0,-180093.0,0.0,passive_inside_sell,,,
queue05,round1-day-1,-1,290600,-16,-16,flat_19,9994,10004,10,9999.0,9996.666666666666,-1.0,neutral,-0.4666666666666667,-2.3333333333339397,sell_pressure,3.0,False,steady,1,passive_one_sided_sell,one_sided_mm,0,0,0,0,12,0,12,0,hold,hold,-150126.0,mm_join_12,0.0,-150126.0,0.0,passive_inside_sell,,,
queue05,round1-day-1,-1,296900,-9,-9,flat_19,9995,10005,10,10000.0,9997.307692307691,0.0,neutral,-0.5384615384615384,-2.692307692308532,sell_pressure,3.0,False,steady,1,passive_one_sided_sell,one_sided_mm,0,0,0,0,12,0,12,0,hold,hold,-80193.0,mm_join_12,0.0,-80193.0,0.0,passive_inside_sell,,,
queue05,round1-day-1,-1,297200,-9,-9,flat_19,9989,9998,9,9993.5,9996.714285714286,-6.5,cheap,0.7142857142857143,3.214285714286234,buy_pressure,-3.5,True,shock,1,passive_one_sided_buy,one_sided_mm,0,0,0,10,0,10,0,0,buy_take1_16,take1,-80193.0,hold,10.0,-80203.0,10.0,passive_inside_buy,,,
queue05,round1-day-1,-1,301500,-9,-9,flat_19,9997,10007,10,10002.0,9998.875,2.0,rich,-0.625,-3.125,sell_pressure,3.0,False,steady,1,passive_one_sided_buy,one_sided_mm,0,0,0,12,0,0,0,0,hold,hold,-80203.0,mm_join_12,0.0,-80203.0,0.0,passive_inside_buy,,,
queue05,round1-day-1,-1,301600,-9,-9,flat_19,9992,10001,9,9996.5,9999.3125,-3.5,cheap,0.625,2.8125,buy_pressure,-5.5,True,shock,1,passive_one_sided_buy,one_sided_mm,0,0,0,10,0,10,0,0,buy_take1_16,take1,-80203.0,buy_take2_32,0.0,-80209.0,6.0,passive_inside_buy,,,
queue05,round1-day-1,-1,305200,-5,-5,flat_19,9991,10001,10,9996.0,9998.5,-4.0,cheap,0.5,2.5,buy_pressure,-13.0,True,shock,1,passive_one_sided_buy,one_sided_mm,0,0,0,10,0,10,0,0,buy_take1_16,take1,-40233.0,hold,10.0,-40243.0,10.0,passive_inside_buy,,,
queue05,round1-day-1,-1,305400,-5,-5,flat_19,9998,10008,10,10003.0,9999.666666666666,3.0,rich,-0.6666666666666666,-3.3333333333339397,sell_pressure,3.0,False,steady,1,passive_one_sided_sell,one_sided_mm,0,0,0,0,12,0,12,0,hold,hold,-40243.0,mm_join_12,0.0,-40243.0,0.0,passive_inside_sell,,,
queue05,round1-day-1,-1,307600,-1,-1,flat_19,9995,10004,9,9999.5,10002.07142857143,-0.5,neutral,0.5714285714285714,2.571428571429351,buy_pressure,-3.0,False,steady,2,passive_two_sided,mm_inside,0,0,0,12,12,12,0,0,hold,hold,-271.0,mm_join_12,0.0,-271.0,0.0,,,,
queue05,round1-day-1,-1,308400,-2,-2,flat_19,9995,10004,9,9999.5,10001.75,-0.5,neutral,0.5,2.25,buy_pressure,-3.5,True,shock,2,passive_two_sided,mm_inside,0,0,0,9,9,9,0,0,hold,hold,-10309.0,mm_join_12,0.0,-10309.0,0.0,,,,
queue05,round1-day-1,-1,309100,-2,-2,flat_19,9995,10005,10,10000.0,10002.333333333334,0.0,neutral,0.4666666666666667,2.3333333333339397,buy_pressure,-3.0,False,steady,1,passive_one_sided_buy,one_sided_mm,0,0,0,12,0,12,0,0,hold,hold,-10309.0,mm_join_12,0.0,-10309.0,0.0,passive_inside_buy,,,
queue05,round1-day-1,-1,312300,6,6,flat_19,10001,10011,10,10006.0,10002.176470588236,6.0,rich,-0.7647058823529411,-3.823529411763957,sell_pressure,3.0,True,shock,1,passive_one_sided_sell,one_sided_mm,0,0,0,0,9,0,9,0,hold,hold,69654.0,mm_join_12,0.0,69654.0,0.0,passive_inside_sell,,,
queue05,round1-day-1,-1,313200,5,5,flat_19,9996,10006,10,10001.0,10004.666666666666,1.0,neutral,0.7333333333333333,3.6666666666660603,buy_pressure,-4.5,True,shock,1,passive_one_sided_buy,one_sided_mm,0,0,0,9,0,9,0,0,hold,hold,59613.0,mm_join_12,0.0,59613.0,0.0,passive_inside_buy,,,
queue05,round1-day-1,-1,316000,3,3,flat_19,10001,10011,10,10006.0,10003.857142857143,6.0,rich,-0.42857142857142855,-2.142857142856883,sell_pressure,2.0,True,shock,1,passive_one_sided_sell,one_sided_mm,0,0,0,0,9,0,9,0,hold,hold,39559.0,mm_join_12,0.0,39559.0,0.0,passive_inside_sell,,,
queue05,round1-day-1,-1,316800,3,3,flat_19,10001,10012,11,10006.5,10004.055555555555,6.5,rich,-0.4444444444444444,-2.444444444445253,sell_pressure,2.5,True,shock,1,passive_one_sided_sell,one_sided_mm,0,0,0,0,9,0,9,0,hold,hold,39559.0,mm_join_12,0.0,39559.0,0.0,passive_inside_sell,,,
queue05,round1-day-1,-1,316900,3,3,flat_19,9996,10005,9,10000.5,10003.2,0.5,neutral,0.6,2.7000000000007276,buy_pressure,-6.0,True,shock,2,passive_two_sided,mm_inside,0,0,0,9,9,9,0,0,hold,hold,39559.0,mm_join_12,0.0,39559.0,0.0,,,,
queue05,round1-day-1,-1,317600,3,-6,flat_19,10005,10014,9,10009.5,10007.382352941177,9.5,rich,-0.47058823529411764,-2.1176470588234224,sell_pressure,16.5,True,shock,2,clear_sell,take1,0,9,9,0,9,0,9,1,sell_take1_16,take1,39559.0,hold,9.0,39559.0,0.0,take_b1,,,
queue05,round1-day-1,-1,318600,-6,-14,flat_19,10006,10015,9,10010.5,10008.322580645161,10.5,rich,-0.4838709677419355,-2.177419354839003,sell_pressure,6.5,True,shock,2,take_sell,take1,0,8,8,0,9,0,9,1,sell_take1_16,take1,-50486.0,hold,16.0,-50486.0,0.0,take_b1,,,
queue05,round1-day-1,-1,321200,-19,-19,flat_19,10003,10014,11,10008.5,10005.588235294117,8.5,rich,-0.5294117647058824,-2.911764705882888,sell_pressure,4.0,True,shock,1,passive_one_sided_sell,one_sided_mm,0,0,0,0,9,0,9,0,hold,hold,-180594.0,mm_join_12,0.0,-180594.0,0.0,passive_inside_sell,,,
queue05,round1-day-1,-1,321300,-19,-19,flat_19,10004,10014,10,10009.0,10006.777777777777,9.0,rich,-0.4444444444444444,-2.2222222222226264,sell_pressure,0.5,True,shock,1,passive_one_sided_sell,one_sided_mm,0,0,0,0,9,0,9,0,hold,hold,-180594.0,mm_join_12,0.0,-180594.0,0.0,passive_inside_sell,,,
queue05,round1-day-1,-1,321600,-19,-19,flat_19,9998,10008,10,10003.0,10005.5,3.0,rich,0.5,2.5,buy_pressure,-3.0,False,steady,1,passive_one_sided_buy,one_sided_mm,0,0,0,12,0,12,0,0,hold,hold,-180594.0,mm_join_12,0.0,-180594.0,0.0,passive_inside_buy,,,
queue05,round1-day-1,-1,322400,-19,-19,flat_19,10004,10015,11,10009.5,10006.0625,9.5,rich,-0.625,-3.4375,sell_pressure,2.5,True,shock,1,passive_one_sided_sell,one_sided_mm,0,0,0,0,9,0,9,0,hold,hold,-180594.0,mm_join_12,0.0,-180594.0,0.0,passive_inside_sell,,,
queue05,round1-day-1,-1,325600,-16,-16,flat_19,10004,10017,13,10010.5,10005.911764705883,10.5,rich,-0.7058823529411765,-4.588235294117112,sell_pressure,4.0,True,shock,1,passive_one_sided_sell,one_sided_mm,0,0,0,0,9,0,9,0,hold,hold,-150631.0,mm_join_12,0.0,-150631.0,0.0,passive_inside_sell,,,
queue05,round1-day-1,-1,326500,-18,-18,flat_19,9996,10008,12,10002.0,10007.172413793103,2.0,rich,0.8620689655172413,5.17241379310326,buy_pressure,-5.0,True,shock,1,passive_one_sided_buy,one_sided_mm,0,0,0,9,0,9,0,0,hold,hold,-170665.0,mm_join_12,0.0,-170665.0,0.0,passive_inside_buy,,,
queue05,round1-day-1,-1,327600,-18,-28,flat_19,10008,10017,9,10012.5,10010.5,12.5,rich,-0.4444444444444444,-2.0,sell_pressure,7.5,True,shock,2,take_sell,take1,0,10,10,0,9,0,9,1,sell_take1_16,take1,-170665.0,hold,45.0,-170665.0,0.0,take_b1,,,
queue05,round1-day-1,-1,328200,-28,-28,short_20_39,9997,10009,12,10003.0,10007.95652173913,3.0,rich,0.8260869565217391,4.956521739130039,buy_pressure,-3.5,True,shock,1,passive_one_sided_buy,one_sided_mm,0,0,0,9,0,9,0,0,hold,hold,-270745.0,mm_join_12,0.0,-270745.0,0.0,passive_inside_buy,,,
queue05,round1-day-1,-1,329300,-28,-28,short_20_39,10001,10010,9,10005.5,10008.941176470587,5.5,rich,0.7647058823529411,3.4411764705873793,buy_pressure,-4.5,True,shock,2,passive_two_sided,mm_inside,0,0,0,9,9,9,0,0,hold,hold,-270745.0,mm_join_12,0.0,-270745.0,0.0,,,,
queue05,round1-day-1,-1,329800,-31,-31,short_20_39,10005,10016,11,10010.5,10006.941176470587,10.5,rich,-0.6470588235294118,-3.5588235294126207,sell_pressure,-5.5,True,shock,1,passive_one_sided_sell,one_sided_mm,0,0,0,0,9,0,9,0,sell_take1_16,take1,-300779.0,hold,3.0,-300782.0,3.0,passive_inside_sell,,,
queue05,round1-day-1,-1,330300,-27,-27,short_20_39,10001,10010,9,10005.5,10008.411764705883,5.5,rich,0.6470588235294118,2.911764705882888,buy_pressure,-1.5,False,steady,2,passive_two_sided,mm_inside,0,0,0,12,12,12,0,0,hold,hold,-260778.0,mm_join_12,0.0,-260778.0,0.0,,,,
queue05,round1-day-1,-1,333600,-30,-30,short_20_39,10005,10016,11,10010.5,10006.466666666667,10.5,rich,-0.7333333333333333,-4.033333333332848,sell_pressure,3.5,True,shock,1,passive_one_sided_sell,one_sided_mm,0,0,0,0,9,0,9,0,sell_take1_16,take1,-290821.0,hold,3.0,-290824.0,3.0,passive_inside_sell,,,
queue05,round1-day-1,-1,338400,-68,-68,short_60_plus,9998,10008,10,10003.0,10005.058823529413,3.0,rich,0.4117647058823529,2.0588235294126207,buy_pressure,-3.0,False,steady,2,passive_two_sided,mm_inside,0,0,0,14,9,14,0,0,hold,hold,-671232.0,mm_join_12,0.0,-671232.0,0.0,,,,
queue05,round1-day-1,-1,338600,-68,-68,short_60_plus,9998,10008,10,10003.0,10005.058823529413,3.0,rich,0.4117647058823529,2.0588235294126207,buy_pressure,-4.0,True,shock,2,passive_two_sided,mm_inside,0,0,0,11,6,11,0,0,hold,hold,-671232.0,mm_join_12,0.0,-671232.0,0.0,,,,
queue05,round1-day-1,-1,340200,-68,-68,short_60_plus,10004,10015,11,10009.5,10005.833333333334,9.5,rich,-0.6666666666666666,-3.6666666666660603,sell_pressure,2.5,True,shock,2,passive_two_sided,mm_inside,0,0,0,11,6,0,6,0,sell_take1_16,take1,-671232.0,hold,1.0,-671233.0,1.0,,,,
queue05,round1-day-1,-1,342600,-68,-68,short_60_plus,10004,10014,10,10009.0,10006.857142857143,9.0,rich,-0.42857142857142855,-2.142857142856883,sell_pressure,2.5,True,shock,2,passive_two_sided,mm_inside,0,0,0,11,6,0,6,0,sell_take1_16,take1,-671233.0,hold,4.0,-671237.0,4.0,,,,
queue05,round1-day-1,-1,343500,-68,-68,short_60_plus,10000,10009,9,10004.5,10007.5,4.5,rich,0.6666666666666666,3.0,buy_pressure,-11.5,True,shock,2,passive_two_sided,mm_inside,0,0,0,11,6,11,0,0,hold,hold,-671237.0,mm_join_12,0.0,-671237.0,0.0,,,,
queue05,round1-day-1,-1,345200,-68,-68,short_60_plus,10004,10015,11,10009.5,10005.375,9.5,rich,-0.75,-4.125,sell_pressure,4.0,True,shock,2,passive_two_sided,mm_inside,0,0,0,11,6,0,6,0,sell_take1_16,take1,-671237.0,hold,2.0,-671239.0,2.0,,,,
queue05,round1-day-1,-1,350300,-69,-69,short_60_plus,9994,10004,10,9999.0,10001.777777777777,-1.0,neutral,0.5555555555555556,2.7777777777773736,buy_pressure,-4.0,True,shock,2,passive_two_sided,mm_inside,0,0,0,11,6,11,0,0,hold,hold,-681308.0,mm_join_12,0.0,-681308.0,0.0,,,,
queue05,round1-day-1,-1,351700,-69,-74,short_60_plus,10003,10012,9,10007.5,10004.5,7.5,rich,-0.6666666666666666,-3.0,sell_pressure,5.5,True,shock,3,take_sell,take1,0,5,5,11,6,0,6,1,hold,hold,-681308.0,mm_join_12,0.0,-681308.0,0.0,take_b1,,,
queue05,round1-day-1,-1,352800,-77,-77,short_60_plus,9999,10012,13,10005.5,10000.56,5.5,rich,-0.76,-4.940000000000509,sell_pressure,5.0,True,shock,2,passive_two_sided,mm_inside,0,0,0,11,3,11,3,0,hold,hold,-761353.0,mm_join_12,0.0,-761353.0,0.0,,,,
queue05,round1-day-1,-1,354900,-76,-73,short_60_plus,9991,10000,9,9995.5,9998.5,-4.5,cheap,0.6666666666666666,3.0,buy_pressure,-3.5,True,shock,2,clear_buy,take1,3,0,3,12,0,12,0,1,buy_take1_16,take1,-751394.0,hold,9.0,-751394.0,0.0,take_a1,,,
queue05,round1-day-1,-1,356300,-77,-77,short_60_plus,9998,10011,13,10004.5,9999.625,4.5,rich,-0.75,-4.875,sell_pressure,12.5,True,shock,1,passive_one_sided_sell,one_sided_mm,0,0,0,0,3,0,3,0,mm_inside_12,mm_inside,-761418.0,mm_inside_20,0.0,-761418.0,0.0,passive_inside_sell,,,
queue05,round1-day-1,-1,356500,-75,-72,short_60_plus,9992,10001,9,9996.5,9999.3125,-3.5,cheap,0.625,2.8125,buy_pressure,-3.5,True,shock,2,clear_buy,take1,3,0,3,12,0,12,0,1,buy_take1_16,take1,-741440.0,hold,6.0,-741440.0,0.0,take_a1,,,
queue05,round1-day-1,-1,357300,-72,-69,short_60_plus,9991,10000,9,9995.5,9998.411764705883,-4.5,cheap,0.6470588235294118,2.911764705882888,buy_pressure,-2.5,False,steady,2,clear_buy,take1,3,0,3,15,0,15,0,1,buy_take1_16,take1,-711437.0,hold,9.0,-711437.0,0.0,take_a1,,,
queue05,round1-day-1,-1,357700,-69,-69,short_60_plus,9996,10009,13,10002.5,9997.5,2.5,rich,-0.7692307692307693,-5.0,sell_pressure,2.5,False,steady,2,passive_two_sided,mm_inside,0,0,0,14,9,14,9,0,hold,hold,-681437.0,mm_join_12,0.0,-681437.0,0.0,,,,
queue05,round1-day-1,-1,358000,-69,-67,short_60_plus,9997,10010,13,10003.5,9998.925925925925,3.5,rich,-0.7037037037037037,-4.574074074074815,sell_pressure,5.5,True,shock,2,passive_two_sided,mm_inside,0,0,0,11,6,11,6,0,mm_inside_12,mm_inside,-681437.0,mm_inside_20,0.0,-681437.0,0.0,,,,
queue05,round1-day-1,-1,358900,-72,-72,short_60_plus,9997,10007,10,10002.0,9999.5,2.0,rich,-0.5,-2.5,sell_pressure,2.5,False,steady,2,passive_two_sided,mm_inside,0,0,0,14,8,14,8,0,hold,hold,-711471.0,mm_join_12,0.0,-711471.0,0.0,,,,
queue05,round1-day-1,-1,361100,-62,-62,short_60_plus,9998,10009,11,10003.5,10000.444444444445,3.5,rich,-0.5555555555555556,-3.055555555554747,sell_pressure,4.5,True,shock,1,passive_one_sided_sell,one_sided_mm,0,0,0,0,6,0,6,0,hold,hold,-611529.0,mm_join_12,0.0,-611529.0,0.0,passive_inside_sell,,,
queue05,round1-day-1,-1,361800,-62,-71,short_60_plus,10003,10012,9,10007.5,10005.53125,7.5,rich,-0.4375,-1.96875,sell_pressure,6.5,True,shock,3,take_sell,take1,0,9,9,11,6,0,6,1,hold,hold,-611529.0,mm_join_12,0.0,-611529.0,0.0,take_b1,,,
queue05,round1-day-1,-1,362000,-71,-71,short_60_plus,9999,10010,11,10004.5,10000.57142857143,4.5,rich,-0.7142857142857143,-3.928571428570649,sell_pressure,3.5,True,shock,1,passive_one_sided_sell,one_sided_mm,0,0,0,0,6,0,6,0,hold,hold,-701556.0,mm_join_12,0.0,-701556.0,0.0,passive_inside_sell,,,
queue05,round1-day-1,-1,367600,-78,-78,short_60_plus,9991,10003,12,9997.0,10001.153846153846,-3.0,cheap,0.6923076923076923,4.153846153845734,buy_pressure,-4.0,True,shock,1,passive_one_sided_buy,one_sided_mm,0,0,0,12,0,12,0,0,hold,hold,-771583.0,mm_join_12,0.0,-771583.0,0.0,passive_inside_buy,,,
queue05,round1-day-1,-1,371600,-69,-69,short_60_plus,9997,10008,11,10002.5,9999.444444444445,2.5,rich,-0.5555555555555556,-3.055555555554747,sell_pressure,3.5,True,shock,1,passive_one_sided_sell,one_sided_mm,0,0,0,0,6,0,6,0,hold,hold,-681595.0,mm_join_12,0.0,-681595.0,0.0,passive_inside_sell,,,
queue05,round1-day-1,-1,372100,-69,-69,short_60_plus,9998,10008,10,10003.0,9999.875,3.0,rich,-0.625,-3.125,sell_pressure,-5.0,True,shock,1,passive_one_sided_sell,one_sided_mm,0,0,0,0,9,0,9,0,hold,hold,-681595.0,mm_join_12,0.0,-681595.0,0.0,passive_inside_sell,,,
queue05,round1-day-1,-1,375200,-68,-68,short_60_plus,9993,10003,10,9998.0,10001.823529411764,-2.0,cheap,0.7647058823529411,3.823529411763957,buy_pressure,-4.0,True,shock,1,passive_one_sided_sell,one_sided_mm,0,0,0,0,6,0,0,0,buy_take1_16,take1,-671657.0,hold,8.0,-671665.0,8.0,passive_inside_sell,,,
queue05,round1-day-1,-1,381000,-78,-78,short_60_plus,10001,10012,11,10006.5,10002.833333333334,6.5,rich,-0.6666666666666666,-3.6666666666660603,sell_pressure,2.5,True,shock,1,passive_one_sided_sell,one_sided_mm,0,0,0,0,2,0,2,0,hold,hold,-771784.0,mm_join_12,0.0,-771784.0,0.0,passive_inside_sell,,,
queue05,round1-day-1,-1,383800,-80,-80,short_60_plus,9998,10009,11,10003.5,10000.315789473685,3.5,rich,-0.5789473684210527,-3.184210526314928,sell_pressure,3.5,True,shock,0,hold,hold,0,0,0,0,0,0,0,0,hold,hold,-791804.0,mm_join_12,0.0,-791804.0,0.0,,,,
queue05,round1-day-1,-1,384600,-80,-80,short_60_plus,10004,10013,9,10008.5,10006.076923076924,8.5,rich,-0.5384615384615384,-2.4230769230762235,sell_pressure,6.5,True,shock,1,passive_one_sided_buy,one_sided_mm,0,0,0,11,0,0,0,0,hold,hold,-791804.0,mm_join_12,0.0,-791804.0,0.0,passive_inside_buy,,,
queue05,round1-day-1,-1,385500,-80,-80,short_60_plus,10000,10013,13,10006.5,10002.166666666666,6.5,rich,-0.6666666666666666,-4.33333333333394,sell_pressure,4.5,True,shock,0,hold,hold,0,0,0,0,0,0,0,0,hold,hold,-791804.0,mm_join_12,0.0,-791804.0,0.0,,,,
queue05,round1-day-1,-1,388700,-69,-69,short_60_plus,9995,10004,9,9999.5,10001.75,-0.5,neutral,0.5,2.25,buy_pressure,-4.0,True,shock,2,passive_two_sided,mm_inside,0,0,0,11,6,11,0,0,hold,hold,-681838.0,mm_join_12,0.0,-681838.0,0.0,,,,
queue05,round1-day-1,-1,396100,-58,-58,short_40_59,10004,10014,10,10009.0,10006.0,9.0,rich,-0.6,-3.0,sell_pressure,1.0,True,shock,2,passive_two_sided,mm_inside,0,0,0,11,6,0,6,0,sell_take1_16,take1,-571848.0,hold,3.0,-571851.0,3.0,,,,
queue05,round1-day-1,-1,397200,-58,-58,short_40_59,9996,10008,12,10002.0,10006.125,2.0,rich,0.6875,4.125,buy_pressure,-4.0,True,shock,2,passive_two_sided,mm_inside,0,0,0,11,6,11,0,0,hold,hold,-571851.0,mm_join_12,0.0,-571851.0,0.0,,,,
queue05,round1-day-1,-1,401600,-52,-52,short_40_59,10004,10014,10,10009.0,10006.777777777777,9.0,rich,-0.4444444444444444,-2.2222222222226264,sell_pressure,2.0,True,shock,2,passive_two_sided,mm_inside,0,0,0,11,6,0,6,0,sell_take1_16,take1,-511862.0,hold,10.0,-511872.0,10.0,,,,
queue05,round1-day-1,-1,402400,-52,-52,short_40_59,9998,10007,9,10002.5,10004.75,2.5,rich,0.5,2.25,buy_pressure,-4.5,True,shock,2,passive_two_sided,mm_inside,0,0,0,11,6,11,0,0,hold,hold,-511872.0,mm_join_12,0.0,-511872.0,0.0,,,,
queue05,round1-day-1,-1,402600,-52,-52,short_40_59,9998,10007,9,10002.5,10004.6,2.5,rich,0.4666666666666667,2.100000000000364,buy_pressure,-3.5,True,shock,2,passive_two_sided,mm_inside,0,0,0,11,6,11,0,0,hold,hold,-511872.0,mm_join_12,0.0,-511872.0,0.0,,,,
queue05,round1-day-1,-1,402900,-52,-52,short_40_59,9997,10007,10,10002.0,10004.5,2.0,rich,0.5,2.5,buy_pressure,-2.0,False,steady,2,passive_two_sided,mm_inside,0,0,0,14,9,14,0,0,hold,hold,-511872.0,mm_join_12,0.0,-511872.0,0.0,,,,
queue05,round1-day-1,-1,403600,-52,-52,short_40_59,10003,10013,10,10008.0,10004.875,8.0,rich,-0.625,-3.125,sell_pressure,1.5,True,shock,2,passive_two_sided,mm_inside,0,0,0,11,6,0,6,0,sell_take1_16,take1,-511872.0,hold,3.0,-511875.0,3.0,,,,
queue05,round1-day-1,-1,406900,-44,-44,short_40_59,9999,10010,11,10004.5,10000.833333333334,4.5,rich,-0.6666666666666666,-3.6666666666660603,sell_pressure,2.5,False,steady,1,passive_one_sided_sell,one_sided_mm,0,0,0,0,9,0,9,0,hold,hold,-431921.0,mm_join_12,0.0,-431921.0,0.0,passive_inside_sell,,,
queue05,round1-day-1,-1,409600,-41,-41,short_40_59,9998,10009,11,10003.5,9999.833333333334,3.5,rich,-0.6666666666666666,-3.6666666666660603,sell_pressure,1.5,False,steady,1,passive_one_sided_sell,one_sided_mm,0,0,0,0,12,0,12,0,hold,hold,-401993.0,mm_join_12,0.0,-401993.0,0.0,passive_inside_sell,,,
queue05,round1-day-1,-1,410800,-41,-41,short_40_59,9997,10008,11,10002.5,10000.235294117647,2.5,rich,-0.4117647058823529,-2.264705882353155,sell_pressure,2.5,False,steady,1,passive_one_sided_sell,one_sided_mm,0,0,0,0,12,0,12,0,hold,hold,-401993.0,mm_join_12,0.0,-401993.0,0.0,passive_inside_sell,,,
queue05,round1-day-1,-1,414800,-40,-40,short_40_59,9994,10003,9,9998.5,10000.1875,-1.5,neutral,0.375,1.6875,buy_pressure,-3.5,True,shock,2,passive_two_sided,mm_inside,0,0,0,9,9,9,0,0,hold,hold,-392059.0,mm_join_12,0.0,-392059.0,0.0,,,,
queue05,round1-day-1,-1,415800,-42,-42,short_40_59,10000,10010,10,10005.0,10001.25,5.0,rich,-0.75,-3.75,sell_pressure,5.0,True,shock,1,passive_one_sided_sell,one_sided_mm,0,0,0,0,9,0,9,0,hold,hold,-412081.0,mm_join_12,0.0,-412081.0,0.0,passive_inside_sell,,,
queue05,round1-day-1,-1,418100,-42,-42,short_40_59,9999,10009,10,10004.0,10001.631578947368,4.0,rich,-0.47368421052631576,-2.3684210526316747,sell_pressure,3.0,False,steady,1,passive_one_sided_sell,one_sided_mm,0,0,0,0,12,0,12,0,hold,hold,-412081.0,mm_join_12,0.0,-412081.0,0.0,passive_inside_sell,,,
queue05,round1-day-1,-1,420100,-44,-44,short_40_59,9991,10001,10,9996.0,9998.058823529413,-4.0,cheap,0.4117647058823529,2.0588235294126207,buy_pressure,-4.0,True,shock,1,passive_one_sided_buy,one_sided_mm,0,0,0,12,0,12,0,0,buy_take1_16,take1,-432097.0,hold,5.0,-432102.0,5.0,passive_inside_buy,,,
queue05,round1-day-1,-1,420300,-44,-44,short_40_59,9988,10000,12,9994.0,9999.0,-6.0,cheap,0.8333333333333334,5.0,buy_pressure,-13.0,True,shock,1,passive_one_sided_buy,one_sided_mm,0,0,0,12,0,12,0,0,buy_take1_16,take1,-432102.0,hold,4.0,-432106.0,4.0,passive_inside_buy,,,
queue05,round1-day-1,-1,422900,-40,-40,short_40_59,9998,10009,11,10003.5,10000.357142857143,3.5,rich,-0.5714285714285714,-3.142857142856883,sell_pressure,2.5,False,steady,1,passive_one_sided_sell,one_sided_mm,0,0,0,0,12,0,12,0,hold,hold,-392118.0,mm_join_12,0.0,-392118.0,0.0,passive_inside_sell,,,
queue05,round1-day-1,-1,424400,-33,-30,short_20_39,9994,10004,10,9999.0,10002.666666666666,-1.0,neutral,0.7333333333333333,3.6666666666660603,buy_pressure,-3.0,False,steady,1,passive_one_sided_buy,one_sided_mm,0,0,0,12,0,12,0,0,mm_inside_12,mm_inside,-322152.0,mm_inside_20,0.0,-322152.0,0.0,passive_inside_buy,,,
queue05,round1-day-1,-1,424700,-30,-30,short_20_39,9994,10003,9,9998.5,10000.35294117647,-1.5,neutral,0.4117647058823529,1.8529411764702672,buy_pressure,-5.0,True,shock,2,passive_two_sided,mm_inside,0,0,0,9,9,9,0,0,hold,hold,-292167.0,mm_join_12,0.0,-292167.0,0.0,,,,
queue05,round1-day-1,-1,426300,-32,-30,short_20_39,9991,10003,12,9997.0,10002.076923076924,-3.0,cheap,0.8461538461538461,5.0769230769237765,buy_pressure,-5.0,True,shock,1,passive_one_sided_buy,one_sided_mm,0,0,0,10,0,10,0,0,mm_inside_12,mm_inside,-312183.0,mm_inside_20,0.0,-312183.0,0.0,passive_inside_buy,,,
queue05,round1-day-1,-1,431400,-28,-28,short_20_39,9998,10007,9,10002.5,10005.411764705883,2.5,rich,0.6470588235294118,2.911764705882888,buy_pressure,-3.5,True,shock,2,passive_two_sided,mm_inside,0,0,0,9,9,9,0,0,hold,hold,-272251.0,mm_join_12,0.0,-272251.0,0.0,,,,
queue05,round1-day-1,-1,433600,-26,-26,short_20_39,9997,10006,9,10001.5,10003.35294117647,1.5,neutral,0.4117647058823529,1.8529411764702672,buy_pressure,-2.5,False,steady,2,passive_two_sided,mm_inside,0,0,0,12,12,12,0,0,hold,hold,-252257.0,mm_join_12,0.0,-252257.0,0.0,,,,
queue05,round1-day-1,-1,434200,-26,-26,short_20_39,9996,10006,10,10001.0,10003.058823529413,1.0,neutral,0.4117647058823529,2.0588235294126207,buy_pressure,-3.0,False,steady,1,passive_one_sided_buy,one_sided_mm,0,0,0,12,0,12,0,0,hold,hold,-252257.0,mm_join_12,0.0,-252257.0,0.0,passive_inside_buy,,,
queue05,round1-day-1,-1,434300,-26,-26,short_20_39,9996,10006,10,10001.0,10004.125,1.0,neutral,0.625,3.125,buy_pressure,0.0,False,steady,1,passive_one_sided_buy,one_sided_mm,0,0,0,12,0,12,0,0,hold,hold,-252257.0,mm_join_12,0.0,-252257.0,0.0,passive_inside_buy,,,
queue05,round1-day-1,-1,438300,-25,-25,short_20_39,10003,10014,11,10008.5,10005.444444444445,8.5,rich,-0.5555555555555556,-3.055555555554747,sell_pressure,2.5,True,shock,1,passive_one_sided_sell,one_sided_mm,0,0,0,0,9,0,9,0,sell_take1_16,take1,-242285.0,hold,4.0,-242289.0,4.0,passive_inside_sell,,,
queue05,round1-day-1,-1,438400,-25,-25,short_20_39,10003,10014,11,10008.5,10004.466666666667,8.5,rich,-0.7333333333333333,-4.033333333332848,sell_pressure,0.0,True,shock,1,passive_one_sided_sell,one_sided_mm,0,0,0,0,9,0,9,0,sell_take1_16,take1,-242289.0,hold,2.0,-242291.0,2.0,passive_inside_sell,,,
queue05,round1-day-1,-1,441900,-28,-28,short_20_39,10004,10014,10,10009.0,10005.875,9.0,rich,-0.625,-3.125,sell_pressure,1.5,True,shock,1,passive_one_sided_sell,one_sided_mm,0,0,0,0,9,0,9,0,sell_take1_16,take1,-272358.0,hold,6.0,-272364.0,6.0,passive_inside_sell,,,
queue05,round1-day-1,-1,443900,-28,-28,short_20_39,9997,10007,10,10002.0,10005.461538461539,2.0,rich,0.6923076923076923,3.4615384615390212,buy_pressure,-2.0,False,steady,1,passive_one_sided_buy,one_sided_mm,0,0,0,12,0,12,0,0,hold,hold,-272364.0,mm_join_12,0.0,-272364.0,0.0,passive_inside_buy,,,
queue05,round1-day-1,-1,444600,-26,-26,short_20_39,9998,10007,9,10002.5,10004.5,2.5,rich,0.4444444444444444,2.0,buy_pressure,-3.5,True,shock,2,passive_two_sided,mm_inside,0,0,0,9,9,9,0,0,hold,hold,-252368.0,mm_join_12,0.0,-252368.0,0.0,,,,
queue05,round1-day-1,-1,444700,-26,-26,short_20_39,9998,10007,9,10002.5,10004.35294117647,2.5,rich,0.4117647058823529,1.8529411764702672,buy_pressure,0.0,False,steady,2,passive_two_sided,mm_inside,0,0,0,12,12,12,0,0,hold,hold,-252368.0,mm_join_12,0.0,-252368.0,0.0,,,,
queue05,round1-day-1,-1,447600,-26,-26,short_20_39,9997,10007,10,10002.0,10004.777777777777,2.0,rich,0.5555555555555556,2.7777777777773736,buy_pressure,-2.5,False,steady,1,passive_one_sided_buy,one_sided_mm,0,0,0,12,0,12,0,0,hold,hold,-252368.0,mm_join_12,0.0,-252368.0,0.0,passive_inside_buy,,,
queue05,round1-day-1,-1,448500,-26,-26,short_20_39,9994,10006,12,10000.0,10003.931034482759,0.0,neutral,0.6551724137931034,3.9310344827590598,buy_pressure,3.0,False,steady,1,passive_one_sided_buy,one_sided_mm,0,0,0,12,0,12,0,0,hold,hold,-252368.0,mm_join_12,0.0,-252368.0,0.0,passive_inside_buy,,,
queue05,round1-day-1,-1,451100,-26,-26,short_20_39,10001,10012,11,10006.5,10002.833333333334,6.5,rich,-0.6666666666666666,-3.6666666666660603,sell_pressure,2.5,True,shock,1,passive_one_sided_sell,one_sided_mm,0,0,0,0,9,0,9,0,hold,hold,-252368.0,mm_join_12,0.0,-252368.0,0.0,passive_inside_sell,,,
queue05,round1-day-1,-1,453300,-19,-19,flat_19,10002,10012,10,10007.0,10004.307692307691,7.0,rich,-0.5384615384615384,-2.692307692308532,sell_pressure,4.0,True,shock,1,passive_one_sided_sell,one_sided_mm,0,0,0,0,9,0,9,0,hold,hold,-182354.0,mm_join_12,0.0,-182354.0,0.0,passive_inside_sell,,,
queue05,round1-day-1,-1,455900,-14,-14,flat_19,9991,10003,12,9997.0,10001.222222222223,-3.0,cheap,0.7037037037037037,4.222222222222626,buy_pressure,-5.0,True,shock,1,passive_one_sided_buy,one_sided_mm,0,0,0,10,0,10,0,0,hold,hold,-132377.0,mm_join_12,0.0,-132377.0,0.0,passive_inside_buy,,,
queue05,round1-day-1,-1,457900,-14,-23,flat_19,10003,10012,9,10007.5,10005.53125,7.5,rich,-0.4375,-1.96875,sell_pressure,4.0,True,shock,2,take_sell,take1,0,9,9,0,9,0,9,1,sell_take1_16,take1,-132377.0,hold,9.0,-132377.0,0.0,take_b1,,,
queue05,round1-day-1,-1,458400,-23,-23,short_20_39,9999,10010,11,10004.5,10001.2,4.5,rich,-0.6,-3.2999999999992724,sell_pressure,2.0,False,steady,1,passive_one_sided_sell,one_sided_mm,0,0,0,0,12,0,12,0,hold,hold,-222404.0,mm_join_12,0.0,-222404.0,0.0,passive_inside_sell,,,
queue05,round1-day-1,-1,459800,-23,-23,short_20_39,10000,10013,13,10006.5,10001.392857142857,6.5,rich,-0.7857142857142857,-5.107142857143117,sell_pressure,3.5,True,shock,1,passive_one_sided_sell,one_sided_mm,0,0,0,0,9,0,9,0,hold,hold,-222404.0,mm_join_12,0.0,-222404.0,0.0,passive_inside_sell,,,
queue05,round1-day-1,-1,460700,-23,-23,short_20_39,10001,10012,11,10006.5,10004.142857142857,6.5,rich,-0.42857142857142855,-2.357142857143117,sell_pressure,2.5,True,shock,1,passive_one_sided_sell,one_sided_mm,0,0,0,0,9,0,9,0,hold,hold,-222404.0,mm_join_12,0.0,-222404.0,0.0,passive_inside_sell,,,
queue05,round1-day-1,-1,462600,-23,-23,short_20_39,10002,10012,10,10007.0,10003.538461538461,7.0,rich,-0.6923076923076923,-3.4615384615390212,sell_pressure,3.0,True,shock,1,passive_one_sided_sell,one_sided_mm,0,0,0,0,9,0,9,0,hold,hold,-222404.0,mm_join_12,0.0,-222404.0,0.0,passive_inside_sell,,,
queue05,round1-day-1,-1,464700,-27,-27,short_20_39,10001,10011,10,10006.0,10003.0,6.0,rich,-0.6,-3.0,sell_pressure,3.0,True,shock,1,passive_one_sided_sell,one_sided_mm,0,0,0,0,9,0,9,0,hold,hold,-262424.0,mm_join_12,0.0,-262424.0,0.0,passive_inside_sell,,,
queue05,round1-day-1,-1,469200,-33,-33,short_20_39,9999,10010,11,10004.5,10001.315789473685,4.5,rich,-0.5789473684210527,-3.184210526314928,sell_pressure,2.5,False,steady,1,passive_one_sided_sell,one_sided_mm,0,0,0,0,12,0,12,0,hold,hold,-322451.0,mm_join_12,0.0,-322451.0,0.0,passive_inside_sell,,,
queue05,round1-day-1,-1,469900,-33,-33,short_20_39,9999,10010,11,10004.5,10000.692307692309,4.5,rich,-0.6923076923076923,-3.807692307691468,sell_pressure,3.5,True,shock,1,passive_one_sided_sell,one_sided_mm,0,0,0,0,9,0,9,0,hold,hold,-322451.0,mm_join_12,0.0,-322451.0,0.0,passive_inside_sell,,,
queue05,round1-day-1,-1,471300,-33,-33,short_20_39,9999,10010,11,10004.5,10001.588235294117,4.5,rich,-0.5294117647058824,-2.911764705882888,sell_pressure,2.5,False,steady,1,passive_one_sided_sell,one_sided_mm,0,0,0,0,12,0,12,0,hold,hold,-322451.0,mm_join_12,0.0,-322451.0,0.0,passive_inside_sell,,,
queue05,round1-day-1,-1,472800,-33,-33,short_20_39,9998,10009,11,10003.5,10000.75,3.5,rich,-0.5,-2.75,sell_pressure,3.5,True,shock,1,passive_one_sided_sell,one_sided_mm,0,0,0,0,9,0,9,0,hold,hold,-322451.0,mm_join_12,0.0,-322451.0,0.0,passive_inside_sell,,,
queue05,round1-day-1,-1,473200,-33,-33,short_20_39,9993,10002,9,9997.5,9999.0,-2.5,cheap,0.3333333333333333,1.5,mixed_pressure,-11.5,True,shock,1,passive_one_sided_sell,one_sided_mm,0,0,0,0,12,0,0,0,hold,hold,-322451.0,mm_join_12,0.0,-322451.0,0.0,passive_inside_sell,,,
queue05,round1-day-1,-1,477500,-37,-37,short_20_39,9993,10003,10,9998.0,10001.125,-2.0,cheap,0.625,3.125,buy_pressure,-2.0,False,steady,1,passive_one_sided_sell,one_sided_mm,0,0,0,0,12,0,0,0,hold,hold,-362487.0,mm_join_12,0.0,-362487.0,0.0,passive_inside_sell,,,
queue05,round1-day-1,-1,480300,-32,-32,short_20_39,9989,10001,12,9995.0,9999.615384615385,-5.0,cheap,0.7692307692307693,4.615384615384755,buy_pressure,-5.0,True,shock,1,passive_one_sided_buy,one_sided_mm,0,0,0,10,0,10,0,0,buy_take1_16,take1,-312517.0,hold,3.0,-312520.0,3.0,passive_inside_buy,,,
queue05,round1-day-1,-1,480400,-32,-32,short_20_39,9997,10007,10,10002.0,9998.25,2.0,rich,-0.75,-3.75,sell_pressure,7.0,True,shock,0,hold,hold,0,0,0,0,0,0,0,0,hold,hold,-312520.0,mm_join_12,0.0,-312520.0,0.0,,,,
queue05,round1-day-1,-1,480700,-32,-32,short_20_39,9998,10011,13,10004.5,10000.407407407407,4.5,rich,-0.6296296296296297,-4.092592592593064,sell_pressure,4.5,True,shock,1,passive_one_sided_sell,one_sided_mm,0,0,0,0,9,0,9,0,hold,hold,-312520.0,mm_join_12,0.0,-312520.0,0.0,passive_inside_sell,,,
queue05,round1-day-1,-1,481200,-32,-32,short_20_39,9999,10009,10,10004.0,10001.666666666666,4.0,rich,-0.4666666666666667,-2.3333333333339397,sell_pressure,3.0,False,steady,1,passive_one_sided_sell,one_sided_mm,0,0,0,0,12,0,12,0,hold,hold,-312520.0,mm_join_12,0.0,-312520.0,0.0,passive_inside_sell,,,
queue05,round1-day-1,-1,481400,-32,-32,short_20_39,9994,10003,9,9998.5,10000.0,-1.5,neutral,0.3333333333333333,1.5,mixed_pressure,-3.5,True,shock,2,passive_two_sided,mm_inside,0,0,0,9,9,9,0,0,hold,hold,-312520.0,mm_join_12,0.0,-312520.0,0.0,,,,
queue05,round1-day-1,-1,481500,-32,-32,short_20_39,9993,10003,10,9998.0,10000.5,-2.0,cheap,0.5,2.5,buy_pressure,-0.5,False,steady,1,passive_one_sided_sell,one_sided_mm,0,0,0,0,12,0,0,0,hold,hold,-312520.0,mm_join_12,0.0,-312520.0,0.0,passive_inside_sell,,,
queue05,round1-day-1,-1,482100,-32,-32,short_20_39,9994,10003,9,9998.5,10001.615384615385,-1.5,neutral,0.6923076923076923,3.1153846153847553,buy_pressure,-2.5,False,steady,2,passive_two_sided,mm_inside,0,0,0,12,12,12,0,0,hold,hold,-312520.0,mm_join_12,0.0,-312520.0,0.0,,,,
queue05,round1-day-1,-1,483500,-32,-32,short_20_39,9992,10002,10,9997.0,9999.857142857143,-3.0,cheap,0.5714285714285714,2.857142857143117,buy_pressure,-5.0,True,shock,1,passive_one_sided_buy,one_sided_mm,0,0,0,10,0,10,0,0,hold,hold,-312520.0,mm_join_12,0.0,-312520.0,0.0,passive_inside_buy,,,
queue05,round1-day-1,-1,484900,-34,-34,short_20_39,9993,10002,9,9997.5,9999.75,-2.5,cheap,0.5,2.25,buy_pressure,-3.5,True,shock,1,passive_one_sided_buy,one_sided_mm,0,0,0,10,0,10,0,0,buy_take1_16,take1,-332536.0,hold,2.0,-332538.0,2.0,passive_inside_buy,,,
queue05,round1-day-1,-1,485100,-34,-34,short_20_39,9993,10003,10,9998.0,10001.75,-2.0,cheap,0.75,3.75,buy_pressure,-3.0,False,steady,1,passive_one_sided_sell,one_sided_mm,0,0,0,0,12,0,0,0,hold,hold,-332538.0,mm_join_12,0.0,-332538.0,0.0,passive_inside_sell,,,
queue05,round1-day-1,-1,486600,-40,-40,short_40_59,9994,10003,9,9998.5,10000.75,-1.5,neutral,0.5,2.25,buy_pressure,-2.5,False,steady,2,passive_two_sided,mm_inside,0,0,0,12,12,12,0,0,hold,hold,-392556.0,mm_join_12,0.0,-392556.0,0.0,,,,
queue05,round1-day-1,-1,488000,-57,-57,short_40_59,9995,10005,10,10000.0,10001.666666666666,0.0,neutral,0.3333333333333333,1.6666666666660603,mixed_pressure,-3.0,False,steady,2,passive_two_sided,mm_inside,0,0,0,14,9,14,0,0,hold,hold,-562633.0,mm_join_12,0.0,-562633.0,0.0,,,,
queue05,round1-day-1,-1,492100,-54,-54,short_40_59,10000,10010,10,10005.0,10001.176470588236,5.0,rich,-0.7647058823529411,-3.823529411763957,sell_pressure,-5.0,True,shock,1,passive_one_sided_sell,one_sided_mm,0,0,0,0,6,0,6,0,hold,hold,-532670.0,mm_join_12,0.0,-532670.0,0.0,passive_inside_sell,,,
queue05,round1-day-1,-1,492300,-54,-54,short_40_59,10000,10011,11,10005.5,10001.833333333334,5.5,rich,-0.6666666666666666,-3.6666666666660603,sell_pressure,2.5,False,steady,1,passive_one_sided_sell,one_sided_mm,0,0,0,0,9,0,9,0,hold,hold,-532670.0,mm_join_12,0.0,-532670.0,0.0,passive_inside_sell,,,
queue05,round1-day-1,-1,493400,-52,-62,short_40_59,10006,10015,9,10010.5,10008.307692307691,10.5,rich,-0.48717948717948717,-2.192307692308532,sell_pressure,-1.5,True,shock,2,take_sell,take1,0,10,10,0,6,0,6,1,sell_take1_16,take1,-512678.0,hold,32.0,-512678.0,0.0,take_b1,,,
queue05,round1-day-1,-1,494100,-62,-62,short_60_plus,9998,10007,9,10002.5,10004.923076923076,2.5,rich,0.5384615384615384,2.4230769230762235,buy_pressure,-3.5,True,shock,2,passive_two_sided,mm_inside,0,0,0,11,6,11,0,0,hold,hold,-612738.0,mm_join_12,0.0,-612738.0,0.0,,,,
queue05,round1-day-1,-1,495100,-62,-62,short_60_plus,9997,10006,9,10001.5,10004.411764705883,1.5,neutral,0.6470588235294118,2.911764705882888,buy_pressure,3.5,True,shock,2,passive_two_sided,mm_inside,0,0,0,14,9,14,0,0,hold,hold,-612738.0,mm_join_12,0.0,-612738.0,0.0,,,,
queue05,round1-day-1,-1,495500,-62,-62,short_60_plus,10003,10013,10,10008.0,10006.125,8.0,rich,-0.375,-1.875,sell_pressure,4.0,True,shock,2,passive_two_sided,mm_inside,0,0,0,11,6,0,6,0,sell_take1_16,take1,-612738.0,hold,2.0,-612740.0,2.0,,,,
queue05,round1-day-1,-1,497500,-59,-59,short_40_59,10001,10012,11,10006.5,10002.833333333334,6.5,rich,-0.6666666666666666,-3.6666666666660603,sell_pressure,3.0,True,shock,1,passive_one_sided_sell,one_sided_mm,0,0,0,0,6,0,6,0,hold,hold,-582788.0,mm_join_12,0.0,-582788.0,0.0,passive_inside_sell,,,
queue05,round1-day-1,-1,498000,-48,-48,short_40_59,9994,10006,12,10000.0,10004.285714285714,0.0,neutral,0.7142857142857143,4.285714285713766,buy_pressure,-4.0,True,shock,2,passive_two_sided,mm_inside,0,0,0,11,6,11,0,0,hold,hold,-472777.0,mm_join_12,0.0,-472777.0,0.0,,,,
queue05,round1-day-1,-1,500600,-50,-50,short_40_59,10001,10011,10,10006.0,10003.857142857143,6.0,rich,-0.42857142857142855,-2.142857142856883,sell_pressure,3.0,True,shock,2,passive_two_sided,mm_inside,0,0,0,11,6,0,6,0,hold,hold,-492797.0,mm_join_12,0.0,-492797.0,0.0,,,,
queue05,round1-day-1,-1,501100,-50,-50,short_40_59,10000,10013,13,10006.5,10001.625,6.5,rich,-0.75,-4.875,sell_pressure,3.5,True,shock,1,passive_one_sided_sell,one_sided_mm,0,0,0,0,6,0,6,0,hold,hold,-492797.0,mm_join_12,0.0,-492797.0,0.0,passive_inside_sell,,,
queue05,round1-day-1,-1,506400,-41,-41,short_40_59,9998,10011,13,10004.5,9999.911764705883,4.5,rich,-0.7058823529411765,-4.588235294117112,sell_pressure,3.5,True,shock,1,passive_one_sided_sell,one_sided_mm,0,0,0,0,9,0,9,0,hold,hold,-402819.0,mm_join_12,0.0,-402819.0,0.0,passive_inside_sell,,,
queue05,round1-day-1,-1,507300,-44,-44,short_40_59,9993,10003,10,9998.0,10001.57142857143,-2.0,cheap,0.7142857142857143,3.571428571429351,buy_pressure,-4.5,True,shock,1,passive_one_sided_sell,one_sided_mm,0,0,0,0,6,0,0,0,hold,hold,-432843.0,mm_join_12,0.0,-432843.0,0.0,passive_inside_sell,,,
queue05,round1-day-1,-1,507600,-44,-44,short_40_59,9999,10012,13,10005.5,9999.866666666667,5.5,rich,-0.8666666666666667,-5.633333333333212,sell_pressure,3.5,True,shock,1,passive_one_sided_sell,one_sided_mm,0,0,0,0,6,0,6,0,hold,hold,-432843.0,mm_join_12,0.0,-432843.0,0.0,passive_inside_sell,,,
queue05,round1-day-1,-1,507800,-44,-44,short_40_59,9992,10004,12,9998.0,10002.222222222223,-2.0,cheap,0.7037037037037037,4.222222222222626,buy_pressure,-4.0,True,shock,1,passive_one_sided_sell,one_sided_mm,0,0,0,0,6,0,0,0,hold,hold,-432843.0,mm_join_12,0.0,-432843.0,0.0,passive_inside_sell,1,9,1.0
queue05,round1-day-1,-1,508100,-44,-44,short_40_59,10001,10011,10,10006.0,10002.333333333334,6.0,rich,-0.7333333333333333,-3.6666666666660603,sell_pressure,3.0,True,shock,1,passive_one_sided_sell,one_sided_mm,0,0,0,0,6,0,6,0,hold,hold,-432843.0,mm_join_12,0.0,-432843.0,0.0,passive_inside_sell,,,
queue05,round1-day-1,-1,509300,-44,-44,short_40_59,9995,10004,9,9999.5,10002.0,-0.5,neutral,0.5555555555555556,2.5,buy_pressure,-2.0,False,steady,2,passive_two_sided,mm_inside,0,0,0,14,9,14,0,0,hold,hold,-432843.0,mm_join_12,0.0,-432843.0,0.0,,,,
queue05,round1-day-1,-1,512400,-53,-53,short_40_59,9996,10005,9,10000.5,10002.5,0.5,neutral,0.4444444444444444,2.0,buy_pressure,-8.0,True,shock,2,passive_two_sided,mm_inside,0,0,0,11,6,11,0,0,hold,hold,-522920.0,mm_join_12,0.0,-522920.0,0.0,,,,
queue05,round1-day-1,-1,512600,-53,-53,short_40_59,10002,10012,10,10007.0,10004.631578947368,7.0,rich,-0.47368421052631576,-2.3684210526316747,sell_pressure,3.0,True,shock,2,passive_two_sided,mm_inside,0,0,0,11,6,0,6,0,hold,hold,-522920.0,mm_join_12,0.0,-522920.0,0.0,,,,
queue05,round1-day-1,-1,513500,-53,-53,short_40_59,10002,10012,10,10007.0,10003.875,7.0,rich,-0.625,-3.125,sell_pressure,4.0,True,shock,2,passive_two_sided,mm_inside,0,0,0,11,6,0,6,0,hold,hold,-522920.0,mm_join_12,0.0,-522920.0,0.0,,,,
queue05,round1-day-1,-1,513900,-51,-56,short_40_59,10005,10014,9,10009.5,10006.73076923077,9.5,rich,-0.6153846153846154,-2.7692307692304894,sell_pressure,10.5,True,shock,3,take_sell,take1,0,5,5,11,6,0,6,1,sell_take1_16,take1,-502932.0,hold,15.0,-502932.0,0.0,take_b1,,,
queue05,round1-day-1,-1,514800,-56,-56,short_40_59,9996,10006,10,10001.0,10003.368421052632,1.0,neutral,0.47368421052631576,2.3684210526316747,buy_pressure,-3.0,False,steady,2,passive_two_sided,mm_inside,0,0,0,14,9,14,0,0,hold,hold,-552957.0,mm_join_12,0.0,-552957.0,0.0,,,,
queue05,round1-day-1,-1,515100,-56,-56,short_40_59,10002,10013,11,10007.5,10004.0625,7.5,rich,-0.625,-3.4375,sell_pressure,2.5,True,shock,1,passive_one_sided_sell,one_sided_mm,0,0,0,0,6,0,6,0,hold,hold,-552957.0,mm_join_12,0.0,-552957.0,0.0,passive_inside_sell,,,
queue05,round1-day-1,-1,515300,-56,-56,short_40_59,9996,10006,10,10001.0,10003.058823529413,1.0,neutral,0.4117647058823529,2.0588235294126207,buy_pressure,-3.0,False,steady,2,passive_two_sided,mm_inside,0,0,0,14,9,14,0,0,hold,hold,-552957.0,mm_join_12,0.0,-552957.0,0.0,,,,
queue05,round1-day-1,-1,515400,-56,-56,short_40_59,9996,10005,9,10000.5,10002.6,0.5,neutral,0.4666666666666667,2.100000000000364,buy_pressure,-0.5,False,steady,2,passive_two_sided,mm_inside,0,0,0,14,9,14,0,0,hold,hold,-552957.0,mm_join_12,0.0,-552957.0,0.0,,,,
queue05,round1-day-1,-1,516400,-56,-56,short_40_59,10002,10012,10,10007.0,10003.333333333334,7.0,rich,-0.7333333333333333,-3.6666666666660603,sell_pressure,2.0,True,shock,1,passive_one_sided_sell,one_sided_mm,0,0,0,0,6,0,6,0,hold,hold,-552957.0,mm_join_12,0.0,-552957.0,0.0,passive_inside_sell,,,
queue05,round1-day-1,-1,518200,-64,-64,short_60_plus,9996,10006,10,10001.0,10004.333333333334,1.0,neutral,0.6666666666666666,3.3333333333339397,buy_pressure,-3.5,True,shock,2,passive_two_sided,mm_inside,0,0,0,11,6,11,0,0,hold,hold,-633023.0,mm_join_12,0.0,-633023.0,0.0,,,,
queue05,round1-day-1,-1,523100,-59,-59,short_40_59,10002,10012,10,10007.0,10005.333333333334,7.0,rich,-0.3333333333333333,-1.6666666666660603,mixed_pressure,3.0,True,shock,2,passive_two_sided,mm_inside,0,0,0,11,6,0,6,0,hold,hold,-583048.0,mm_join_12,0.0,-583048.0,0.0,,,,
queue05,round1-day-1,-1,523700,-59,-59,short_40_59,9993,10005,12,9999.0,10003.56,-1.0,neutral,0.76,4.559999999999491,buy_pressure,-12.0,True,shock,2,passive_two_sided,mm_inside,0,0,0,14,9,14,0,0,hold,hold,-583048.0,mm_join_12,0.0,-583048.0,0.0,,,,
queue05,round1-day-1,-1,523800,-59,-59,short_40_59,10001,10014,13,10007.5,10002.969696969696,7.5,rich,-0.696969696969697,-4.530303030303912,sell_pressure,8.5,True,shock,1,passive_one_sided_sell,one_sided_mm,0,0,0,0,6,0,6,0,hold,hold,-583048.0,mm_join_12,0.0,-583048.0,0.0,passive_inside_sell,,,
queue05,round1-day-1,-1,524700,-64,-64,short_60_plus,9995,10005,10,10000.0,10002.142857142857,0.0,neutral,0.42857142857142855,2.142857142856883,buy_pressure,-3.0,False,steady,2,passive_two_sided,mm_inside,0,0,0,14,9,14,0,0,hold,hold,-633103.0,mm_join_12,0.0,-633103.0,0.0,,,,
queue05,round1-day-1,-1,526300,-62,-62,short_60_plus,9994,10004,10,9999.0,10002.333333333334,-1.0,neutral,0.6666666666666666,3.3333333333339397,buy_pressure,-4.0,True,shock,2,passive_two_sided,mm_inside,0,0,0,11,6,11,0,0,hold,hold,-613111.0,mm_join_12,0.0,-613111.0,0.0,,,,
queue05,round1-day-1,-1,527500,-62,-62,short_60_plus,9993,10005,12,9999.0,10003.615384615385,-1.0,neutral,0.7692307692307693,4.615384615384755,buy_pressure,-4.0,True,shock,2,passive_two_sided,mm_inside,0,0,0,11,6,11,0,0,hold,hold,-613111.0,mm_join_12,0.0,-613111.0,0.0,,,,
queue05,round1-day-1,-1,528500,-64,-64,short_60_plus,10000,10010,10,10005.0,10002.631578947368,5.0,rich,-0.47368421052631576,-2.3684210526316747,sell_pressure,3.0,False,steady,1,passive_one_sided_sell,one_sided_mm,0,0,0,0,9,0,9,0,hold,hold,-633131.0,mm_join_12,0.0,-633131.0,0.0,passive_inside_sell,,,
queue05,round1-day-1,-1,533600,-78,-78,short_60_plus,9995,10004,9,9999.5,10001.0,-0.5,neutral,0.3333333333333333,1.5,mixed_pressure,-4.5,True,shock,2,passive_two_sided,mm_inside,0,0,0,11,2,11,0,0,hold,hold,-773197.0,mm_join_12,0.0,-773197.0,0.0,,,,
queue05,round1-day-1,-1,535300,-77,-77,short_60_plus,9994,10004,10,9999.0,10001.058823529413,-1.0,neutral,0.4117647058823529,2.0588235294126207,buy_pressure,-3.0,False,steady,2,passive_two_sided,mm_inside,0,0,0,14,3,14,0,0,hold,hold,-763202.0,mm_join_12,0.0,-763202.0,0.0,,,,
queue05,round1-day-1,-1,537300,-73,-73,short_60_plus,9993,10003,10,9998.0,10000.777777777777,-2.0,cheap,0.5555555555555556,2.7777777777773736,buy_pressure,-3.0,False,steady,1,passive_one_sided_sell,one_sided_mm,0,0,0,0,7,0,0,0,hold,hold,-723222.0,mm_join_12,0.0,-723222.0,0.0,passive_inside_sell,,,
queue05,round1-day-1,-1,538300,-73,-71,short_60_plus,9991,10001,10,9996.0,9999.666666666666,-4.0,cheap,0.7333333333333333,3.6666666666660603,buy_pressure,-3.0,False,steady,2,clear_buy,take1,2,0,2,15,0,15,0,1,buy_take1_16,take1,-723222.0,hold,2.0,-723222.0,0.0,take_a1,,,
queue05,round1-day-1,-1,546700,-57,-53,short_40_59,9986,9998,12,9992.0,9996.545454545454,-8.0,cheap,0.7575757575757576,4.545454545454049,buy_pressure,-5.0,True,shock,2,clear_buy,take1,4,0,4,12,0,12,0,1,buy_take1_16,take1,-563326.0,hold,16.0,-563326.0,0.0,take_a1,,,
queue05,round1-day-1,-1,549100,-48,-44,short_40_59,9989,9999,10,9994.0,9996.5,-6.0,cheap,0.5,2.5,buy_pressure,-4.0,True,shock,2,clear_buy,take1,4,0,4,12,0,12,0,1,buy_take1_16,take1,-473387.0,hold,12.0,-473387.0,0.0,take_a1,,,
queue05,round1-day-1,-1,552200,-49,-49,short_40_59,9996,10009,13,10002.5,9997.392857142857,2.5,rich,-0.7857142857142857,-5.107142857143117,sell_pressure,4.5,True,shock,2,passive_two_sided,mm_inside,0,0,0,11,6,11,6,0,hold,hold,-483411.0,mm_join_12,0.0,-483411.0,0.0,,,,
queue05,round1-day-1,-1,553300,-49,-49,short_40_59,9996,10006,10,10001.0,9997.176470588236,1.0,neutral,-0.7647058823529411,-3.823529411763957,sell_pressure,3.0,False,steady,1,passive_one_sided_sell,one_sided_mm,0,0,0,0,9,0,9,0,hold,hold,-483411.0,mm_join_12,0.0,-483411.0,0.0,passive_inside_sell,,,
queue05,round1-day-1,-1,555500,-49,-49,short_40_59,9997,10007,10,10002.0,9999.857142857143,2.0,rich,-0.42857142857142855,-2.142857142856883,sell_pressure,3.5,True,shock,1,passive_one_sided_sell,one_sided_mm,0,0,0,0,6,0,6,0,hold,hold,-483411.0,mm_join_12,0.0,-483411.0,0.0,passive_inside_sell,,,
queue05,round1-day-1,-1,556800,-49,-44,short_40_59,9990,10000,10,9995.0,9997.368421052632,-5.0,cheap,0.47368421052631576,2.3684210526316747,buy_pressure,-12.0,True,shock,2,clear_buy,take1,5,0,5,12,0,12,0,1,buy_take1_16,take1,-483411.0,hold,10.0,-483411.0,0.0,take_a1,,,
queue05,round1-day-1,-1,558100,-44,-44,short_40_59,9989,9999,10,9994.0,9997.333333333334,-6.0,cheap,0.6666666666666666,3.3333333333339397,buy_pressure,-3.0,True,shock,1,passive_one_sided_buy,one_sided_mm,0,0,0,12,0,12,0,0,buy_take1_16,take1,-433411.0,hold,6.0,-433417.0,6.0,passive_inside_buy,,,
queue05,round1-day-1,-1,558700,-44,-44,short_40_59,9990,9999,9,9994.5,9996.882352941177,-5.5,cheap,0.5294117647058824,2.3823529411765776,buy_pressure,-2.5,False,steady,1,passive_one_sided_buy,one_sided_mm,0,0,0,15,0,15,0,0,buy_take1_16,take1,-433417.0,hold,12.0,-433429.0,12.0,passive_inside_buy,,,
queue05,round1-day-1,-1,559500,-44,-44,short_40_59,9988,9998,10,9993.0,9995.777777777777,-7.0,cheap,0.5555555555555556,2.7777777777773736,buy_pressure,-5.0,True,shock,1,passive_one_sided_buy,one_sided_mm,0,0,0,12,0,12,0,0,buy_take1_16,take1,-433429.0,hold,16.0,-433445.0,16.0,passive_inside_buy,,,
queue05,round1-day-1,-1,559700,-44,-44,short_40_59,9989,9998,9,9993.5,9995.923076923076,-6.5,cheap,0.5384615384615384,2.4230769230762235,buy_pressure,-3.5,True,shock,1,passive_one_sided_buy,one_sided_mm,0,0,0,12,0,12,0,0,buy_take1_16,take1,-433445.0,hold,12.0,-433457.0,12.0,passive_inside_buy,,,
queue05,round1-day-1,-1,562800,-43,-43,short_40_59,9993,10006,13,9999.5,9994.5,-0.5,neutral,-0.7692307692307693,-5.0,sell_pressure,3.5,True,shock,1,passive_one_sided_sell,one_sided_mm,0,0,0,0,6,0,6,0,hold,hold,-423467.0,mm_join_12,0.0,-423467.0,0.0,passive_inside_sell,,,
queue05,round1-day-1,-1,564200,-43,-43,short_40_59,9987,9997,10,9992.0,9993.875,-8.0,cheap,0.375,1.875,buy_pressure,-4.0,True,shock,1,passive_one_sided_buy,one_sided_mm,0,0,0,12,0,12,0,0,buy_take1_16,take1,-423467.0,hold,25.0,-423492.0,25.0,passive_inside_buy,,,
queue05,round1-day-1,-1,565100,-41,-41,short_40_59,9993,10004,11,9998.5,9995.588235294117,-1.5,neutral,-0.5294117647058824,-2.911764705882888,sell_pressure,2.5,False,steady,1,passive_one_sided_sell,one_sided_mm,0,0,0,0,12,0,12,0,hold,hold,-403516.0,mm_join_12,0.0,-403516.0,0.0,passive_inside_sell,,,
queue05,round1-day-1,-1,565300,-41,-41,short_40_59,9993,10004,11,9998.5,9995.357142857143,-1.5,neutral,-0.5714285714285714,-3.142857142856883,sell_pressure,4.0,True,shock,1,passive_one_sided_sell,one_sided_mm,0,0,0,0,9,0,9,0,hold,hold,-403516.0,mm_join_12,0.0,-403516.0,0.0,passive_inside_sell,,,
queue05,round1-day-1,-1,566500,-35,-35,short_20_39,9993,10004,11,9998.5,9995.538461538461,-1.5,neutral,-0.5384615384615384,-2.9615384615390212,sell_pressure,-4.5,True,shock,1,passive_one_sided_sell,one_sided_mm,0,0,0,0,12,0,12,0,hold,hold,-343558.0,mm_join_12,0.0,-343558.0,0.0,passive_inside_sell,,,
queue05,round1-day-1,-1,566900,-35,-35,short_20_39,9993,10004,11,9998.5,9996.4375,-1.5,neutral,-0.375,-2.0625,sell_pressure,4.0,True,shock,2,passive_two_sided,mm_inside,0,0,0,9,9,9,0,0,hold,hold,-343558.0,mm_join_12,0.0,-343558.0,0.0,,,,
queue05,round1-day-1,-1,571100,-18,-18,flat_19,9993,10002,9,9997.5,10000.3125,-2.5,cheap,0.625,2.8125,buy_pressure,-2.5,False,steady,1,passive_one_sided_buy,one_sided_mm,0,0,0,13,0,13,0,0,hold,hold,-173644.0,mm_join_12,0.0,-173644.0,0.0,passive_inside_buy,,,
queue05,round1-day-1,-1,572300,-20,-20,short_20_39,9997,10007,10,10002.0,10000.333333333334,2.0,rich,-0.3333333333333333,-1.6666666666660603,mixed_pressure,-5.0,True,shock,1,passive_one_sided_buy,one_sided_mm,0,0,0,12,0,0,0,0,hold,hold,-193658.0,mm_join_12,0.0,-193658.0,0.0,passive_inside_buy,,,
queue05,round1-day-1,-1,573700,-22,-22,short_20_39,9991,10001,10,9996.0,9999.333333333334,-4.0,cheap,0.6666666666666666,3.3333333333339397,buy_pressure,-3.0,False,steady,1,passive_one_sided_buy,one_sided_mm,0,0,0,13,0,13,0,0,buy_take1_16,take1,-213700.0,hold,3.0,-213703.0,3.0,passive_inside_buy,,,
queue05,round1-day-1,-1,574200,-22,-22,short_20_39,9993,10002,9,9997.5,9999.923076923076,-2.5,cheap,0.5384615384615384,2.4230769230762235,buy_pressure,-4.0,True,shock,1,passive_one_sided_buy,one_sided_mm,0,0,0,10,0,10,0,0,hold,hold,-213703.0,mm_join_12,0.0,-213703.0,0.0,passive_inside_buy,,,
queue05,round1-day-1,-1,577600,-20,-20,short_20_39,9997,10010,13,10003.5,9998.695652173914,3.5,rich,-0.7391304347826086,-4.804347826086087,sell_pressure,5.0,True,shock,1,passive_one_sided_sell,one_sided_mm,0,0,0,0,9,0,9,0,hold,hold,-193729.0,mm_join_12,0.0,-193729.0,0.0,passive_inside_sell,,,
queue05,round1-day-1,-1,580500,-14,-14,flat_19,9996,10006,10,10001.0,9998.666666666666,1.0,neutral,-0.4666666666666667,-2.3333333333339397,sell_pressure,3.5,True,shock,1,passive_one_sided_sell,one_sided_mm,0,0,0,0,9,0,9,0,hold,hold,-133747.0,mm_join_12,0.0,-133747.0,0.0,passive_inside_sell,,,
queue05,round1-day-1,-1,580700,-14,-14,flat_19,9996,10007,11,10001.5,9997.833333333334,1.5,neutral,-0.6666666666666666,-3.6666666666660603,sell_pressure,2.5,False,steady,1,passive_one_sided_sell,one_sided_mm,0,0,0,0,12,0,12,0,hold,hold,-133747.0,mm_join_12,0.0,-133747.0,0.0,passive_inside_sell,,,
queue05,round1-day-1,-1,581300,-11,-11,flat_19,9997,10007,10,10002.0,9999.105263157895,2.0,rich,-0.5789473684210527,-2.894736842104976,sell_pressure,-5.0,True,shock,1,passive_one_sided_buy,one_sided_mm,0,0,0,12,0,12,0,0,hold,hold,-103777.0,mm_join_12,0.0,-103777.0,0.0,passive_inside_buy,,,
queue05,round1-day-1,-1,586900,-17,-17,flat_19,9998,10011,13,10004.5,9999.344827586207,4.5,rich,-0.7931034482758621,-5.15517241379348,sell_pressure,3.5,True,shock,1,passive_one_sided_sell,one_sided_mm,0,0,0,0,9,0,9,0,hold,hold,-163797.0,mm_join_12,0.0,-163797.0,0.0,passive_inside_sell,,,
queue05,round1-day-1,-1,587400,-20,-20,short_20_39,9998,10008,10,10003.0,10000.0,3.0,rich,-0.6,-3.0,sell_pressure,3.0,False,steady,1,passive_one_sided_sell,one_sided_mm,0,0,0,0,12,0,12,0,hold,hold,-193818.0,mm_join_12,0.0,-193818.0,0.0,passive_inside_sell,,,
queue05,round1-day-1,-1,588000,-20,-20,short_20_39,9997,10010,13,10003.5,9998.925925925925,3.5,rich,-0.7037037037037037,-4.574074074074815,sell_pressure,4.5,True,shock,1,passive_one_sided_sell,one_sided_mm,0,0,0,0,9,0,9,0,hold,hold,-193818.0,mm_join_12,0.0,-193818.0,0.0,passive_inside_sell,,,
queue05,round1-day-1,-1,588200,-20,-20,short_20_39,9990,10002,12,9996.0,10001.454545454546,-4.0,cheap,0.9090909090909091,5.454545454545951,buy_pressure,-3.0,False,steady,1,passive_one_sided_buy,one_sided_mm,0,0,0,13,0,13,0,0,hold,hold,-193818.0,buy_join_16,0.0,-193818.0,0.0,passive_inside_buy,,,
queue05,round1-day-1,-1,591900,-11,-11,flat_19,9993,10002,9,9997.5,10000.5,-2.5,cheap,0.6666666666666666,3.0,buy_pressure,-11.5,True,shock,1,passive_one_sided_buy,one_sided_mm,0,0,0,13,0,13,0,0,buy_take1_16,take1,-103876.0,hold,1.0,-103877.0,1.0,passive_inside_buy,,,
queue05,round1-day-1,-1,594500,-6,-6,flat_19,9994,10005,11,9999.5,9997.142857142857,-0.5,neutral,-0.42857142857142855,-2.357142857143117,sell_pressure,2.5,False,steady,1,passive_one_sided_sell,one_sided_mm,0,0,0,0,12,0,12,0,hold,hold,-53921.0,mm_join_12,0.0,-53921.0,0.0,passive_inside_sell,,,
queue05,round1-day-1,-1,595300,-6,-6,flat_19,9995,10006,11,10000.5,9996.692307692309,0.5,neutral,-0.6923076923076923,-3.807692307691468,sell_pressure,3.5,True,shock,1,passive_one_sided_sell,one_sided_mm,0,0,0,0,9,0,9,0,hold,hold,-53921.0,mm_join_12,0.0,-53921.0,0.0,passive_inside_sell,,,
queue05,round1-day-1,-1,596200,-2,-2,flat_19,9989,9999,10,9994.0,9996.894736842105,-6.0,cheap,0.5789473684210527,2.894736842104976,buy_pressure,-5.0,True,shock,1,passive_one_sided_buy,one_sided_mm,0,0,0,10,0,10,0,0,buy_take1_16,take1,-13957.0,hold,16.0,-13973.0,16.0,passive_inside_buy,,,
queue05,round1-day-1,-1,597200,-11,-11,flat_19,9995,10006,11,10000.5,9996.941176470587,0.5,neutral,-0.6470588235294118,-3.5588235294126207,sell_pressure,2.5,False,steady,1,passive_one_sided_sell,one_sided_mm,0,0,0,0,12,0,12,0,hold,hold,-104000.0,mm_join_12,0.0,-104000.0,0.0,passive_inside_sell,,,
queue05,round1-day-1,-1,600100,-12,-12,flat_19,9998,10008,10,10003.0,9999.666666666666,3.0,rich,-0.6666666666666666,-3.3333333333339397,sell_pressure,3.0,False,steady,1,passive_one_sided_sell,one_sided_mm,0,0,0,0,12,0,12,0,hold,hold,-114111.0,mm_join_12,0.0,-114111.0,0.0,passive_inside_sell,,,
queue05,round1-day-1,-1,602100,-12,-12,flat_19,10001,10010,9,10005.5,10002.058823529413,5.5,rich,-0.7647058823529411,-3.4411764705873793,sell_pressure,4.5,True,shock,1,passive_one_sided_sell,one_sided_mm,0,0,0,0,9,0,9,0,hold,hold,-114111.0,mm_join_12,0.0,-114111.0,0.0,passive_inside_sell,,,
queue05,round1-day-1,-1,602300,-12,-12,flat_19,9997,10008,11,10002.5,10000.666666666666,2.5,rich,-0.3333333333333333,-1.8333333333339397,mixed_pressure,4.0,True,shock,1,passive_one_sided_buy,one_sided_mm,0,0,0,9,0,0,0,0,hold,hold,-114111.0,mm_join_12,0.0,-114111.0,0.0,passive_inside_buy,,,
queue05,round1-day-1,-1,602400,-12,-12,flat_19,9992,10001,9,9996.5,9999.615384615385,-3.5,cheap,0.6923076923076923,3.1153846153847553,buy_pressure,-6.0,True,shock,1,passive_one_sided_buy,one_sided_mm,0,0,0,10,0,10,0,0,buy_take1_16,take1,-114111.0,hold,6.0,-114117.0,6.0,passive_inside_buy,,,
queue05,round1-day-1,-1,603100,-12,-12,flat_19,9997,10007,10,10002.0,9998.176470588236,2.0,rich,-0.7647058823529411,-3.823529411763957,sell_pressure,1.0,False,steady,1,passive_one_sided_buy,one_sided_mm,0,0,0,12,0,0,0,0,hold,hold,-114117.0,mm_join_12,0.0,-114117.0,0.0,passive_inside_buy,,,
queue05,round1-day-1,-1,606400,-8,-8,flat_19,9997,10007,10,10002.0,9998.666666666666,2.0,rich,-0.6666666666666666,-3.3333333333339397,sell_pressure,3.0,False,steady,1,passive_one_sided_buy,one_sided_mm,0,0,0,12,0,0,0,0,hold,hold,-74173.0,mm_join_12,0.0,-74173.0,0.0,passive_inside_buy,,,
queue05,round1-day-1,-1,606600,-8,-8,flat_19,9996,10007,11,10001.5,9999.4375,1.5,neutral,-0.375,-2.0625,sell_pressure,2.5,False,steady,1,passive_one_sided_sell,one_sided_mm,0,0,0,0,12,0,12,0,hold,hold,-74173.0,mm_join_12,0.0,-74173.0,0.0,passive_inside_sell,,,
queue05,round1-day-1,-1,609900,-9,-9,flat_19,9994,10003,9,9998.5,10000.882352941177,-1.5,neutral,0.5294117647058824,2.3823529411765776,buy_pressure,-2.5,False,steady,2,passive_two_sided,mm_inside,0,0,0,12,12,12,0,0,buy_take1_16,take1,-84180.0,hold,4.0,-84184.0,4.0,,,,
queue05,round1-day-1,-1,611900,-9,-9,flat_19,9995,10007,12,10001.0,10005.615384615385,1.0,neutral,0.7692307692307693,4.615384615384755,buy_pressure,10001.0,True,shock,1,passive_one_sided_buy,one_sided_mm,0,0,0,12,0,12,0,0,hold,hold,-84272.0,mm_join_12,0.0,-84272.0,0.0,passive_inside_buy,,,
queue05,round1-day-1,-1,613700,-9,-9,flat_19,9996,10005,9,10000.5,10002.35294117647,0.5,neutral,0.4117647058823529,1.8529411764702672,buy_pressure,-3.5,True,shock,2,passive_two_sided,mm_inside,0,0,0,9,9,9,0,0,hold,hold,-84272.0,mm_join_12,0.0,-84272.0,0.0,,,,
queue05,round1-day-1,-1,615600,-7,-7,flat_19,9995,10005,10,10000.0,10002.058823529413,0.0,neutral,0.4117647058823529,2.0588235294126207,buy_pressure,-2.5,False,steady,1,passive_one_sided_buy,one_sided_mm,0,0,0,12,0,12,0,0,hold,hold,-64280.0,mm_join_12,0.0,-64280.0,0.0,passive_inside_buy,,,
queue05,round1-day-1,-1,615700,-7,-11,flat_19,10005,10014,9,10009.5,10006.44,9.5,rich,-0.68,-3.0599999999994907,sell_pressure,9.5,True,shock,2,take_sell,take1,0,4,4,0,9,0,9,1,sell_take1_16,take1,-64280.0,hold,4.0,-64280.0,0.0,take_b1,,,
queue05,round1-day-1,-1,617400,-6,-6,flat_19,9991,10003,12,9997.0,10001.588235294117,-3.0,cheap,0.7647058823529411,4.588235294117112,buy_pressure,-6.5,True,shock,1,passive_one_sided_buy,one_sided_mm,0,0,0,10,0,10,0,0,buy_take1_16,take1,-54305.0,hold,4.0,-54309.0,4.0,passive_inside_buy,,,
queue05,round1-day-1,-1,617500,-6,-6,flat_19,9994,10003,9,9998.5,10000.5,-1.5,neutral,0.4444444444444444,2.0,buy_pressure,1.5,False,steady,2,passive_two_sided,mm_inside,0,0,0,12,12,12,0,0,buy_take1_16,take1,-54309.0,hold,5.0,-54314.0,5.0,,,,
queue05,round1-day-1,-1,619200,-9,-9,flat_19,9999,10010,11,10004.5,10001.315789473685,4.5,rich,-0.5789473684210527,-3.184210526314928,sell_pressure,-4.5,True,shock,1,passive_one_sided_sell,one_sided_mm,0,0,0,0,9,0,9,0,hold,hold,-84341.0,mm_join_12,0.0,-84341.0,0.0,passive_inside_sell,,,
queue05,round1-day-1,-1,622700,2,2,flat_19,10001,10011,10,10006.0,10002.25,6.0,rich,-0.75,-3.75,sell_pressure,2.0,True,shock,1,passive_one_sided_sell,one_sided_mm,0,0,0,0,9,0,9,0,hold,hold,25636.0,mm_join_12,0.0,25636.0,0.0,passive_inside_sell,,,
queue05,round1-day-1,-1,624000,0,0,flat_19,10002,10012,10,10007.0,10004.666666666666,7.0,rich,-0.4666666666666667,-2.3333333333339397,sell_pressure,-5.0,True,shock,1,passive_one_sided_sell,one_sided_mm,0,0,0,0,9,0,9,0,hold,hold,5628.0,mm_join_12,0.0,5628.0,0.0,passive_inside_sell,,,
queue05,round1-day-1,-1,624900,0,0,flat_19,9996,10005,9,10000.5,10003.2,0.5,neutral,0.6,2.7000000000007276,buy_pressure,-3.0,False,steady,2,passive_two_sided,mm_inside,0,0,0,12,12,12,0,0,hold,hold,5628.0,mm_join_12,0.0,5628.0,0.0,,,,
queue05,round1-day-1,-1,625500,0,0,flat_19,9994,10004,10,9999.0,10001.5,-1.0,neutral,0.5,2.5,buy_pressure,-3.0,False,steady,1,passive_one_sided_buy,one_sided_mm,0,0,0,12,0,12,0,0,hold,hold,5628.0,mm_join_12,0.0,5628.0,0.0,passive_inside_buy,,,
queue05,round1-day-1,-1,628800,-2,-2,flat_19,9999,10010,11,10004.5,10001.933333333332,4.5,rich,-0.4666666666666667,-2.5666666666675155,sell_pressure,2.5,False,steady,1,passive_one_sided_sell,one_sided_mm,0,0,0,0,12,0,12,0,hold,hold,-14423.0,mm_join_12,0.0,-14423.0,0.0,passive_inside_sell,,,
queue05,round1-day-1,-1,636500,3,0,flat_19,10002,10013,11,10007.5,10003.29411764706,7.5,rich,-0.7647058823529411,-4.2058823529405345,sell_pressure,2.5,True,shock,1,passive_one_sided_sell,one_sided_mm,0,0,0,0,9,0,9,0,mm_inside_12,mm_inside,35582.0,mm_inside_20,0.0,35582.0,0.0,passive_inside_sell,,,
queue05,round1-day-1,-1,636600,0,0,flat_19,9996,10006,10,10001.0,10004.57142857143,1.0,neutral,0.7142857142857143,3.571428571429351,buy_pressure,-6.5,True,shock,1,passive_one_sided_buy,one_sided_mm,0,0,0,9,0,9,0,0,hold,hold,5546.0,mm_join_12,0.0,5546.0,0.0,passive_inside_buy,,,
queue05,round1-day-1,-1,638800,-2,-2,flat_19,9996,10005,9,10000.5,10003.07142857143,0.5,neutral,0.5714285714285714,2.571428571429351,buy_pressure,-3.0,False,steady,2,passive_two_sided,mm_inside,0,0,0,12,12,12,0,0,hold,hold,-14498.0,mm_join_12,0.0,-14498.0,0.0,,,,
queue05,round1-day-1,-1,643000,5,5,flat_19,9995,10005,10,10000.0,10002.64705882353,0.0,neutral,0.5294117647058824,2.6470588235297328,buy_pressure,-12.0,True,shock,1,passive_one_sided_buy,one_sided_mm,0,0,0,12,0,12,0,0,hold,hold,55509.0,mm_join_12,0.0,55509.0,0.0,passive_inside_buy,,,
queue05,round1-day-1,-1,644700,1,1,flat_19,10002,10012,10,10007.0,10003.25,7.0,rich,-0.75,-3.75,sell_pressure,2.0,True,shock,1,passive_one_sided_sell,one_sided_mm,0,0,0,0,9,0,9,0,hold,hold,15421.0,mm_join_12,0.0,15421.0,0.0,passive_inside_sell,,,
queue05,round1-day-1,-1,649200,-3,-3,flat_19,9998,10008,10,10003.0,10005.142857142857,3.0,rich,0.42857142857142855,2.142857142856883,buy_pressure,-5.0,True,shock,1,passive_one_sided_buy,one_sided_mm,0,0,0,9,0,9,0,0,hold,hold,-24633.0,mm_join_12,0.0,-24633.0,0.0,passive_inside_buy,,,
queue05,round1-day-1,-1,654700,-7,-7,flat_19,10003,10014,11,10008.5,10005.933333333332,8.5,rich,-0.4666666666666667,-2.5666666666675155,sell_pressure,10.5,True,shock,1,passive_one_sided_sell,one_sided_mm,0,0,0,0,9,0,9,0,hold,hold,-64757.0,mm_join_12,0.0,-64757.0,0.0,passive_inside_sell,,,
queue05,round1-day-1,-1,655700,-7,-7,flat_19,9997,10007,10,10002.0,10005.235294117647,2.0,rich,0.6470588235294118,3.235294117646845,buy_pressure,-3.0,False,steady,1,passive_one_sided_buy,one_sided_mm,0,0,0,12,0,12,0,0,hold,hold,-64757.0,mm_join_12,0.0,-64757.0,0.0,passive_inside_buy,,,
queue05,round1-day-1,-1,658300,-9,-9,flat_19,10006,10016,10,10011.0,10009.333333333334,11.0,rich,-0.3333333333333333,-1.6666666666660603,mixed_pressure,3.0,True,shock,1,passive_one_sided_buy,one_sided_mm,0,0,0,9,0,0,0,0,sell_take1_16,take1,-84797.0,hold,5.0,-84802.0,5.0,passive_inside_buy,,,
queue05,round1-day-1,-1,659600,-9,-7,flat_19,10001,10011,10,10006.0,10009.823529411764,6.0,rich,0.7647058823529411,3.823529411763957,buy_pressure,-3.0,True,shock,1,passive_one_sided_buy,one_sided_mm,0,0,0,9,0,9,0,0,mm_inside_12,mm_inside,-84802.0,mm_inside_20,0.0,-84802.0,0.0,passive_inside_buy,,,
queue05,round1-day-1,-1,659800,-7,-7,flat_19,10001,10011,10,10006.0,10008.333333333334,6.0,rich,0.4666666666666667,2.3333333333339397,buy_pressure,-3.0,True,shock,1,passive_one_sided_buy,one_sided_mm,0,0,0,9,0,9,0,0,hold,hold,-64798.0,mm_join_12,0.0,-64798.0,0.0,passive_inside_buy,,,
queue05,round1-day-1,-1,661500,-13,-13,flat_19,10006,10017,11,10011.5,10007.466666666667,11.5,rich,-0.7333333333333333,-4.033333333332848,sell_pressure,2.5,True,shock,1,passive_one_sided_sell,one_sided_mm,0,0,0,0,9,0,9,0,sell_take1_16,take1,-124896.0,hold,1.0,-124897.0,1.0,passive_inside_sell,,,
queue05,round1-day-1,-1,664800,-18,-18,flat_19,10000,10009,9,10004.5,10006.923076923076,4.5,rich,0.5384615384615384,2.4230769230762235,buy_pressure,-3.5,True,shock,2,passive_two_sided,mm_inside,0,0,0,9,9,9,0,0,hold,hold,-175001.0,mm_join_12,0.0,-175001.0,0.0,,,,
queue05,round1-day-1,-1,665300,-18,-18,flat_19,10001,10010,9,10005.5,10007.631578947368,5.5,rich,0.47368421052631576,2.1315789473683253,buy_pressure,-2.5,False,steady,2,passive_two_sided,mm_inside,0,0,0,12,12,12,0,0,hold,hold,-175001.0,mm_join_12,0.0,-175001.0,0.0,,,,
queue05,round1-day-1,-1,666300,-14,-14,flat_19,10006,10017,11,10011.5,10008.894736842105,11.5,rich,-0.47368421052631576,-2.605263157895024,sell_pressure,4.0,True,shock,1,passive_one_sided_sell,one_sided_mm,0,0,0,0,9,0,9,0,sell_take1_16,take1,-134993.0,hold,8.0,-135001.0,8.0,passive_inside_sell,,,
queue05,round1-day-1,-1,668100,-34,-34,short_20_39,10002,10011,9,10006.5,10008.42857142857,6.5,rich,0.42857142857142855,1.928571428570649,buy_pressure,-3.5,True,shock,2,passive_two_sided,mm_inside,0,0,0,9,9,9,0,0,hold,hold,-335131.0,mm_join_12,0.0,-335131.0,0.0,,,,
queue05,round1-day-1,-1,672400,-78,-78,short_60_plus,10003,10012,9,10007.5,10010.8,7.5,rich,0.7333333333333333,3.2999999999992724,buy_pressure,-1.5,True,shock,2,passive_two_sided,mm_inside,0,0,0,11,2,11,0,0,hold,hold,-775503.0,mm_join_12,0.0,-775503.0,0.0,,,,
queue05,round1-day-1,-1,673900,-80,-80,short_60_plus,10001,10011,10,10006.0,10009.666666666666,6.0,rich,0.7333333333333333,3.6666666666660603,buy_pressure,-12.0,True,shock,1,passive_one_sided_buy,one_sided_mm,0,0,0,11,0,11,0,0,hold,hold,-795532.0,mm_join_12,0.0,-795532.0,0.0,passive_inside_buy,,,
queue05,round1-day-1,-1,675900,-80,-80,short_60_plus,10007,10018,11,10012.5,10010.055555555555,12.5,rich,-0.4444444444444444,-2.444444444445253,sell_pressure,3.0,True,shock,0,hold,hold,0,0,0,0,0,0,0,0,hold,hold,-795532.0,mm_join_12,0.0,-795532.0,0.0,,,,
queue05,round1-day-1,-1,676500,-80,-80,short_60_plus,10007,10017,10,10012.0,10010.333333333334,12.0,rich,-0.3333333333333333,-1.6666666666660603,mixed_pressure,3.0,True,shock,0,hold,hold,0,0,0,0,0,0,0,0,hold,hold,-795532.0,mm_join_12,0.0,-795532.0,0.0,,,,
queue05,round1-day-1,-1,677200,-80,-80,short_60_plus,9997,10009,12,10003.0,10007.4,3.0,rich,0.7333333333333333,4.399999999999636,buy_pressure,-5.0,True,shock,1,passive_one_sided_buy,one_sided_mm,0,0,0,11,0,11,0,0,buy_take1_16,take1,-795532.0,hold,1.0,-795533.0,1.0,passive_inside_buy,,,
queue05,round1-day-1,-1,677600,-76,-76,short_60_plus,10000,10009,9,10004.5,10007.07142857143,4.5,rich,0.5714285714285714,2.571428571429351,buy_pressure,-2.5,False,steady,2,passive_two_sided,mm_inside,0,0,0,14,4,14,0,0,hold,hold,-755533.0,mm_join_12,0.0,-755533.0,0.0,,,,
queue05,round1-day-1,-1,678000,-76,-76,short_60_plus,10006,10016,10,10011.0,10008.307692307691,11.0,rich,-0.5384615384615384,-2.692307692308532,sell_pressure,3.0,True,shock,1,passive_one_sided_sell,one_sided_mm,0,0,0,0,4,0,4,0,hold,hold,-755533.0,mm_join_12,0.0,-755533.0,0.0,passive_inside_sell,,,
queue05,round1-day-1,-1,679700,-67,-67,short_60_plus,9998,10008,10,10003.0,10005.5,3.0,rich,0.5,2.5,buy_pressure,1.5,False,steady,2,passive_two_sided,mm_inside,0,0,0,14,9,14,0,0,buy_take1_16,take1,-665497.0,hold,1.0,-665498.0,1.0,,,,
queue05,round1-day-1,-1,680600,-70,-70,short_60_plus,9999,10009,10,10004.0,10005.875,4.0,rich,0.375,1.875,buy_pressure,-2.0,False,steady,2,passive_two_sided,mm_inside,0,0,0,14,9,14,0,0,hold,hold,-695546.0,mm_join_12,0.0,-695546.0,0.0,,,,
queue05,round1-day-1,-1,681600,-70,-70,short_60_plus,10005,10015,10,10010.0,10008.333333333334,10.0,rich,-0.3333333333333333,-1.6666666666660603,mixed_pressure,3.0,True,shock,2,passive_two_sided,mm_inside,0,0,0,11,6,0,6,0,hold,hold,-695546.0,mm_join_12,0.0,-695546.0,0.0,,,,
queue05,round1-day-1,-1,683100,-70,-70,short_60_plus,10000,10009,9,10004.5,10007.411764705883,4.5,rich,0.6470588235294118,2.911764705882888,buy_pressure,-3.5,True,shock,2,passive_two_sided,mm_inside,0,0,0,11,6,11,0,0,buy_take1_16,take1,-695546.0,hold,6.0,-695552.0,6.0,,,,
queue05,round1-day-1,-1,685600,-73,-73,short_60_plus,10006,10016,10,10011.0,10008.0,11.0,rich,-0.6,-3.0,sell_pressure,3.0,True,shock,1,passive_one_sided_sell,one_sided_mm,0,0,0,0,6,0,6,0,hold,hold,-725597.0,mm_join_12,0.0,-725597.0,0.0,passive_inside_sell,,,
queue05,round1-day-1,-1,686800,-80,-80,short_60_plus,10005,10016,11,10010.5,10006.375,10.5,rich,-0.75,-4.125,sell_pressure,2.5,True,shock,0,hold,hold,0,0,0,0,0,0,0,0,hold,hold,-795676.0,mm_join_12,0.0,-795676.0,0.0,,,,
queue05,round1-day-1,-1,688200,-80,-80,short_60_plus,10005,10015,10,10010.0,10008.125,10.0,rich,-0.375,-1.875,sell_pressure,3.0,True,shock,1,passive_one_sided_buy,one_sided_mm,0,0,0,11,0,0,0,0,hold,hold,-795676.0,mm_join_12,0.0,-795676.0,0.0,passive_inside_buy,,,
queue05,round1-day-1,-1,689600,-80,-80,short_60_plus,10004,10015,11,10009.5,10005.833333333334,9.5,rich,-0.6666666666666666,-3.6666666666660603,sell_pressure,2.5,True,shock,1,passive_one_sided_buy,one_sided_mm,0,0,0,11,0,0,0,0,hold,hold,-795691.0,mm_join_12,0.0,-795691.0,0.0,passive_inside_buy,,,
queue05,round1-day-1,-1,690700,-77,-77,short_60_plus,10004,10014,10,10009.0,10005.25,9.0,rich,-0.75,-3.75,sell_pressure,1.5,True,shock,2,passive_two_sided,mm_inside,0,0,0,11,3,0,3,0,hold,hold,-765694.0,mm_join_12,0.0,-765694.0,0.0,,,,
queue05,round1-day-1,-1,691400,-80,-80,short_60_plus,9998,10007,9,10002.5,10005.8,2.5,rich,0.7333333333333333,3.2999999999992724,buy_pressure,-3.5,True,shock,1,passive_one_sided_buy,one_sided_mm,0,0,0,11,0,11,0,0,buy_take1_16,take1,-795730.0,hold,9.0,-795739.0,9.0,passive_inside_buy,,,
queue05,round1-day-1,-1,694700,-79,-79,short_60_plus,9995,10007,12,10001.0,10006.2,1.0,neutral,0.8666666666666667,5.200000000000728,buy_pressure,-4.0,True,shock,2,passive_two_sided,mm_inside,0,0,0,11,1,11,0,0,buy_take1_16,take1,-785754.0,hold,4.0,-785758.0,4.0,,,,
queue05,round1-day-1,-1,698800,-79,-79,short_60_plus,10001,10012,11,10006.5,10002.57142857143,6.5,rich,-0.7142857142857143,-3.928571428570649,sell_pressure,-5.5,True,shock,2,passive_two_sided,mm_inside,0,0,0,11,1,0,1,0,hold,hold,-785758.0,mm_join_12,0.0,-785758.0,0.0,,,,
queue05,round1-day-1,-1,701200,-76,-76,short_60_plus,9997,10007,10,10002.0,10004.894736842105,2.0,rich,0.5789473684210527,2.894736842104976,buy_pressure,-2.0,False,steady,2,passive_two_sided,mm_inside,0,0,0,14,4,14,0,0,hold,hold,-755767.0,mm_join_12,0.0,-755767.0,0.0,,,,
queue05,round1-day-1,-1,703400,-76,-76,short_60_plus,9995,10005,10,10000.0,10002.64705882353,0.0,neutral,0.5294117647058824,2.6470588235297328,buy_pressure,-4.0,True,shock,2,passive_two_sided,mm_inside,0,0,0,11,4,11,0,0,hold,hold,-755767.0,mm_join_12,0.0,-755767.0,0.0,,,,
queue05,round1-day-1,-1,705000,-76,-76,short_60_plus,9995,10005,10,10000.0,10003.57142857143,0.0,neutral,0.7142857142857143,3.571428571429351,buy_pressure,-3.0,False,steady,2,passive_two_sided,mm_inside,0,0,0,14,4,14,0,0,buy_take1_16,take1,-755767.0,mm_inside_12,1.0,-755768.0,1.0,,,,
queue05,round1-day-1,-1,706100,-78,-78,short_60_plus,9996,10005,9,10000.5,10002.882352941177,0.5,neutral,0.5294117647058824,2.3823529411765776,buy_pressure,-4.5,True,shock,2,passive_two_sided,mm_inside,0,0,0,11,2,11,0,0,buy_take1_16,take1,-775795.0,hold,11.0,-775806.0,11.0,,,,
queue05,round1-day-1,-1,706900,-80,-80,short_60_plus,10001,10012,11,10006.5,10003.75,6.5,rich,-0.5,-2.75,sell_pressure,2.5,True,shock,0,hold,hold,0,0,0,0,0,0,0,0,hold,hold,-795807.0,mm_join_12,0.0,-795807.0,0.0,,,,
queue05,round1-day-1,-1,708800,-67,-67,short_60_plus,9995,10004,9,9999.5,10001.882352941177,-0.5,neutral,0.5294117647058824,2.3823529411765776,buy_pressure,4.5,True,shock,2,passive_two_sided,mm_inside,0,0,0,14,9,14,0,0,hold,hold,-665819.0,mm_join_12,0.0,-665819.0,0.0,,,,
queue05,round1-day-1,-1,712200,-79,-79,short_60_plus,9996,10006,10,10001.0,9997.333333333334,1.0,neutral,-0.7333333333333333,-3.6666666666660603,sell_pressure,1.5,False,steady,2,passive_two_sided,mm_inside,0,0,0,14,1,14,1,0,hold,hold,-785903.0,mm_join_12,0.0,-785903.0,0.0,,,,
queue05,round1-day-1,-1,712300,-79,-75,short_60_plus,9990,10000,10,9995.0,9997.894736842105,-5.0,cheap,0.5789473684210527,2.894736842104976,buy_pressure,-6.0,True,shock,2,clear_buy,take1,4,0,4,12,0,12,0,1,buy_take1_16,take1,-785903.0,hold,24.0,-785903.0,0.0,take_a1,,,
queue05,round1-day-1,-1,712600,-75,-75,short_60_plus,9997,10010,13,10003.5,9998.181818181818,3.5,rich,-0.8181818181818182,-5.3181818181819835,sell_pressure,4.5,True,shock,1,passive_one_sided_sell,one_sided_mm,0,0,0,0,5,0,5,0,hold,hold,-745903.0,mm_join_12,0.0,-745903.0,0.0,passive_inside_sell,,,
queue05,round1-day-1,-1,715000,-78,-78,short_60_plus,9999,10009,10,10004.0,10000.25,4.0,rich,-0.75,-3.75,sell_pressure,3.0,False,steady,1,passive_one_sided_sell,one_sided_mm,0,0,0,0,2,0,2,0,sell_take1_16,take1,-775927.0,hold,2.0,-775929.0,2.0,passive_inside_sell,,,
queue05,round1-day-1,-1,719200,-74,-74,short_60_plus,9999,10009,10,10004.0,10001.5,4.0,rich,-0.5,-2.5,sell_pressure,4.0,True,shock,1,passive_one_sided_sell,one_sided_mm,0,0,0,0,6,0,6,0,hold,hold,-735910.0,mm_join_12,0.0,-735910.0,0.0,passive_inside_sell,,,
queue05,round1-day-1,-1,720500,-74,-74,short_60_plus,9994,10004,10,9999.0,10001.5,-1.0,neutral,0.5,2.5,buy_pressure,-3.0,False,steady,2,passive_two_sided,mm_inside,0,0,0,14,6,14,0,0,hold,hold,-735910.0,mm_join_12,0.0,-735910.0,0.0,,,,
queue05,round1-day-1,-1,722100,-74,-74,short_60_plus,9997,10010,13,10003.5,9999.03125,3.5,rich,-0.6875,-4.46875,sell_pressure,12.5,True,shock,2,passive_two_sided,mm_inside,0,0,0,11,6,11,6,0,hold,hold,-735910.0,mm_join_12,0.0,-735910.0,0.0,,,,
queue05,round1-day-1,-1,725200,-78,-78,short_60_plus,9996,10007,11,10001.5,9998.444444444445,1.5,neutral,-0.5555555555555556,-3.055555555554747,sell_pressure,2.5,False,steady,2,passive_two_sided,mm_inside,0,0,0,14,2,14,2,0,hold,hold,-775944.0,mm_join_12,0.0,-775944.0,0.0,,,,
queue05,round1-day-1,-1,725500,-78,-76,short_60_plus,9992,10001,9,9996.5,9999.714285714286,-3.5,cheap,0.7142857142857143,3.214285714286234,buy_pressure,-3.5,True,shock,2,clear_buy,take1,2,0,2,12,0,12,0,1,hold,hold,-775944.0,mm_join_12,0.0,-775950.0,6.0,take_a1,,,
queue05,round1-day-1,-1,727700,-76,-76,short_60_plus,9997,10008,11,10002.5,9998.57142857143,2.5,rich,-0.7142857142857143,-3.928571428570649,sell_pressure,2.5,False,steady,2,passive_two_sided,mm_inside,0,0,0,14,4,14,4,0,hold,hold,-756012.0,mm_join_12,0.0,-756012.0,0.0,,,,
queue05,round1-day-1,-1,729200,-76,-76,short_60_plus,9997,10007,10,10002.0,9999.0,2.0,rich,-0.6,-3.0,sell_pressure,3.5,True,shock,1,passive_one_sided_sell,one_sided_mm,0,0,0,0,4,0,4,0,hold,hold,-756012.0,mm_join_12,0.0,-756012.0,0.0,passive_inside_sell,,,
queue05,round1-day-1,-1,730700,-75,-73,short_60_plus,9990,9999,9,9994.5,9997.941176470587,-5.5,cheap,0.7647058823529411,3.4411764705873793,buy_pressure,-3.5,True,shock,2,clear_buy,take1,2,0,2,12,0,12,0,1,hold,hold,-746044.0,mm_join_12,0.0,-746046.0,2.0,take_a1,,,
queue05,round1-day-1,-1,731800,-73,-73,short_60_plus,9993,10002,9,9997.5,9999.1875,-2.5,cheap,0.375,1.6875,buy_pressure,-10.5,True,shock,1,passive_one_sided_buy,one_sided_mm,0,0,0,15,0,15,0,0,hold,hold,-726048.0,mm_join_12,0.0,-726048.0,0.0,passive_inside_buy,,,
queue05,round1-day-1,-1,732100,-75,-75,short_60_plus,9997,10008,11,10002.5,9999.933333333332,2.5,rich,-0.4666666666666667,-2.5666666666675155,sell_pressure,1.0,False,steady,2,passive_two_sided,mm_inside,0,0,0,14,5,14,5,0,hold,hold,-746062.0,mm_join_12,0.0,-746062.0,0.0,,,,
queue05,round1-day-1,-1,734400,-76,-76,short_60_plus,9995,10005,10,10000.0,9996.538461538461,0.0,neutral,-0.6923076923076923,-3.4615384615390212,sell_pressure,2.0,False,steady,1,passive_one_sided_sell,one_sided_mm,0,0,0,0,4,0,4,0,hold,hold,-756069.0,mm_join_12,0.0,-756069.0,0.0,passive_inside_sell,,,
queue05,round1-day-1,-1,735000,-76,-71,short_60_plus,9989,9998,9,9993.5,9995.631578947368,-6.5,cheap,0.47368421052631576,2.1315789473683253,buy_pressure,-3.5,True,shock,3,clear_buy,take1,10,0,10,12,0,12,0,1,hold,hold,-756069.0,mm_join_12,0.0,-756069.0,0.0,take_a1,,,
queue05,round1-day-1,-1,735600,-71,-66,short_60_plus,9989,9999,10,9994.0,9996.5,-6.0,cheap,0.5,2.5,buy_pressure,-4.0,True,shock,2,clear_buy,take1,5,0,5,12,0,12,0,1,hold,hold,-706079.0,mm_join_12,0.0,-706084.0,5.0,take_a1,,,
queue05,round1-day-1,-1,736400,-61,-56,short_60_plus,9989,9998,9,9993.5,9995.35294117647,-6.5,cheap,0.4117647058823529,1.8529411764702672,buy_pressure,-2.0,True,shock,2,clear_buy,take1,5,0,5,12,0,12,0,1,hold,hold,-606154.0,mm_join_12,0.0,-606154.0,0.0,take_a1,,,
queue05,round1-day-1,-1,737500,-46,-46,short_40_59,9994,10005,11,9999.5,9995.833333333334,-0.5,neutral,-0.6666666666666666,-3.6666666666660603,sell_pressure,4.5,True,shock,1,passive_one_sided_sell,one_sided_mm,0,0,0,0,6,0,6,0,hold,hold,-456224.0,mm_join_12,0.0,-456224.0,0.0,passive_inside_sell,,,
queue05,round1-day-1,-1,741600,-52,-52,short_40_59,9994,10005,11,9999.5,9995.29411764706,-0.5,neutral,-0.7647058823529411,-4.2058823529405345,sell_pressure,2.5,False,steady,1,passive_one_sided_sell,one_sided_mm,0,0,0,0,9,0,9,0,hold,hold,-516248.0,mm_join_12,0.0,-516248.0,0.0,passive_inside_sell,,,
queue05,round1-day-1,-1,743400,-40,-40,short_40_59,9992,10005,13,9998.5,9993.695652173914,-1.5,neutral,-0.7391304347826086,-4.804347826086087,sell_pressure,11.5,True,shock,1,passive_one_sided_sell,one_sided_mm,0,0,0,0,12,0,12,0,hold,hold,-396356.0,mm_join_12,0.0,-396356.0,0.0,passive_inside_sell,,,
queue05,round1-day-1,-1,744200,-40,-40,short_40_59,9986,9995,9,9990.5,9992.42857142857,-9.5,cheap,0.42857142857142855,1.928571428570649,buy_pressure,-2.5,True,shock,1,passive_one_sided_buy,one_sided_mm,0,0,0,10,0,10,0,0,buy_take1_16,take1,-396356.0,hold,18.0,-396374.0,18.0,passive_inside_buy,,,
queue05,round1-day-1,-1,745300,-41,-41,short_40_59,9984,9994,10,9989.0,9991.058823529413,-11.0,cheap,0.4117647058823529,2.0588235294126207,buy_pressure,-3.0,True,shock,1,passive_one_sided_buy,one_sided_mm,0,0,0,10,0,10,0,0,buy_take1_16,take1,-406405.0,buy_take2_32,0.0,-406425.0,20.0,passive_inside_buy,,,
queue05,round1-day-1,-1,748600,-33,-33,short_20_39,9991,10004,13,9997.5,9991.962962962964,-2.5,cheap,-0.8518518518518519,-5.537037037036498,sell_pressure,4.0,True,shock,1,passive_one_sided_sell,one_sided_mm,0,0,0,0,9,0,9,0,hold,hold,-326521.0,mm_join_12,0.0,-326521.0,0.0,passive_inside_sell,,,
queue05,round1-day-1,-1,748900,-33,-33,short_20_39,9991,10004,13,9997.5,9992.3,-2.5,cheap,-0.8,-5.200000000000728,sell_pressure,3.5,True,shock,1,passive_one_sided_sell,one_sided_mm,0,0,0,0,9,0,9,0,hold,hold,-326521.0,mm_join_12,0.0,-326521.0,0.0,passive_inside_sell,,,
queue05,round1-day-1,-1,753700,-21,-21,short_20_39,9990,10001,11,9995.5,9992.444444444445,-4.5,cheap,-0.5555555555555556,-3.055555555554747,sell_pressure,-6.5,True,shock,1,passive_one_sided_sell,one_sided_mm,0,0,0,0,9,0,0,0,hold,hold,-206629.0,mm_join_12,0.0,-206629.0,0.0,passive_inside_sell,,,
queue05,round1-day-1,-1,753800,-21,-21,short_20_39,9990,10003,13,9996.5,9990.92857142857,-3.5,cheap,-0.8571428571428571,-5.571428571429351,sell_pressure,1.0,False,steady,1,passive_one_sided_sell,one_sided_mm,0,0,0,0,12,0,12,0,hold,hold,-206629.0,mm_join_12,0.0,-206629.0,0.0,passive_inside_sell,,,
queue05,round1-day-1,-1,753900,-21,-21,short_20_39,9990,10000,10,9995.0,9991.666666666666,-5.0,cheap,-0.6666666666666666,-3.3333333333339397,sell_pressure,-1.5,False,steady,1,passive_one_sided_sell,one_sided_mm,0,0,0,0,12,0,0,0,hold,hold,-206629.0,mm_join_12,0.0,-206629.0,0.0,passive_inside_sell,,,
queue05,round1-day-1,-1,755100,-21,-21,short_20_39,9989,10000,11,9994.5,9990.57142857143,-5.5,cheap,-0.7142857142857143,-3.928571428570649,sell_pressure,2.5,False,steady,1,passive_one_sided_sell,one_sided_mm,0,0,0,0,12,0,12,0,hold,hold,-206629.0,mm_join_12,0.0,-206629.0,0.0,passive_inside_sell,,,
queue05,round1-day-1,-1,756000,-21,-21,short_20_39,9985,9995,10,9990.0,9992.058823529413,-10.0,cheap,0.4117647058823529,2.0588235294126207,buy_pressure,-1.5,True,shock,1,passive_one_sided_buy,one_sided_mm,0,0,0,10,0,10,0,0,buy_take1_16,take1,-206629.0,hold,15.0,-206644.0,15.0,passive_inside_buy,,,
queue05,round1-day-1,-1,756700,-21,-21,short_20_39,9986,9995,9,9990.5,9993.2,-9.5,cheap,0.6,2.7000000000007276,buy_pressure,-3.5,True,shock,1,passive_one_sided_buy,one_sided_mm,0,0,0,10,0,10,0,0,buy_take1_16,take1,-206644.0,hold,9.0,-206653.0,9.0,passive_inside_buy,,,
queue05,round1-day-1,-1,756900,-21,-21,short_20_39,9991,10001,10,9996.0,9994.333333333334,-4.0,cheap,-0.3333333333333333,-1.6666666666660603,mixed_pressure,3.0,False,steady,1,passive_one_sided_sell,one_sided_mm,0,0,0,0,12,0,12,0,hold,hold,-206653.0,mm_join_12,0.0,-206653.0,0.0,passive_inside_sell,,,
queue05,round1-day-1,-1,757400,-21,-21,short_20_39,9991,10001,10,9996.0,9993.941176470587,-4.0,cheap,-0.4117647058823529,-2.0588235294126207,sell_pressure,3.0,False,steady,1,passive_one_sided_sell,one_sided_mm,0,0,0,0,12,0,12,0,hold,hold,-206653.0,mm_join_12,0.0,-206653.0,0.0,passive_inside_sell,,,
queue05,round1-day-1,-1,758400,-21,-21,short_20_39,9993,10002,9,9997.5,9994.75,-2.5,cheap,-0.6111111111111112,-2.75,sell_pressure,5.5,True,shock,1,passive_one_sided_sell,one_sided_mm,0,0,0,0,9,0,9,0,hold,hold,-206653.0,mm_join_12,0.0,-206653.0,0.0,passive_inside_sell,,,
queue05,round1-day-1,-1,758600,-21,-21,short_20_39,9984,9994,10,9989.0,9991.857142857143,-11.0,cheap,0.5714285714285714,2.857142857143117,buy_pressure,-2.0,True,shock,1,passive_one_sided_buy,one_sided_mm,0,0,0,10,0,10,0,0,buy_take1_16,take1,-206653.0,hold,12.0,-206665.0,12.0,passive_inside_buy,,,
queue05,round1-day-1,-1,758700,-21,-21,short_20_39,9990,10003,13,9996.5,9991.344827586207,-3.5,cheap,-0.7931034482758621,-5.15517241379348,sell_pressure,7.5,True,shock,1,passive_one_sided_sell,one_sided_mm,0,0,0,0,9,0,9,0,hold,hold,-206665.0,mm_join_12,0.0,-206665.0,0.0,passive_inside_sell,,,
queue05,round1-day-1,-1,762800,-28,-28,short_20_39,9997,10006,9,10001.5,9999.181818181818,1.5,neutral,-0.5151515151515151,-2.3181818181819835,sell_pressure,6.5,True,shock,1,passive_one_sided_sell,one_sided_mm,0,0,0,0,9,0,9,0,hold,hold,-276669.0,mm_join_12,0.0,-276669.0,0.0,passive_inside_sell,,,
queue05,round1-day-1,-1,763400,-28,-28,short_20_39,9988,9998,10,9993.0,9995.5,-7.0,cheap,0.5,2.5,buy_pressure,-4.0,True,shock,1,passive_one_sided_buy,one_sided_mm,0,0,0,10,0,10,0,0,hold,hold,-276669.0,mm_join_12,0.0,-276669.0,0.0,passive_inside_buy,,,
queue05,round1-day-1,-1,763800,-28,-28,short_20_39,9994,10004,10,9999.0,9996.307692307691,-1.0,neutral,-0.5384615384615384,-2.692307692308532,sell_pressure,-5.0,True,shock,1,passive_one_sided_sell,one_sided_mm,0,0,0,0,12,0,12,0,hold,hold,-276669.0,mm_join_12,0.0,-276669.0,0.0,passive_inside_sell,,,
queue05,round1-day-1,-1,764400,-28,-28,short_20_39,9988,9998,10,9993.0,9995.64705882353,-7.0,cheap,0.5294117647058824,2.6470588235297328,buy_pressure,-3.5,True,shock,1,passive_one_sided_buy,one_sided_mm,0,0,0,10,0,10,0,0,hold,hold,-276669.0,mm_join_12,0.0,-276669.0,0.0,passive_inside_buy,,,
queue05,round1-day-1,-1,765800,-28,-28,short_20_39,9994,10005,11,9999.5,9996.75,-0.5,neutral,-0.5,-2.75,sell_pressure,2.5,False,steady,1,passive_one_sided_sell,one_sided_mm,0,0,0,0,12,0,12,0,mm_inside_12,mm_inside,-276669.0,mm_inside_20,0.0,-276669.0,0.0,passive_inside_sell,,,
queue05,round1-day-1,-1,766000,-28,-28,short_20_39,9994,10004,10,9999.0,9996.222222222223,-1.0,neutral,-0.5555555555555556,-2.7777777777773736,sell_pressure,1.0,False,steady,1,passive_one_sided_sell,one_sided_mm,0,0,0,0,12,0,12,0,hold,hold,-276675.0,mm_join_12,0.0,-276675.0,0.0,passive_inside_sell,,,
queue05,round1-day-1,-1,768900,-21,-21,short_20_39,9993,10003,10,9998.0,10000.058823529413,-2.0,cheap,0.4117647058823529,2.0588235294126207,buy_pressure,-3.5,True,shock,1,passive_one_sided_sell,one_sided_mm,0,0,0,0,9,0,0,0,hold,hold,-206705.0,mm_join_12,0.0,-206705.0,0.0,passive_inside_sell,,,
queue05,round1-day-1,-1,775500,-17,-24,flat_19,10003,10012,9,10007.5,10005.333333333334,7.5,rich,-0.48148148148148145,-2.1666666666660603,sell_pressure,5.5,True,shock,2,take_sell,take1,0,7,7,0,9,0,9,1,sell_take1_16,take1,-166778.0,hold,35.0,-166778.0,0.0,take_b1,,,
queue05,round1-day-1,-1,775900,-24,-24,short_20_39,9994,10003,9,9998.5,10001.714285714286,-1.5,neutral,0.7142857142857143,3.214285714286234,buy_pressure,-3.5,True,shock,2,passive_two_sided,mm_inside,0,0,0,9,9,9,0,0,hold,hold,-236799.0,mm_join_12,0.0,-236799.0,0.0,,,,
queue05,round1-day-1,-1,777300,-26,-26,short_20_39,9999,10010,11,10004.5,10000.692307692309,4.5,rich,-0.6923076923076923,-3.807692307691468,sell_pressure,3.0,False,steady,1,passive_one_sided_sell,one_sided_mm,0,0,0,0,12,0,12,0,sell_take1_16,take1,-256817.0,hold,2.0,-256819.0,2.0,passive_inside_sell,,,
queue05,round1-day-1,-1,780100,-28,-28,short_20_39,9993,10002,9,9997.5,9999.882352941177,-2.5,cheap,0.5294117647058824,2.3823529411765776,buy_pressure,-2.5,False,steady,1,passive_one_sided_buy,one_sided_mm,0,0,0,13,0,13,0,0,hold,hold,-276861.0,mm_join_12,0.0,-276861.0,0.0,passive_inside_buy,,,
queue05,round1-day-1,-1,780600,-28,-28,short_20_39,9998,10011,13,10004.5,9998.962962962964,4.5,rich,-0.8518518518518519,-5.537037037036498,sell_pressure,-6.5,True,shock,1,passive_one_sided_sell,one_sided_mm,0,0,0,0,9,0,9,0,hold,hold,-276861.0,mm_join_12,0.0,-276861.0,0.0,passive_inside_sell,,,
queue05,round1-day-1,-1,781100,-28,-28,short_20_39,9998,10008,10,10003.0,9999.176470588236,3.0,rich,-0.7647058823529411,-3.823529411763957,sell_pressure,3.0,False,steady,1,passive_one_sided_sell,one_sided_mm,0,0,0,0,12,0,12,0,hold,hold,-276861.0,mm_join_12,0.0,-276861.0,0.0,passive_inside_sell,,,
queue05,round1-day-1,-1,782200,-37,-37,short_20_39,9990,10002,12,9996.0,10001.0,-4.0,cheap,0.8333333333333334,5.0,buy_pressure,-5.0,True,shock,1,passive_one_sided_buy,one_sided_mm,0,0,0,10,0,10,0,0,hold,hold,-366879.0,mm_join_12,0.0,-366879.0,0.0,passive_inside_buy,,,
queue05,round1-day-1,-1,784000,-37,-37,short_20_39,9998,10011,13,10004.5,9999.0,4.5,rich,-0.8461538461538461,-5.5,sell_pressure,3.5,True,shock,1,passive_one_sided_sell,one_sided_mm,0,0,0,0,9,0,9,0,hold,hold,-366879.0,mm_join_12,0.0,-366879.0,0.0,passive_inside_sell,,,
queue05,round1-day-1,-1,784900,-41,-41,short_40_59,9998,10008,10,10003.0,9999.666666666666,3.0,rich,-0.6666666666666666,-3.3333333333339397,sell_pressure,3.0,False,steady,1,passive_one_sided_sell,one_sided_mm,0,0,0,0,12,0,12,0,hold,hold,-406887.0,mm_join_12,0.0,-406887.0,0.0,passive_inside_sell,,,
queue05,round1-day-1,-1,787200,-41,-41,short_40_59,9992,10001,9,9996.5,9999.5,-3.5,cheap,0.6666666666666666,3.0,buy_pressure,-3.0,False,steady,1,passive_one_sided_buy,one_sided_mm,0,0,0,13,0,13,0,0,hold,hold,-406923.0,mm_join_12,0.0,-406923.0,0.0,passive_inside_buy,,,
queue05,round1-day-1,-1,787700,-41,-41,short_40_59,9992,10001,9,9996.5,9998.882352941177,-3.5,cheap,0.5294117647058824,2.3823529411765776,buy_pressure,-2.5,False,steady,1,passive_one_sided_buy,one_sided_mm,0,0,0,13,0,13,0,0,hold,hold,-406923.0,mm_join_12,0.0,-406923.0,0.0,passive_inside_buy,,,
queue05,round1-day-1,-1,788200,-39,-39,short_20_39,9998,10008,10,10003.0,10000.222222222223,3.0,rich,-0.5555555555555556,-2.7777777777773736,sell_pressure,3.0,False,steady,1,passive_one_sided_sell,one_sided_mm,0,0,0,0,12,0,12,0,hold,hold,-386937.0,mm_join_12,0.0,-386937.0,0.0,passive_inside_sell,,,
queue05,round1-day-1,-1,788900,-35,-35,short_20_39,9998,10009,11,10003.5,10001.4375,3.5,rich,-0.375,-2.0625,sell_pressure,2.0,False,steady,1,passive_one_sided_sell,one_sided_mm,0,0,0,0,12,0,12,0,hold,hold,-346945.0,mm_join_12,0.0,-346945.0,0.0,passive_inside_sell,,,
queue05,round1-day-1,-1,792400,-31,-31,short_20_39,9994,10005,11,9999.5,9995.833333333334,-0.5,neutral,-0.6666666666666666,-3.6666666666660603,sell_pressure,1.0,False,steady,1,passive_one_sided_sell,one_sided_mm,0,0,0,0,12,0,12,0,hold,hold,-306999.0,mm_join_12,0.0,-306999.0,0.0,passive_inside_sell,,,
queue05,round1-day-1,-1,796700,-24,-24,short_20_39,9988,9997,9,9992.5,9995.411764705883,-7.5,cheap,0.6470588235294118,2.911764705882888,buy_pressure,-3.5,True,shock,1,passive_one_sided_buy,one_sided_mm,0,0,0,10,0,10,0,0,buy_take1_16,take1,-237041.0,hold,3.0,-237044.0,3.0,passive_inside_buy,,,
queue05,round1-day-1,-1,797500,-25,-25,short_20_39,9984,9996,12,9990.0,9994.451612903225,-10.0,cheap,0.7419354838709677,4.451612903225396,buy_pressure,-5.5,True,shock,1,passive_one_sided_buy,one_sided_mm,0,0,0,10,0,10,0,0,buy_take1_16,take1,-247046.0,hold,8.0,-247054.0,8.0,passive_inside_buy,,,
queue05,round1-day-1,-1,799700,-24,-24,short_20_39,9993,10004,11,9998.5,9996.055555555555,-1.5,neutral,-0.4444444444444444,-2.444444444445253,sell_pressure,2.5,False,steady,1,passive_one_sided_sell,one_sided_mm,0,0,0,0,12,0,12,0,hold,hold,-237065.0,mm_join_12,0.0,-237065.0,0.0,passive_inside_sell,,,
queue05,round1-day-1,-1,804600,-21,-21,short_20_39,9992,10005,13,9998.5,9994.03125,-1.5,neutral,-0.6875,-4.46875,sell_pressure,3.5,True,shock,1,passive_one_sided_sell,one_sided_mm,0,0,0,0,9,0,9,0,hold,hold,-207104.0,mm_join_12,0.0,-207104.0,0.0,passive_inside_sell,,,
queue05,round1-day-1,-1,809500,6,6,flat_19,9987,9997,10,9992.0,9995.75,-8.0,cheap,0.75,3.75,buy_pressure,-3.0,True,shock,1,passive_one_sided_buy,one_sided_mm,0,0,0,10,0,10,0,0,buy_take1_16,take1,62657.0,hold,2.0,62655.0,2.0,passive_inside_buy,,,
queue05,round1-day-1,-1,812300,11,11,flat_19,9987,9996,9,9991.5,9994.615384615385,-8.5,cheap,0.6923076923076923,3.1153846153847553,buy_pressure,-2.5,True,shock,1,passive_one_sided_buy,one_sided_mm,0,0,0,10,0,10,0,0,buy_take1_16,take1,112620.0,hold,4.0,112616.0,4.0,passive_inside_buy,,,
queue05,round1-day-1,-1,814400,11,11,flat_19,9994,10004,10,9999.0,9996.142857142857,-1.0,neutral,-0.5714285714285714,-2.857142857143117,sell_pressure,3.0,False,steady,1,passive_one_sided_sell,one_sided_mm,0,0,0,0,12,0,12,0,hold,hold,112616.0,mm_join_12,0.0,112616.0,0.0,passive_inside_sell,,,
queue05,round1-day-1,-1,819900,22,22,long_20_39,9987,9996,9,9991.5,9994.8,-8.5,cheap,0.7333333333333333,3.2999999999992724,buy_pressure,-3.5,True,shock,1,passive_one_sided_buy,one_sided_mm,0,0,0,10,0,10,0,0,buy_take1_16,take1,222535.0,hold,4.0,222531.0,4.0,passive_inside_buy,,,
queue05,round1-day-1,-1,823900,10,10,flat_19,9986,9996,10,9991.0,9992.875,-9.0,cheap,0.375,1.875,buy_pressure,-4.0,True,shock,1,passive_one_sided_buy,one_sided_mm,0,0,0,10,0,10,0,0,buy_take1_16,take1,102540.0,hold,10.0,102530.0,10.0,passive_inside_buy,,,
queue05,round1-day-1,-1,824500,10,10,flat_19,9991,10002,11,9996.5,9993.2,-3.5,cheap,-0.6,-3.2999999999992724,sell_pressure,1.0,False,steady,1,passive_one_sided_sell,one_sided_mm,0,0,0,0,12,0,12,0,hold,hold,102530.0,mm_join_12,0.0,102530.0,0.0,passive_inside_sell,,,
queue05,round1-day-1,-1,828000,19,19,flat_19,9984,9993,9,9988.5,9991.714285714286,-11.5,cheap,0.7142857142857143,3.214285714286234,buy_pressure,-2.5,True,shock,1,passive_one_sided_buy,one_sided_mm,0,0,0,10,0,10,0,0,buy_take1_16,take1,192417.0,hold,10.0,192407.0,10.0,passive_inside_buy,,,
queue05,round1-day-1,-1,828500,19,19,flat_19,9989,9999,10,9994.0,9991.0,-6.0,cheap,-0.6,-3.0,sell_pressure,3.5,True,shock,1,passive_one_sided_sell,one_sided_mm,0,0,0,0,9,0,9,0,hold,hold,192407.0,mm_join_12,0.0,192407.0,0.0,passive_inside_sell,,,
queue05,round1-day-1,-1,830800,13,13,flat_19,9983,9993,10,9988.0,9991.57142857143,-12.0,cheap,0.7142857142857143,3.571428571429351,buy_pressure,-3.0,True,shock,1,passive_one_sided_buy,one_sided_mm,0,0,0,10,0,10,0,0,buy_take1_16,take1,132419.0,hold,10.0,132409.0,10.0,passive_inside_buy,,,
queue05,round1-day-1,-1,831100,13,13,flat_19,9988,10001,13,9994.5,9990.09677419355,-5.5,cheap,-0.6774193548387096,-4.403225806450791,sell_pressure,2.0,False,steady,1,passive_one_sided_sell,one_sided_mm,0,0,0,0,12,0,12,0,hold,hold,132409.0,mm_join_12,0.0,132409.0,0.0,passive_inside_sell,,,
queue05,round1-day-1,-1,832600,20,20,long_20_39,9994,10003,9,9998.5,9995.741935483871,-1.5,neutral,-0.6129032258064516,-2.7580645161287975,sell_pressure,6.5,True,shock,1,passive_one_sided_sell,one_sided_mm,0,0,0,0,9,0,9,0,hold,hold,202332.0,mm_join_12,0.0,202332.0,0.0,passive_inside_sell,,,
queue05,round1-day-1,-1,834000,20,20,long_20_39,9992,10003,11,9997.5,9993.833333333334,-2.5,cheap,-0.6666666666666666,-3.6666666666660603,sell_pressure,1.5,False,steady,1,passive_one_sided_sell,one_sided_mm,0,0,0,0,12,0,12,0,mm_inside_12,mm_inside,202332.0,mm_inside_20,0.0,202332.0,0.0,passive_inside_sell,,,
queue05,round1-day-1,-1,835400,18,18,flat_19,9987,9997,10,9992.0,9995.125,-8.0,cheap,0.625,3.125,buy_pressure,-3.0,True,shock,1,passive_one_sided_buy,one_sided_mm,0,0,0,10,0,10,0,0,buy_take1_16,take1,182314.0,hold,3.0,182311.0,3.0,passive_inside_buy,,,
queue05,round1-day-1,-1,836600,26,26,long_20_39,9987,9996,9,9991.5,9993.5,-8.5,cheap,0.4444444444444444,2.0,buy_pressure,4.5,True,shock,1,passive_one_sided_buy,one_sided_mm,0,0,0,10,0,10,0,0,buy_take1_16,take1,262255.0,hold,12.0,262243.0,12.0,passive_inside_buy,,,
queue05,round1-day-1,-1,839400,26,26,long_20_39,9995,10004,9,9999.5,9996.161290322581,-0.5,neutral,-0.7419354838709677,-3.338709677418592,sell_pressure,6.5,True,shock,1,passive_one_sided_sell,one_sided_mm,0,0,0,0,9,0,9,0,hold,hold,262243.0,mm_join_12,0.0,262243.0,0.0,passive_inside_sell,,,
queue05,round1-day-1,-1,839800,26,26,long_20_39,9986,9995,9,9990.5,9992.923076923076,-9.5,cheap,0.5384615384615384,2.4230769230762235,buy_pressure,-3.5,True,shock,1,passive_one_sided_buy,one_sided_mm,0,0,0,10,0,10,0,0,buy_take1_16,take1,262243.0,hold,12.0,262231.0,12.0,passive_inside_buy,,,
queue05,round1-day-1,-1,841900,26,26,long_20_39,9993,10004,11,9998.5,9994.375,-1.5,neutral,-0.75,-4.125,sell_pressure,2.5,False,steady,1,passive_one_sided_sell,one_sided_mm,0,0,0,0,12,0,12,0,hold,hold,262185.0,mm_join_12,0.0,262185.0,0.0,passive_inside_sell,,,
queue05,round1-day-1,-1,842800,24,24,long_20_39,9988,9998,10,9993.0,9996.333333333334,-7.0,cheap,0.6666666666666666,3.3333333333339397,buy_pressure,-3.0,True,shock,1,passive_one_sided_buy,one_sided_mm,0,0,0,10,0,10,0,0,buy_take1_16,take1,242179.0,hold,2.0,242177.0,2.0,passive_inside_buy,,,
queue05,round1-day-1,-1,843200,24,24,long_20_39,9994,10004,10,9999.0,9996.142857142857,-1.0,neutral,-0.5714285714285714,-2.857142857143117,sell_pressure,3.0,False,steady,1,passive_one_sided_sell,one_sided_mm,0,0,0,0,12,0,12,0,hold,hold,242177.0,mm_join_12,0.0,242177.0,0.0,passive_inside_sell,,,
queue05,round1-day-1,-1,845400,24,24,long_20_39,9994,10004,10,9999.0,9997.333333333334,-1.0,neutral,-0.3333333333333333,-1.6666666666660603,mixed_pressure,1.5,False,steady,1,passive_one_sided_sell,one_sided_mm,0,0,0,0,12,0,12,0,hold,hold,242177.0,mm_join_12,0.0,242177.0,0.0,passive_inside_sell,,,
queue05,round1-day-1,-1,846700,28,28,long_20_39,9999,10008,9,10003.5,10001.382352941177,3.5,rich,-0.47058823529411764,-2.1176470588234224,sell_pressure,5.0,True,shock,1,passive_one_sided_sell,one_sided_mm,0,0,0,0,9,0,9,0,hold,hold,282137.0,mm_join_12,0.0,282137.0,0.0,passive_inside_sell,,,
queue05,round1-day-1,-1,851100,28,28,long_20_39,9994,10005,11,9999.5,9996.75,-0.5,neutral,-0.5,-2.75,sell_pressure,1.5,False,steady,1,passive_one_sided_sell,one_sided_mm,0,0,0,0,12,0,12,0,hold,hold,282111.0,mm_join_12,0.0,282111.0,0.0,passive_inside_sell,,,
queue05,round1-day-1,-1,855800,56,56,long_40_59,9995,10006,11,10000.5,9998.235294117647,0.5,neutral,-0.4117647058823529,-2.264705882353155,sell_pressure,2.0,False,steady,2,passive_two_sided,mm_inside,0,0,0,9,14,0,14,0,hold,hold,561921.0,mm_join_12,0.0,561921.0,0.0,,,,
queue05,round1-day-1,-1,863800,58,58,long_40_59,9997,10007,10,10002.0,9998.764705882353,2.0,rich,-0.6470588235294118,-3.235294117646845,sell_pressure,3.0,False,steady,1,passive_one_sided_buy,one_sided_mm,0,0,0,9,0,0,0,0,hold,hold,581903.0,mm_join_12,0.0,581903.0,0.0,passive_inside_buy,,,
queue05,round1-day-1,-1,865100,55,55,long_40_59,9997,10007,10,10002.0,9999.105263157895,2.0,rich,-0.5789473684210527,-2.894736842104976,sell_pressure,-5.0,True,shock,1,passive_one_sided_buy,one_sided_mm,0,0,0,9,0,0,0,0,hold,hold,551882.0,mm_join_12,0.0,551882.0,0.0,passive_inside_buy,,,
queue05,round1-day-1,-1,866100,48,48,long_40_59,9989,9998,9,9993.5,9996.411764705883,-6.5,cheap,0.6470588235294118,2.911764705882888,buy_pressure,-8.0,True,shock,1,passive_one_sided_buy,one_sided_mm,0,0,0,7,0,7,0,0,buy_take1_16,take1,481877.0,hold,3.0,481874.0,3.0,passive_inside_buy,,,
queue05,round1-day-1,-1,867000,48,48,long_40_59,9994,10004,10,9999.0,9995.25,-1.0,neutral,-0.75,-3.75,sell_pressure,3.0,False,steady,1,passive_one_sided_sell,one_sided_mm,0,0,0,0,14,0,14,0,hold,hold,481874.0,mm_join_12,0.0,481874.0,0.0,passive_inside_sell,,,
queue05,round1-day-1,-1,873500,54,54,long_40_59,9998,10011,13,10004.5,9999.56,4.5,rich,-0.76,-4.940000000000509,sell_pressure,4.5,True,shock,1,passive_one_sided_sell,one_sided_mm,0,0,0,0,11,0,11,0,hold,hold,541840.0,mm_join_12,0.0,541840.0,0.0,passive_inside_sell,,,
queue05,round1-day-1,-1,874500,56,56,long_40_59,9989,10001,12,9995.0,9999.153846153846,-5.0,cheap,0.6923076923076923,4.153846153845734,buy_pressure,-6.5,True,shock,1,passive_one_sided_buy,one_sided_mm,0,0,0,6,0,6,0,0,hold,hold,561826.0,mm_join_12,0.0,561826.0,0.0,passive_inside_buy,,,
queue05,round1-day-1,-1,874800,56,56,long_40_59,9992,10001,9,9996.5,9998.42857142857,-3.5,cheap,0.42857142857142855,1.928571428570649,buy_pressure,-11.5,True,shock,1,passive_one_sided_buy,one_sided_mm,0,0,0,6,0,6,0,0,hold,hold,561826.0,mm_join_12,0.0,561826.0,0.0,passive_inside_buy,,,
queue05,round1-day-1,-1,876500,64,64,long_60_plus,9992,10002,10,9997.0,10000.333333333334,-3.0,cheap,0.6666666666666666,3.3333333333339397,buy_pressure,-4.5,True,shock,1,passive_one_sided_buy,one_sided_mm,0,0,0,6,0,6,0,0,hold,hold,641750.0,mm_join_12,0.0,641750.0,0.0,passive_inside_buy,,,
queue05,round1-day-1,-1,877300,64,60,long_60_plus,10000,10013,13,10006.5,10001.733333333334,6.5,rich,-0.7333333333333333,-4.766666666666424,sell_pressure,4.5,True,shock,2,clear_sell,take1,0,4,4,0,11,0,11,1,sell_take1_16,take1,641750.0,hold,4.0,641750.0,0.0,take_b1,,,
queue05,round1-day-1,-1,880500,60,60,long_60_plus,9995,10004,9,9999.5,10001.923076923076,-0.5,neutral,0.5384615384615384,2.4230769230762235,buy_pressure,-3.5,True,shock,1,passive_one_sided_buy,one_sided_mm,0,0,0,6,0,6,0,0,hold,hold,601750.0,mm_join_12,0.0,601750.0,0.0,passive_inside_buy,,,
queue05,round1-day-1,-1,882100,55,55,long_40_59,9994,10004,10,9999.0,10002.333333333334,-1.0,neutral,0.6666666666666666,3.3333333333339397,buy_pressure,-3.0,False,steady,1,passive_one_sided_buy,one_sided_mm,0,0,0,9,0,9,0,0,hold,hold,551695.0,mm_join_12,0.0,551695.0,0.0,passive_inside_buy,,,
queue05,round1-day-1,-1,883200,54,54,long_40_59,9994,10003,9,9998.5,10001.5,-1.5,neutral,0.6666666666666666,3.0,buy_pressure,-3.5,True,shock,1,passive_one_sided_buy,one_sided_mm,0,0,0,6,0,6,0,0,hold,hold,541686.0,mm_join_12,0.0,541686.0,0.0,passive_inside_buy,,,
queue05,round1-day-1,-1,885700,50,50,long_40_59,10000,10010,10,10005.0,10001.333333333334,5.0,rich,-0.7333333333333333,-3.6666666666660603,sell_pressure,4.0,True,shock,1,passive_one_sided_sell,one_sided_mm,0,0,0,0,11,0,11,0,sell_take1_16,take1,501650.0,hold,2.0,501648.0,2.0,passive_inside_sell,,,
queue05,round1-day-1,-1,886700,50,50,long_40_59,9999,10009,10,10004.0,10000.42857142857,4.0,rich,-0.7142857142857143,-3.571428571429351,sell_pressure,5.0,True,shock,1,passive_one_sided_sell,one_sided_mm,0,0,0,0,11,0,11,0,sell_take1_16,take1,501648.0,hold,2.0,501646.0,2.0,passive_inside_sell,,,
queue05,round1-day-1,-1,888400,55,55,long_40_59,9993,10003,10,9998.0,10000.142857142857,-2.0,cheap,0.42857142857142855,2.142857142856883,buy_pressure,-3.0,False,steady,1,passive_one_sided_buy,one_sided_mm,0,0,0,9,0,9,0,0,hold,hold,551612.0,mm_join_12,0.0,551612.0,0.0,passive_inside_buy,,,
queue05,round1-day-1,-1,890900,54,54,long_40_59,9993,10003,10,9998.0,10000.777777777777,-2.0,cheap,0.5555555555555556,2.7777777777773736,buy_pressure,-4.0,True,shock,1,passive_one_sided_buy,one_sided_mm,0,0,0,6,0,6,0,0,hold,hold,541603.0,mm_join_12,0.0,541603.0,0.0,passive_inside_buy,,,
queue05,round1-day-1,-1,891300,54,54,long_40_59,9993,10003,10,9998.0,10001.333333333334,-2.0,cheap,0.6666666666666666,3.3333333333339397,buy_pressure,-1.5,False,steady,1,passive_one_sided_buy,one_sided_mm,0,0,0,9,0,9,0,0,mm_inside_12,mm_inside,541603.0,mm_inside_20,0.0,541603.0,0.0,passive_inside_buy,,,
queue05,round1-day-1,-1,891600,54,54,long_40_59,9999,10010,11,10004.5,10000.833333333334,4.5,rich,-0.6666666666666666,-3.6666666666660603,sell_pressure,-5.5,True,shock,1,passive_one_sided_sell,one_sided_mm,0,0,0,0,11,0,11,0,sell_take1_16,take1,541595.0,hold,3.0,541592.0,3.0,passive_inside_sell,,,
queue05,round1-day-1,-1,897300,55,55,long_40_59,9997,10010,13,10003.5,9998.969696969696,3.5,rich,-0.696969696969697,-4.530303030303912,sell_pressure,3.5,True,shock,1,passive_one_sided_sell,one_sided_mm,0,0,0,0,11,0,11,0,hold,hold,551498.0,mm_join_12,0.0,551498.0,0.0,passive_inside_sell,,,
queue05,round1-day-1,-1,899000,48,48,long_40_59,9998,10011,13,10004.5,9999.04,4.5,rich,-0.84,-5.459999999999127,sell_pressure,4.5,True,shock,1,passive_one_sided_sell,one_sided_mm,0,0,0,0,11,0,11,0,sell_take1_16,take1,481444.0,hold,2.0,481442.0,2.0,passive_inside_sell,,,
queue05,round1-day-1,-1,899400,52,52,long_40_59,9998,10009,11,10003.5,10000.75,3.5,rich,-0.5,-2.75,sell_pressure,2.5,False,steady,1,passive_one_sided_sell,one_sided_mm,0,0,0,0,14,0,14,0,sell_take1_16,take1,521414.0,hold,2.0,521412.0,2.0,passive_inside_sell,,,
queue05,round1-day-1,-1,899800,50,50,long_40_59,9992,10002,10,9997.0,10000.333333333334,-3.0,cheap,0.6666666666666666,3.3333333333339397,buy_pressure,-3.0,False,steady,1,passive_one_sided_buy,one_sided_mm,0,0,0,9,0,9,0,0,hold,hold,501398.0,mm_join_12,0.0,501398.0,0.0,passive_inside_buy,,,
queue05,round1-day-1,-1,901900,56,56,long_40_59,9991,10000,9,9995.5,9998.615384615385,-4.5,cheap,0.6923076923076923,3.1153846153847553,buy_pressure,-0.5,False,steady,1,passive_one_sided_buy,one_sided_mm,0,0,0,6,0,6,0,0,hold,hold,561374.0,mm_join_12,0.0,561374.0,0.0,passive_inside_buy,,,
queue05,round1-day-1,-1,902000,56,56,long_40_59,9996,10006,10,10001.0,9997.666666666666,1.0,neutral,-0.6666666666666666,-3.3333333333339397,sell_pressure,5.5,True,shock,2,passive_two_sided,mm_inside,0,0,0,6,11,0,11,0,hold,hold,561374.0,mm_join_12,0.0,561374.0,0.0,,,,
queue05,round1-day-1,-1,903200,63,63,long_60_plus,9996,10007,11,10001.5,9999.666666666666,1.5,neutral,-0.3333333333333333,-1.8333333333339397,mixed_pressure,2.5,False,steady,2,passive_two_sided,mm_inside,0,0,0,9,14,0,14,0,hold,hold,631325.0,mm_join_12,0.0,631325.0,0.0,,,,
queue05,round1-day-1,-1,903300,63,63,long_60_plus,9991,10000,9,9995.5,9998.8,-4.5,cheap,0.7333333333333333,3.2999999999992724,buy_pressure,-6.0,True,shock,1,passive_one_sided_buy,one_sided_mm,0,0,0,6,0,6,0,0,hold,hold,631325.0,mm_join_12,0.0,631325.0,0.0,passive_inside_buy,,,
queue05,round1-day-1,-1,906900,62,62,long_60_plus,9996,10007,11,10001.5,9997.941176470587,1.5,neutral,-0.6470588235294118,-3.5588235294126207,sell_pressure,2.5,False,steady,2,passive_two_sided,mm_inside,0,0,0,9,14,0,14,0,sell_take1_16,take1,621297.0,hold,2.0,621295.0,2.0,,,,
queue05,round1-day-1,-1,909500,60,60,long_60_plus,9996,10009,13,10002.5,9998.5,2.5,rich,-0.6153846153846154,-4.0,sell_pressure,4.5,True,shock,1,passive_one_sided_sell,one_sided_mm,0,0,0,0,11,0,11,0,sell_take1_16,take1,601283.0,hold,1.0,601282.0,1.0,passive_inside_sell,,,
queue05,round1-day-1,-1,909800,60,54,long_60_plus,10000,10009,9,10004.5,10002.076923076924,4.5,rich,-0.5384615384615384,-2.4230769230762235,sell_pressure,5.5,True,shock,2,clear_sell,take1,0,6,6,0,11,0,11,1,sell_take1_16,take1,601282.0,hold,26.0,601282.0,0.0,take_b1,,,
queue05,round1-day-1,-1,910100,54,54,long_40_59,9991,10000,9,9995.5,9998.714285714286,-4.5,cheap,0.7142857142857143,3.214285714286234,buy_pressure,-3.5,True,shock,1,passive_one_sided_buy,one_sided_mm,0,0,0,6,0,6,0,0,hold,hold,541282.0,mm_join_12,0.0,541282.0,0.0,passive_inside_buy,,,
queue05,round1-day-1,-1,911500,57,57,long_40_59,9986,9998,12,9992.0,9996.285714285714,-8.0,cheap,0.7142857142857143,4.285714285713766,buy_pressure,-4.0,True,shock,2,passive_two_sided,mm_inside,0,0,0,6,11,6,0,0,hold,hold,571255.0,mm_join_12,0.0,571255.0,0.0,,,,
queue05,round1-day-1,-1,912300,57,57,long_40_59,9989,9999,10,9994.0,9995.875,-6.0,cheap,0.375,1.875,buy_pressure,-3.0,True,shock,2,passive_two_sided,mm_inside,0,0,0,6,11,6,0,0,hold,hold,571255.0,mm_join_12,0.0,571255.0,0.0,,,,
queue05,round1-day-1,-1,913700,62,62,long_60_plus,9992,10003,11,9997.5,9995.4375,-2.5,cheap,-0.375,-2.0625,sell_pressure,2.5,False,steady,2,passive_two_sided,mm_inside,0,0,0,9,14,0,14,0,hold,hold,621208.0,mm_join_12,0.0,621208.0,0.0,,,,
queue05,round1-day-1,-1,913800,62,62,long_60_plus,9987,9997,10,9992.0,9995.75,-8.0,cheap,0.75,3.75,buy_pressure,-5.5,True,shock,2,passive_two_sided,mm_inside,0,0,0,6,11,6,0,0,hold,hold,621208.0,mm_join_12,0.0,621208.0,0.0,,,,
queue05,round1-day-1,-1,917400,73,73,long_60_plus,9995,10006,11,10000.5,9997.357142857143,0.5,neutral,-0.5714285714285714,-3.142857142856883,sell_pressure,2.5,False,steady,2,passive_two_sided,mm_inside,0,0,0,7,14,0,14,0,sell_take1_16,take1,731046.0,hold,1.0,731045.0,1.0,,,,
queue05,round1-day-1,-1,918500,73,73,long_60_plus,9990,9999,9,9994.5,9996.0,-5.5,cheap,0.3333333333333333,1.5,mixed_pressure,-3.5,True,shock,2,passive_two_sided,mm_inside,0,0,0,6,11,6,0,0,hold,hold,731045.0,mm_join_12,0.0,731045.0,0.0,,,,
queue05,round1-day-1,-1,919200,71,71,long_60_plus,9989,9998,9,9993.5,9995.75,-6.5,cheap,0.5,2.25,buy_pressure,-3.5,True,shock,2,passive_two_sided,mm_inside,0,0,0,6,11,6,0,0,hold,hold,711037.0,mm_join_12,0.0,711037.0,0.0,,,,
queue05,round1-day-1,-1,919400,71,71,long_60_plus,9994,10005,11,9999.5,9997.666666666666,-0.5,neutral,-0.3333333333333333,-1.8333333333339397,mixed_pressure,2.5,False,steady,2,passive_two_sided,mm_inside,0,0,0,9,14,0,14,0,hold,hold,711037.0,mm_join_12,0.0,711037.0,0.0,,,,
queue05,round1-day-1,-1,922800,71,71,long_60_plus,9995,10005,10,10000.0,9997.777777777777,0.0,neutral,-0.4444444444444444,-2.2222222222226264,sell_pressure,3.5,True,shock,2,passive_two_sided,mm_inside,0,0,0,6,11,0,11,0,hold,hold,710971.0,mm_join_12,0.0,710971.0,0.0,,,,
queue05,round1-day-1,-1,923200,71,71,long_60_plus,9995,10006,11,10000.5,9998.666666666666,0.5,neutral,-0.3333333333333333,-1.8333333333339397,mixed_pressure,2.5,False,steady,2,passive_two_sided,mm_inside,0,0,0,9,14,0,14,0,hold,hold,710971.0,mm_join_12,0.0,710971.0,0.0,,,,
queue05,round1-day-1,-1,923500,71,71,long_60_plus,9989,9998,9,9993.5,9996.875,-6.5,cheap,0.75,3.375,buy_pressure,-3.5,True,shock,2,passive_two_sided,mm_inside,0,0,0,6,11,6,0,0,hold,hold,710971.0,mm_join_12,0.0,710971.0,0.0,,,,
queue05,round1-day-1,-1,923700,71,71,long_60_plus,9995,10008,13,10001.5,9995.962962962964,1.5,neutral,-0.8518518518518519,-5.537037037036498,sell_pressure,5.5,True,shock,2,passive_two_sided,mm_inside,0,0,0,6,11,0,11,0,hold,hold,710971.0,mm_join_12,0.0,710971.0,0.0,,,,
queue05,round1-day-1,-1,923900,71,71,long_60_plus,9989,9999,10,9994.0,9996.894736842105,-6.0,cheap,0.5789473684210527,2.894736842104976,buy_pressure,-2.5,True,shock,1,passive_one_sided_buy,one_sided_mm,0,0,0,6,0,6,0,0,hold,hold,710971.0,mm_join_12,0.0,710971.0,0.0,passive_inside_buy,,,
queue05,round1-day-1,-1,926600,72,72,long_60_plus,9987,9999,12,9993.0,9997.714285714286,-7.0,cheap,0.7857142857142857,4.714285714286234,buy_pressure,-4.0,True,shock,2,passive_two_sided,mm_inside,0,0,0,6,11,6,0,0,hold,hold,720959.0,mm_join_12,0.0,720959.0,0.0,,,,
queue05,round1-day-1,-1,926900,72,72,long_60_plus,9994,10005,11,9999.5,9995.692307692309,-0.5,neutral,-0.6923076923076923,-3.807692307691468,sell_pressure,-5.5,True,shock,2,passive_two_sided,mm_inside,0,0,0,8,14,0,14,0,hold,hold,720959.0,mm_join_12,0.0,720959.0,0.0,,,,
queue05,round1-day-1,-1,927400,72,72,long_60_plus,9993,10004,11,9998.5,9996.235294117647,-1.5,neutral,-0.4117647058823529,-2.264705882353155,sell_pressure,2.5,False,steady,2,passive_two_sided,mm_inside,0,0,0,8,14,0,14,0,hold,hold,720959.0,mm_join_12,0.0,720959.0,0.0,,,,
queue05,round1-day-1,-1,928600,72,72,long_60_plus,9995,10005,10,10000.0,9997.5,0.0,neutral,-0.5,-2.5,sell_pressure,3.0,False,steady,2,passive_two_sided,mm_inside,0,0,0,8,14,0,14,0,hold,hold,720959.0,mm_join_12,0.0,720959.0,0.0,,,,
queue05,round1-day-1,-1,929300,72,72,long_60_plus,9994,10005,11,9999.5,9995.833333333334,-0.5,neutral,-0.6666666666666666,-3.6666666666660603,sell_pressure,10.5,True,shock,2,passive_two_sided,mm_inside,0,0,0,8,14,0,14,0,hold,hold,720959.0,mm_join_12,0.0,720959.0,0.0,,,,
queue05,round1-day-1,-1,929700,72,72,long_60_plus,9994,10004,10,9999.0,9995.333333333334,-1.0,neutral,-0.7333333333333333,-3.6666666666660603,sell_pressure,2.0,False,steady,2,passive_two_sided,mm_inside,0,0,0,8,14,0,14,0,hold,hold,720959.0,mm_join_12,0.0,720959.0,0.0,,,,
queue05,round1-day-1,-1,931700,74,74,long_60_plus,9990,9999,9,9994.5,9997.615384615385,-5.5,cheap,0.6923076923076923,3.1153846153847553,buy_pressure,-3.5,True,shock,2,passive_two_sided,mm_inside,0,0,0,6,11,6,0,0,hold,hold,740933.0,mm_join_12,0.0,740933.0,0.0,,,,
queue05,round1-day-1,-1,935800,69,69,long_60_plus,9995,10006,11,10000.5,9996.29411764706,0.5,neutral,-0.7647058823529411,-4.2058823529405345,sell_pressure,2.5,False,steady,2,passive_two_sided,mm_inside,0,0,0,9,14,0,14,0,hold,hold,690908.0,mm_join_12,0.0,690908.0,0.0,,,,
queue05,round1-day-1,-1,936100,69,69,long_60_plus,9990,9999,9,9994.5,9997.3125,-5.5,cheap,0.625,2.8125,buy_pressure,-3.0,False,steady,2,passive_two_sided,mm_inside,0,0,0,9,14,9,0,0,hold,hold,690908.0,mm_join_12,0.0,690908.0,0.0,,,,
queue05,round1-day-1,-1,936700,76,76,long_60_plus,9987,9999,12,9993.0,9997.285714285714,-7.0,cheap,0.7142857142857143,4.285714285713766,buy_pressure,-12.0,True,shock,1,passive_one_sided_buy,one_sided_mm,0,0,0,4,0,4,0,0,hold,hold,760829.0,mm_join_12,0.0,760829.0,0.0,passive_inside_buy,,,
queue05,round1-day-1,-1,940700,77,77,long_60_plus,9997,10010,13,10003.5,9998.0,3.5,rich,-0.8461538461538461,-5.5,sell_pressure,4.5,True,shock,1,passive_one_sided_sell,one_sided_mm,0,0,0,0,11,0,11,0,hold,hold,770710.0,mm_join_12,0.0,770710.0,0.0,passive_inside_sell,,,
queue05,round1-day-1,-1,943000,80,80,long_60_plus,9993,10002,9,9997.5,9999.882352941177,-2.5,cheap,0.5294117647058824,2.3823529411765776,buy_pressure,-2.5,False,steady,0,hold,hold,0,0,0,0,0,0,0,0,hold,hold,800714.0,mm_join_12,0.0,800714.0,0.0,,,,
queue05,round1-day-1,-1,949100,74,70,long_60_plus,10001,10011,10,10006.0,10003.35294117647,6.0,rich,-0.5294117647058824,-2.6470588235297328,sell_pressure,3.0,True,shock,2,clear_sell,take1,0,4,4,0,11,0,11,1,sell_take1_16,take1,740698.0,hold,23.0,740698.0,0.0,take_b1,,,
queue05,round1-day-1,-1,949200,70,68,long_60_plus,10001,10012,11,10006.5,10002.833333333334,6.5,rich,-0.6666666666666666,-3.6666666666660603,sell_pressure,0.5,True,shock,2,clear_sell,take1,0,2,2,0,11,0,11,1,sell_take1_16,take1,700694.0,hold,10.0,700694.0,0.0,take_b1,,,
queue05,round1-day-1,-1,950800,68,66,long_60_plus,10001,10011,10,10006.0,10002.333333333334,6.0,rich,-0.7333333333333333,-3.6666666666660603,sell_pressure,4.0,True,shock,2,clear_sell,take1,0,2,2,0,11,0,11,1,sell_take1_16,take1,680692.0,hold,10.0,680692.0,0.0,take_b1,,,
queue05,round1-day-1,-1,952700,72,72,long_60_plus,9994,10004,10,9999.0,10001.5,-1.0,neutral,0.5,2.5,buy_pressure,-1.5,False,steady,2,passive_two_sided,mm_inside,0,0,0,8,14,8,14,0,hold,hold,720669.0,mm_join_12,0.0,720669.0,0.0,,,,
queue05,round1-day-1,-1,956400,78,78,long_60_plus,10000,10011,11,10005.5,10001.57142857143,5.5,rich,-0.7142857142857143,-3.928571428570649,sell_pressure,3.5,True,shock,1,passive_one_sided_sell,one_sided_mm,0,0,0,0,11,0,11,0,hold,hold,780552.0,mm_join_12,0.0,780552.0,0.0,passive_inside_sell,,,
queue05,round1-day-1,-1,960200,78,78,long_60_plus,9997,10007,10,10002.0,10005.235294117647,2.0,rich,0.6470588235294118,3.235294117646845,buy_pressure,-3.0,False,steady,1,passive_one_sided_buy,one_sided_mm,0,0,0,2,0,2,0,0,hold,hold,780552.0,mm_join_12,0.0,780552.0,0.0,passive_inside_buy,,,
queue05,round1-day-1,-1,961500,78,78,long_60_plus,9999,10008,9,10003.5,10005.75,3.5,rich,0.5,2.25,buy_pressure,-1.5,False,steady,2,passive_two_sided,mm_inside,0,0,0,2,14,0,14,0,hold,hold,780552.0,mm_join_12,0.0,780552.0,0.0,,,,
queue05,round1-day-1,-1,963600,76,72,long_60_plus,10003,10016,13,10009.5,10005.08,9.5,rich,-0.68,-4.420000000000073,sell_pressure,4.5,True,shock,2,clear_sell,take1,0,4,4,0,11,0,11,1,sell_take1_16,take1,760524.0,hold,4.0,760524.0,0.0,take_b1,,,
queue05,round1-day-1,-1,964700,65,62,long_60_plus,10002,10013,11,10007.5,10004.2,7.5,rich,-0.6,-3.2999999999992724,sell_pressure,3.5,True,shock,2,clear_sell,take1,0,3,3,0,11,0,11,1,hold,hold,650470.0,mm_join_12,0.0,650470.0,0.0,take_b1,,,
queue05,round1-day-1,-1,966900,62,62,long_60_plus,9995,10005,10,10000.0,10003.125,0.0,neutral,0.625,3.125,buy_pressure,-4.0,True,shock,1,passive_one_sided_buy,one_sided_mm,0,0,0,6,0,6,0,0,hold,hold,620464.0,mm_join_12,0.0,620464.0,0.0,passive_inside_buy,,,
queue05,round1-day-1,-1,967500,62,62,long_60_plus,9993,10005,12,9999.0,10003.153846153846,-1.0,neutral,0.6923076923076923,4.153846153845734,buy_pressure,4.0,True,shock,2,passive_two_sided,mm_inside,0,0,0,9,14,9,14,0,hold,hold,620464.0,mm_join_12,0.0,620464.0,0.0,,,,
queue05,round1-day-1,-1,969700,69,69,long_60_plus,10000,10011,11,10005.5,10002.75,5.5,rich,-0.5,-2.75,sell_pressure,2.5,False,steady,1,passive_one_sided_sell,one_sided_mm,0,0,0,0,14,0,14,0,hold,hold,690433.0,mm_join_12,0.0,690433.0,0.0,passive_inside_sell,,,
queue05,round1-day-1,-1,970500,69,69,long_60_plus,10000,10011,11,10005.5,10001.941176470587,5.5,rich,-0.6470588235294118,-3.5588235294126207,sell_pressure,3.0,False,steady,1,passive_one_sided_sell,one_sided_mm,0,0,0,0,14,0,14,0,hold,hold,690433.0,mm_join_12,0.0,690433.0,0.0,passive_inside_sell,,,
queue05,round1-day-1,-1,971700,69,69,long_60_plus,9994,10004,10,9999.0,10001.857142857143,-1.0,neutral,0.5714285714285714,2.857142857143117,buy_pressure,-4.0,True,shock,1,passive_one_sided_buy,one_sided_mm,0,0,0,6,0,6,0,0,hold,hold,690433.0,mm_join_12,0.0,690433.0,0.0,passive_inside_buy,,,
queue05,round1-day-1,-1,973000,64,64,long_60_plus,9994,10004,10,9999.0,10002.57142857143,-1.0,neutral,0.7142857142857143,3.571428571429351,buy_pressure,-11.0,True,shock,2,passive_two_sided,mm_inside,0,0,0,9,14,9,14,0,hold,hold,640418.0,mm_join_12,0.0,640418.0,0.0,,,,
queue05,round1-day-1,-1,974800,65,65,long_60_plus,9993,10002,9,9997.5,9999.35294117647,-2.5,cheap,0.4117647058823529,1.8529411764702672,buy_pressure,-2.0,False,steady,1,passive_one_sided_buy,one_sided_mm,0,0,0,9,0,9,0,0,hold,hold,650413.0,mm_join_12,0.0,650413.0,0.0,passive_inside_buy,,,
queue05,round1-day-1,-1,974900,65,65,long_60_plus,9993,10002,9,9997.5,9999.35294117647,-2.5,cheap,0.4117647058823529,1.8529411764702672,buy_pressure,0.0,False,steady,1,passive_one_sided_buy,one_sided_mm,0,0,0,9,0,9,0,0,hold,hold,650413.0,mm_join_12,0.0,650413.0,0.0,passive_inside_buy,,,
queue05,round1-day-1,-1,976000,65,65,long_60_plus,9993,10003,10,9998.0,10000.333333333334,-2.0,cheap,0.4666666666666667,2.3333333333339397,buy_pressure,-5.0,True,shock,1,passive_one_sided_buy,one_sided_mm,0,0,0,6,0,6,0,0,hold,hold,650413.0,mm_join_12,0.0,650413.0,0.0,passive_inside_buy,,,
queue05,round1-day-1,-1,978100,65,65,long_60_plus,9991,10003,12,9997.0,10002.172413793103,-3.0,cheap,0.8620689655172413,5.17241379310326,buy_pressure,-5.0,True,shock,1,passive_one_sided_buy,one_sided_mm,0,0,0,6,0,6,0,0,hold,hold,650413.0,mm_join_12,0.0,650413.0,0.0,passive_inside_buy,,,
queue05,round1-day-1,-1,980800,65,65,long_60_plus,9996,10006,10,10001.0,10003.894736842105,1.0,neutral,0.5789473684210527,2.894736842104976,buy_pressure,-1.5,False,steady,1,passive_one_sided_buy,one_sided_mm,0,0,0,9,0,9,0,0,hold,hold,650413.0,mm_join_12,0.0,650413.0,0.0,passive_inside_buy,,,
queue05,round1-day-1,-1,981900,65,61,long_60_plus,10003,10014,11,10008.5,10005.588235294117,8.5,rich,-0.5294117647058824,-2.911764705882888,sell_pressure,2.5,True,shock,2,clear_sell,take1,0,4,4,0,11,0,11,1,sell_take1_16,take1,650413.0,hold,4.0,650413.0,0.0,take_b1,,,
queue05,round1-day-1,-1,983000,61,61,long_60_plus,9997,10006,9,10001.5,10004.941176470587,1.5,neutral,0.7647058823529411,3.4411764705873793,buy_pressure,-3.5,True,shock,2,passive_two_sided,mm_inside,0,0,0,6,11,6,11,0,hold,hold,610401.0,mm_join_12,0.0,610401.0,0.0,,,,
queue05,round1-day-1,-1,983700,61,61,long_60_plus,9996,10006,10,10001.0,10004.823529411764,1.0,neutral,0.7647058823529411,3.823529411763957,buy_pressure,-1.5,False,steady,1,passive_one_sided_buy,one_sided_mm,0,0,0,9,0,9,0,0,hold,hold,610401.0,mm_join_12,0.0,610401.0,0.0,passive_inside_buy,,,
queue05,round1-day-1,-1,984100,57,48,long_40_59,10006,10015,9,10010.5,10008.7,10.5,rich,-0.4,-1.7999999999992724,sell_pressure,6.5,True,shock,3,clear_sell,take1,0,18,18,0,11,0,11,1,sell_take1_16,take1,570357.0,hold,40.0,570357.0,0.0,take_b1,,,
queue05,round1-day-1,-1,984300,49,49,long_40_59,9996,10006,10,10001.0,10004.125,1.0,neutral,0.625,3.125,buy_pressure,-3.0,False,steady,1,passive_one_sided_buy,one_sided_mm,0,0,0,9,0,9,0,0,hold,hold,490300.0,mm_join_12,0.0,490300.0,0.0,passive_inside_buy,,,
queue05,round1-day-1,-1,989500,49,49,long_40_59,10000,10010,10,10005.0,10001.176470588236,5.0,rich,-0.7647058823529411,-3.823529411763957,sell_pressure,2.0,False,steady,1,passive_one_sided_sell,one_sided_mm,0,0,0,0,14,0,14,0,hold,hold,490249.0,mm_join_12,0.0,490249.0,0.0,passive_inside_sell,,,
queue05,round1-day-1,-1,995700,57,57,long_40_59,9994,10004,10,9999.0,10002.461538461539,-1.0,neutral,0.6923076923076923,3.4615384615390212,buy_pressure,-3.0,False,steady,1,passive_one_sided_buy,one_sided_mm,0,0,0,9,0,9,0,0,hold,hold,570170.0,mm_join_12,0.0,570170.0,0.0,passive_inside_buy,,,
queue05,round1-day-1,-1,998000,59,59,long_40_59,9992,10004,12,9998.0,10002.125,-2.0,cheap,0.6875,4.125,buy_pressure,-3.5,True,shock,1,passive_one_sided_buy,one_sided_mm,0,0,0,6,0,6,0,0,hold,hold,590118.0,mm_join_12,0.0,590118.0,0.0,passive_inside_buy,,,
queue05,round1-day-1,-1,998100,59,54,long_40_59,10000,10010,10,10005.0,10003.333333333334,5.0,rich,-0.3333333333333333,-1.6666666666660603,mixed_pressure,7.0,True,shock,2,clear_sell,take1,0,5,5,6,0,0,0,1,hold,hold,590118.0,mm_join_12,0.0,590108.0,10.0,take_b1,,,
queue05,round1-day-2,-2,1700,11,11,flat_19,9999,10010,11,10004.5,10001.2,4.5,rich,-0.6,-3.2999999999992724,sell_pressure,10.5,True,shock,1,passive_one_sided_sell,one_sided_mm,0,0,0,0,9,0,9,0,hold,hold,124017.5,mm_join_12,0.0,124017.5,0.0,passive_inside_sell,,,
queue05,round1-day-2,-2,2300,11,11,flat_19,10000,10011,11,10005.5,10003.4375,5.5,rich,-0.375,-2.0625,sell_pressure,3.5,True,shock,1,passive_one_sided_sell,one_sided_mm,0,0,0,0,9,0,9,0,hold,hold,124017.5,mm_join_12,0.0,124017.5,0.0,passive_inside_sell,,,
queue05,round1-day-2,-2,4800,7,7,flat_19,9995,10007,12,10001.0,10005.666666666666,1.0,neutral,0.7777777777777778,4.66666666666606,buy_pressure,-12.0,True,shock,1,passive_one_sided_buy,one_sided_mm,0,0,0,12,0,12,0,0,hold,hold,83977.5,mm_join_12,0.0,83977.5,0.0,passive_inside_buy,,,
queue05,round1-day-2,-2,5300,7,7,flat_19,10002,10012,10,10007.0,10004.105263157895,7.0,rich,-0.5789473684210527,-2.894736842104976,sell_pressure,3.5,True,shock,1,passive_one_sided_sell,one_sided_mm,0,0,0,0,9,0,9,0,hold,hold,83977.5,mm_join_12,0.0,83977.5,0.0,passive_inside_sell,,,
queue05,round1-day-2,-2,5800,7,7,flat_19,10001,10012,11,10006.5,10003.75,6.5,rich,-0.5,-2.75,sell_pressure,2.5,True,shock,1,passive_one_sided_sell,one_sided_mm,0,0,0,0,9,0,9,0,hold,hold,83977.5,mm_join_12,0.0,83977.5,0.0,passive_inside_sell,,,
queue05,round1-day-2,-2,6000,7,7,flat_19,9996,10006,10,10001.0,10004.333333333334,1.0,neutral,0.6666666666666666,3.3333333333339397,buy_pressure,-4.5,True,shock,1,passive_one_sided_buy,one_sided_mm,0,0,0,9,0,9,0,0,hold,hold,83977.5,mm_join_12,0.0,83977.5,0.0,passive_inside_buy,,,
queue05,round1-day-2,-2,7800,3,3,flat_19,10002,10015,13,10008.5,10004.08,8.5,rich,-0.68,-4.420000000000073,sell_pressure,5.0,True,shock,1,passive_one_sided_sell,one_sided_mm,0,0,0,0,9,0,9,0,hold,hold,43929.5,mm_join_12,0.0,43929.5,0.0,passive_inside_sell,,,
queue05,round1-day-2,-2,8900,-3,-3,flat_19,10003,10013,10,10008.0,10004.42857142857,8.0,rich,-0.7142857142857143,-3.571428571429351,sell_pressure,3.0,True,shock,1,passive_one_sided_sell,one_sided_mm,0,0,0,0,9,0,9,0,hold,hold,-16106.5,mm_join_12,0.0,-16106.5,0.0,passive_inside_sell,,,
queue05,round1-day-2,-2,10400,-3,-3,flat_19,10007,10017,10,10012.0,10010.333333333334,12.0,rich,-0.3333333333333333,-1.6666666666660603,mixed_pressure,3.0,True,shock,1,passive_one_sided_buy,one_sided_mm,0,0,0,9,0,0,0,0,sell_take1_16,take1,-16106.5,hold,15.0,-16121.5,15.0,passive_inside_buy,,,
queue05,round1-day-2,-2,11600,-3,-3,flat_19,10006,10017,11,10011.5,10009.235294117647,11.5,rich,-0.4117647058823529,-2.264705882353155,sell_pressure,1.5,True,shock,1,passive_one_sided_sell,one_sided_mm,0,0,0,0,9,0,9,0,sell_take1_16,take1,-16121.5,sell_take2_32,0.0,-16131.5,10.0,passive_inside_sell,,,
queue05,round1-day-2,-2,12400,-3,-3,flat_19,10006,10016,10,10011.0,10007.176470588236,11.0,rich,-0.7647058823529411,-3.823529411763957,sell_pressure,3.0,True,shock,1,passive_one_sided_sell,one_sided_mm,0,0,0,0,9,0,9,0,sell_take1_16,take1,-16131.5,hold,6.0,-16137.5,6.0,passive_inside_sell,,,
queue05,round1-day-2,-2,13100,-3,-3,flat_19,10006,10017,11,10011.5,10007.833333333334,11.5,rich,-0.6666666666666666,-3.6666666666660603,sell_pressure,2.5,True,shock,1,passive_one_sided_sell,one_sided_mm,0,0,0,0,9,0,9,0,sell_take1_16,take1,-16137.5,sell_take2_32,0.0,-16143.5,6.0,passive_inside_sell,,,
queue05,round1-day-2,-2,21400,-9,-9,flat_19,9996,10008,12,10002.0,10006.95652173913,2.0,rich,0.8260869565217391,4.956521739130039,buy_pressure,-6.0,True,shock,1,passive_one_sided_buy,one_sided_mm,0,0,0,9,0,9,0,0,hold,hold,-76311.5,mm_join_12,0.0,-76311.5,0.0,passive_inside_buy,,,
queue05,round1-day-2,-2,23000,-9,-9,flat_19,10004,10014,10,10009.0,10006.777777777777,9.0,rich,-0.4444444444444444,-2.2222222222226264,sell_pressure,3.0,True,shock,1,passive_one_sided_sell,one_sided_mm,0,0,0,0,9,0,9,0,sell_take1_16,take1,-76311.5,hold,1.0,-76312.5,1.0,passive_inside_sell,,,
queue05,round1-day-2,-2,28400,-16,-16,flat_19,10001,10011,10,10006.0,10002.538461538461,6.0,rich,-0.6923076923076923,-3.4615384615390212,sell_pressure,3.0,True,shock,1,passive_one_sided_sell,one_sided_mm,0,0,0,0,9,0,9,0,hold,hold,-146380.5,mm_join_12,0.0,-146380.5,0.0,passive_inside_sell,,,
queue05,round1-day-2,-2,28700,-16,-17,flat_19,10000,10011,11,10005.5,10003.142857142857,5.5,rich,-0.42857142857142855,-2.357142857143117,sell_pressure,-5.5,True,shock,1,passive_one_sided_sell,one_sided_mm,0,0,0,0,9,0,9,0,hold,hold,-146380.5,mm_join_12,0.0,-146380.5,0.0,passive_inside_sell,,,
queue05,round1-day-2,-2,33300,-49,-49,short_40_59,10003,10013,10,10008.0,10004.666666666666,8.0,rich,-0.6666666666666666,-3.3333333333339397,sell_pressure,3.0,True,shock,2,passive_two_sided,mm_inside,0,0,0,11,6,0,6,0,hold,hold,-476621.5,mm_join_12,0.0,-476621.5,0.0,,,,
queue05,round1-day-2,-2,33400,-49,-49,short_40_59,10003,10013,10,10008.0,10004.333333333334,8.0,rich,-0.7333333333333333,-3.6666666666660603,sell_pressure,0.0,True,shock,2,passive_two_sided,mm_inside,0,0,0,11,6,0,6,0,hold,hold,-476621.5,mm_join_12,0.0,-476621.5,0.0,,,,
queue05,round1-day-2,-2,35600,-49,-49,short_40_59,9997,10006,9,10001.5,10003.923076923076,1.5,neutral,0.5384615384615384,2.4230769230762235,buy_pressure,7.5,True,shock,2,passive_two_sided,mm_inside,0,0,0,14,9,14,0,0,hold,hold,-476621.5,mm_join_12,0.0,-476621.5,0.0,,,,
queue05,round1-day-2,-2,37400,-61,-61,short_60_plus,10002,10013,11,10007.5,10004.75,7.5,rich,-0.5,-2.75,sell_pressure,3.5,True,shock,1,passive_one_sided_sell,one_sided_mm,0,0,0,0,6,0,6,0,hold,hold,-596742.5,mm_join_12,0.0,-596742.5,0.0,passive_inside_sell,,,
queue05,round1-day-2,-2,38300,-61,-61,short_60_plus,9996,10006,10,10001.0,10003.222222222223,1.0,neutral,0.4444444444444444,2.2222222222226264,buy_pressure,-12.0,True,shock,2,passive_two_sided,mm_inside,0,0,0,14,9,14,0,0,hold,hold,-596742.5,mm_join_12,0.0,-596742.5,0.0,,,,
queue05,round1-day-2,-2,39600,-61,-61,short_60_plus,10002,10013,11,10007.5,10004.75,7.5,rich,-0.5,-2.75,sell_pressure,2.5,True,shock,1,passive_one_sided_sell,one_sided_mm,0,0,0,0,6,0,6,0,hold,hold,-596742.5,mm_join_12,0.0,-596742.5,0.0,passive_inside_sell,,,
queue05,round1-day-2,-2,40300,-61,-61,short_60_plus,10003,10013,10,10008.0,10005.142857142857,8.0,rich,-0.5714285714285714,-2.857142857143117,sell_pressure,2.0,True,shock,2,passive_two_sided,mm_inside,0,0,0,11,6,0,6,0,hold,hold,-596742.5,mm_join_12,0.0,-596742.5,0.0,,,,
queue05,round1-day-2,-2,41100,-54,-54,short_40_59,10002,10012,10,10007.0,10004.222222222223,7.0,rich,-0.5555555555555556,-2.7777777777773736,sell_pressure,7.5,True,shock,2,passive_two_sided,mm_inside,0,0,0,11,6,0,6,0,hold,hold,-526732.5,mm_join_12,0.0,-526732.5,0.0,,,,
queue05,round1-day-2,-2,42000,-57,-57,short_40_59,9996,10006,10,10001.0,10003.333333333334,1.0,neutral,0.4666666666666667,2.3333333333339397,buy_pressure,-3.0,False,steady,2,passive_two_sided,mm_inside,0,0,0,14,9,14,0,0,hold,hold,-556772.5,mm_join_12,0.0,-556772.5,0.0,,,,
queue05,round1-day-2,-2,42100,-57,-57,short_40_59,10002,10015,13,10008.5,10004.6,8.5,rich,-0.6,-3.899999999999636,sell_pressure,7.5,True,shock,1,passive_one_sided_sell,one_sided_mm,0,0,0,0,6,0,6,0,hold,hold,-556772.5,mm_join_12,0.0,-556772.5,0.0,passive_inside_sell,,,
queue05,round1-day-2,-2,42500,-57,-57,short_40_59,9994,10006,12,10000.0,10003.777777777777,0.0,neutral,0.6296296296296297,3.7777777777773736,buy_pressure,-4.0,True,shock,2,passive_two_sided,mm_inside,0,0,0,11,6,11,0,0,hold,hold,-556772.5,mm_join_12,0.0,-556772.5,0.0,,,,
queue05,round1-day-2,-2,45000,-50,-50,short_40_59,9995,10004,9,9999.5,10001.0,-0.5,neutral,0.3333333333333333,1.5,mixed_pressure,-11.5,True,shock,2,passive_two_sided,mm_inside,0,0,0,14,9,14,0,0,buy_take1_16,take1,-486777.5,hold,5.0,-486782.5,5.0,,,,
queue05,round1-day-2,-2,46100,-52,-62,short_40_59,10005,10014,9,10009.5,10007.727272727272,9.5,rich,-0.3939393939393939,-1.7727272727279342,sell_pressure,4.0,True,shock,2,take_sell,take1,0,10,10,0,6,0,6,1,hold,hold,-506802.5,mm_join_12,0.0,-506823.5,21.0,take_b1,,,
queue05,round1-day-2,-2,46700,-62,-62,short_60_plus,9994,10006,12,10000.0,10005.172413793103,0.0,neutral,0.8620689655172413,5.17241379310326,buy_pressure,-5.0,True,shock,2,passive_two_sided,mm_inside,0,0,0,11,6,11,0,0,hold,hold,-606873.5,mm_join_12,0.0,-606873.5,0.0,,,,
queue05,round1-day-2,-2,49500,-67,-67,short_60_plus,9998,10007,9,10002.5,10005.2,2.5,rich,0.6,2.7000000000007276,buy_pressure,-2.5,False,steady,2,passive_two_sided,mm_inside,0,0,0,14,9,14,0,0,buy_take1_16,take1,-656938.5,hold,10.0,-656948.5,10.0,,,,
queue05,round1-day-2,-2,50500,-70,-70,short_60_plus,10005,10018,13,10011.5,10005.92857142857,11.5,rich,-0.8571428571428571,-5.571428571429351,sell_pressure,4.5,True,shock,1,passive_one_sided_sell,one_sided_mm,0,0,0,0,6,0,6,0,sell_take1_16,take1,-686989.5,hold,8.0,-686997.5,8.0,passive_inside_sell,,,
queue05,round1-day-2,-2,51100,-72,-72,short_60_plus,10005,10018,13,10011.5,10006.857142857143,11.5,rich,-0.7142857142857143,-4.642857142856883,sell_pressure,4.5,True,shock,1,passive_one_sided_sell,one_sided_mm,0,0,0,0,6,0,6,0,hold,hold,-707025.5,mm_join_12,0.0,-707025.5,0.0,passive_inside_sell,,,
queue05,round1-day-2,-2,55200,-75,-75,short_60_plus,10005,10018,13,10011.5,10006.695652173914,11.5,rich,-0.7391304347826086,-4.804347826086087,sell_pressure,4.5,True,shock,2,passive_two_sided,mm_inside,0,0,0,11,5,0,5,0,hold,hold,-737107.5,mm_join_12,0.0,-737107.5,0.0,,,,
queue05,round1-day-2,-2,56500,-78,-78,short_60_plus,10002,10013,11,10007.5,10005.142857142857,7.5,rich,-0.42857142857142855,-2.357142857143117,sell_pressure,2.5,True,shock,2,passive_two_sided,mm_inside,0,0,0,11,2,0,2,0,hold,hold,-767143.5,mm_join_12,0.0,-767143.5,0.0,,,,
queue05,round1-day-2,-2,58300,-75,-75,short_60_plus,9997,10006,9,10001.5,10003.42857142857,1.5,neutral,0.42857142857142855,1.928571428570649,buy_pressure,4.5,True,shock,2,passive_two_sided,mm_inside,0,0,0,14,5,14,0,0,hold,hold,-737146.5,mm_join_12,0.0,-737146.5,0.0,,,,
queue05,round1-day-2,-2,58500,-75,-75,short_60_plus,9994,10006,12,10000.0,10004.5,0.0,neutral,0.75,4.5,buy_pressure,-5.0,True,shock,2,passive_two_sided,mm_inside,0,0,0,11,5,11,0,0,hold,hold,-737146.5,mm_join_12,0.0,-737146.5,0.0,,,,
queue05,round1-day-2,-2,62400,-75,-75,short_60_plus,9999,10009,10,10004.0,10001.35294117647,4.0,rich,-0.5294117647058824,-2.6470588235297328,sell_pressure,3.0,False,steady,1,passive_one_sided_sell,one_sided_mm,0,0,0,0,5,0,5,0,hold,hold,-737146.5,mm_join_12,0.0,-737146.5,0.0,passive_inside_sell,,,
queue05,round1-day-2,-2,63200,-68,-68,short_60_plus,9993,10003,10,9998.0,10001.235294117647,-2.0,cheap,0.6470588235294118,3.235294117646845,buy_pressure,4.0,True,shock,1,passive_one_sided_sell,one_sided_mm,0,0,0,0,9,0,0,0,hold,hold,-667153.5,mm_join_12,0.0,-667153.5,0.0,passive_inside_sell,,,
queue05,round1-day-2,-2,63500,-68,-68,short_60_plus,9991,10003,12,9997.0,10001.153846153846,-3.0,cheap,0.6923076923076923,4.153846153845734,buy_pressure,-6.0,True,shock,1,passive_one_sided_buy,one_sided_mm,0,0,0,12,0,12,0,0,hold,hold,-667153.5,mm_join_12,0.0,-667153.5,0.0,passive_inside_buy,,,
queue05,round1-day-2,-2,64200,-68,-68,short_60_plus,9993,10003,10,9998.0,10000.368421052632,-2.0,cheap,0.47368421052631576,2.3684210526316747,buy_pressure,-3.0,False,steady,1,passive_one_sided_sell,one_sided_mm,0,0,0,0,9,0,0,0,hold,hold,-667153.5,mm_join_12,0.0,-667153.5,0.0,passive_inside_sell,,,
queue05,round1-day-2,-2,65100,-68,-68,short_60_plus,9997,10008,11,10002.5,9999.315789473685,2.5,rich,-0.5789473684210527,-3.184210526314928,sell_pressure,2.5,False,steady,2,passive_two_sided,mm_inside,0,0,0,14,9,14,9,0,hold,hold,-667153.5,mm_join_12,0.0,-667153.5,0.0,,,,
queue05,round1-day-2,-2,66800,-68,-64,short_60_plus,9990,9999,9,9994.5,9997.105263157895,-5.5,cheap,0.5789473684210527,2.605263157895024,buy_pressure,-3.5,True,shock,3,clear_buy,take1,8,0,8,12,0,12,0,1,buy_take1_16,take1,-667153.5,hold,8.0,-667153.5,0.0,take_a1,,,
queue05,round1-day-2,-2,67700,-60,-58,short_60_plus,9987,9999,12,9993.0,9998.225806451614,-7.0,cheap,0.8709677419354839,5.225806451613607,buy_pressure,-3.5,True,shock,2,clear_buy,take1,2,0,2,12,0,12,0,1,buy_take1_16,take1,-587197.5,hold,4.0,-587197.5,0.0,take_a1,,,
queue05,round1-day-2,-2,71600,-56,-56,short_40_59,9996,10006,10,10001.0,9997.666666666666,1.0,neutral,-0.6666666666666666,-3.3333333333339397,sell_pressure,3.0,False,steady,1,passive_one_sided_sell,one_sided_mm,0,0,0,0,9,0,9,0,hold,hold,-547223.5,mm_join_12,0.0,-547223.5,0.0,passive_inside_sell,,,
queue05,round1-day-2,-2,72800,-52,-47,short_40_59,9990,10000,10,9995.0,9996.666666666666,-5.0,cheap,0.3333333333333333,1.6666666666660603,mixed_pressure,-8.5,True,shock,2,clear_buy,take1,5,0,5,0,6,0,0,1,buy_take1_16,take1,-507259.5,hold,5.0,-507259.5,0.0,take_a1,,,
queue05,round1-day-2,-2,74600,-43,-43,short_40_59,9989,10001,12,9995.0,10000.25,-5.0,cheap,0.875,5.25,buy_pressure,-4.0,True,shock,1,passive_one_sided_buy,one_sided_mm,0,0,0,12,0,12,0,0,hold,hold,-417351.5,mm_join_12,0.0,-417351.5,0.0,passive_inside_buy,,,
queue05,round1-day-2,-2,75300,-43,-43,short_40_59,9991,10001,10,9996.0,9998.692307692309,-4.0,cheap,0.5384615384615384,2.692307692308532,buy_pressure,-3.5,True,shock,1,passive_one_sided_buy,one_sided_mm,0,0,0,12,0,12,0,0,hold,hold,-417351.5,mm_join_12,0.0,-417351.5,0.0,passive_inside_buy,,,
queue05,round1-day-2,-2,75600,-43,-43,short_40_59,9992,10001,9,9996.5,9999.615384615385,-3.5,cheap,0.6923076923076923,3.1153846153847553,buy_pressure,-3.5,True,shock,1,passive_one_sided_buy,one_sided_mm,0,0,0,12,0,12,0,0,hold,hold,-417351.5,mm_join_12,0.0,-417351.5,0.0,passive_inside_buy,,,
queue05,round1-day-2,-2,77700,-64,-70,short_60_plus,10003,10012,9,10007.5,10004.8,7.5,rich,-0.6,-2.7000000000007276,sell_pressure,7.5,True,shock,3,take_sell,take1,0,6,6,11,6,0,6,1,sell_take1_16,take1,-627414.5,hold,8.0,-627414.5,0.0,take_b1,,,
queue05,round1-day-2,-2,85500,-76,-76,short_60_plus,9996,10006,10,10001.0,9998.5,1.0,neutral,-0.5,-2.5,sell_pressure,3.0,False,steady,1,passive_one_sided_sell,one_sided_mm,0,0,0,0,4,0,4,0,hold,hold,-747509.5,mm_join_12,0.0,-747509.5,0.0,passive_inside_sell,,,
queue05,round1-day-2,-2,86900,-71,-71,short_60_plus,10001,10010,9,10005.5,10002.666666666666,5.5,rich,-0.6296296296296297,-2.8333333333339397,sell_pressure,6.5,True,shock,1,passive_one_sided_sell,one_sided_mm,0,0,0,0,6,0,6,0,sell_take1_16,take1,-697561.5,hold,10.0,-697571.5,10.0,passive_inside_sell,,,
queue05,round1-day-2,-2,87800,-71,-71,short_60_plus,9996,10006,10,10001.0,9998.631578947368,1.0,neutral,-0.47368421052631576,-2.3684210526316747,sell_pressure,4.0,True,shock,1,passive_one_sided_sell,one_sided_mm,0,0,0,0,6,0,6,0,hold,hold,-697571.5,mm_join_12,0.0,-697571.5,0.0,passive_inside_sell,,,
queue05,round1-day-2,-2,93200,-62,-62,short_60_plus,9994,10007,13,10000.5,9995.625,0.5,neutral,-0.75,-4.875,sell_pressure,5.5,True,shock,1,passive_one_sided_sell,one_sided_mm,0,0,0,0,6,0,6,0,hold,hold,-607643.5,mm_join_12,0.0,-607643.5,0.0,passive_inside_sell,,,
queue05,round1-day-2,-2,95600,-68,-66,short_60_plus,9989,9999,10,9994.0,9997.823529411764,-6.0,cheap,0.7647058823529411,3.823529411763957,buy_pressure,-12.0,True,shock,2,clear_buy,take1,2,0,2,12,0,12,0,1,hold,hold,-667661.5,mm_join_12,0.0,-667661.5,0.0,take_a1,,,
queue05,round1-day-2,-2,95900,-66,-61,short_60_plus,9989,9999,10,9994.0,9995.666666666666,-6.0,cheap,0.3333333333333333,1.6666666666660603,mixed_pressure,-3.0,True,shock,2,clear_buy,take1,5,0,5,0,6,0,0,1,hold,hold,-647663.5,mm_join_12,0.0,-647663.5,0.0,take_a1,,,
queue05,round1-day-2,-2,96000,-61,-61,short_60_plus,9995,10006,11,10000.5,9996.833333333334,0.5,neutral,-0.6666666666666666,-3.6666666666660603,sell_pressure,6.5,True,shock,1,passive_one_sided_sell,one_sided_mm,0,0,0,0,6,0,6,0,hold,hold,-597668.5,mm_join_12,0.0,-597668.5,0.0,passive_inside_sell,,,
queue05,round1-day-2,-2,97600,-60,-57,short_60_plus,9987,9999,12,9993.0,9997.90909090909,-7.0,cheap,0.8181818181818182,4.909090909090082,buy_pressure,-4.0,True,shock,2,clear_buy,take1,3,0,3,12,0,12,0,1,hold,hold,-587718.5,mm_join_12,0.0,-587718.5,0.0,take_a1,,,
queue05,round1-day-2,-2,97900,-57,-57,short_40_59,9995,10006,11,10000.5,9996.833333333334,0.5,neutral,-0.6666666666666666,-3.6666666666660603,sell_pressure,2.0,False,steady,2,passive_two_sided,mm_inside,0,0,0,14,9,14,9,0,hold,hold,-557721.5,mm_join_12,0.0,-557721.5,0.0,,,,
queue05,round1-day-2,-2,100100,-55,-55,short_40_59,9993,10003,10,9998.0,9994.875,-2.0,cheap,-0.625,-3.125,sell_pressure,3.0,False,steady,1,passive_one_sided_sell,one_sided_mm,0,0,0,0,9,0,9,0,mm_inside_12,mm_inside,-537739.5,mm_inside_20,0.0,-537739.5,0.0,passive_inside_sell,,,
queue05,round1-day-2,-2,100600,-51,-51,short_40_59,9991,10002,11,9996.5,9992.692307692309,-3.5,cheap,-0.6923076923076923,-3.807692307691468,sell_pressure,2.0,False,steady,1,passive_one_sided_sell,one_sided_mm,0,0,0,0,9,0,9,0,hold,hold,-497781.5,mm_join_12,0.0,-497781.5,0.0,passive_inside_sell,,,
queue05,round1-day-2,-2,102400,-53,-53,short_40_59,9990,10001,11,9995.5,9992.894736842105,-4.5,cheap,-0.47368421052631576,-2.605263157895024,sell_pressure,10.5,True,shock,1,passive_one_sided_sell,one_sided_mm,0,0,0,0,6,0,0,0,hold,hold,-517781.5,mm_join_12,0.0,-517781.5,0.0,passive_inside_sell,,,
queue05,round1-day-2,-2,102700,-53,-53,short_40_59,9991,10004,13,9997.5,9993.5,-2.5,cheap,-0.6153846153846154,-4.0,sell_pressure,4.5,True,shock,1,passive_one_sided_sell,one_sided_mm,0,0,0,0,6,0,6,0,hold,hold,-517781.5,mm_join_12,0.0,-517781.5,0.0,passive_inside_sell,,,
queue05,round1-day-2,-2,103400,-44,-41,short_40_59,9987,9996,9,9991.5,9993.923076923076,-8.5,cheap,0.5384615384615384,2.4230769230762235,buy_pressure,2.5,True,shock,2,clear_buy,take1,3,0,3,12,0,12,0,1,buy_take1_16,take1,-427853.5,hold,9.0,-427853.5,0.0,take_a1,,,
queue05,round1-day-2,-2,105300,-41,-41,short_40_59,9995,10005,10,10000.0,9997.666666666666,0.0,neutral,-0.4666666666666667,-2.3333333333339397,sell_pressure,4.0,True,shock,1,passive_one_sided_sell,one_sided_mm,0,0,0,0,9,0,9,0,hold,hold,-397915.5,mm_join_12,0.0,-397915.5,0.0,passive_inside_sell,,,
queue05,round1-day-2,-2,106200,-39,-39,short_20_39,9990,9999,9,9994.5,9996.5,-5.5,cheap,0.4444444444444444,2.0,buy_pressure,-2.0,False,steady,1,passive_one_sided_buy,one_sided_mm,0,0,0,13,0,13,0,0,hold,hold,-377935.5,mm_join_12,0.0,-377935.5,0.0,passive_inside_buy,,,
queue05,round1-day-2,-2,108800,-30,-26,short_20_39,9990,10000,10,9995.0,9998.125,-5.0,cheap,0.625,3.125,buy_pressure,-2.0,False,steady,1,passive_one_sided_buy,one_sided_mm,0,0,0,13,0,13,0,0,mm_inside_12,mm_inside,-287989.5,mm_inside_20,0.0,-287989.5,0.0,passive_inside_buy,,,
queue05,round1-day-2,-2,111500,-26,-26,short_20_39,9997,10007,10,10002.0,9998.176470588236,2.0,rich,-0.7647058823529411,-3.823529411763957,sell_pressure,3.0,False,steady,1,passive_one_sided_buy,one_sided_mm,0,0,0,12,0,0,0,0,hold,hold,-248025.5,mm_join_12,0.0,-248025.5,0.0,passive_inside_buy,,,
queue05,round1-day-2,-2,112900,-18,-18,flat_19,10000,10011,11,10005.5,10001.375,5.5,rich,-0.75,-4.125,sell_pressure,2.5,False,steady,1,passive_one_sided_sell,one_sided_mm,0,0,0,0,12,0,12,0,sell_take1_16,take1,-168062.5,hold,4.0,-168066.5,4.0,passive_inside_sell,,,
queue05,round1-day-2,-2,113400,-16,-16,flat_19,9994,10004,10,9999.0,10001.368421052632,-1.0,neutral,0.47368421052631576,2.3684210526316747,buy_pressure,-5.0,True,shock,1,passive_one_sided_buy,one_sided_mm,0,0,0,9,0,9,0,0,hold,hold,-148074.5,mm_join_12,0.0,-148074.5,0.0,passive_inside_buy,,,
queue05,round1-day-2,-2,114000,-18,-18,flat_19,10000,10013,13,10006.5,10001.733333333334,6.5,rich,-0.7333333333333333,-4.766666666666424,sell_pressure,12.5,True,shock,1,passive_one_sided_sell,one_sided_mm,0,0,0,0,9,0,9,0,sell_take1_16,take1,-168092.5,hold,8.0,-168100.5,8.0,passive_inside_sell,,,
queue05,round1-day-2,-2,115500,-23,-23,short_20_39,9999,10009,10,10004.0,10000.666666666666,4.0,rich,-0.6666666666666666,-3.3333333333339397,sell_pressure,2.0,False,steady,1,passive_one_sided_sell,one_sided_mm,0,0,0,0,12,0,12,0,sell_take1_16,take1,-218150.5,hold,2.0,-218152.5,2.0,passive_inside_sell,,,
queue05,round1-day-2,-2,117600,-23,-23,short_20_39,9999,10010,11,10004.5,10000.941176470587,4.5,rich,-0.6470588235294118,-3.5588235294126207,sell_pressure,3.5,True,shock,1,passive_one_sided_sell,one_sided_mm,0,0,0,0,9,0,9,0,sell_take1_16,take1,-218152.5,hold,3.0,-218155.5,3.0,passive_inside_sell,,,
queue05,round1-day-2,-2,117900,-23,-27,short_20_39,10004,10013,9,10008.5,10005.5,8.5,rich,-0.6666666666666666,-3.0,sell_pressure,14.5,True,shock,2,take_sell,take1,0,4,4,0,9,0,9,1,sell_take1_16,take1,-218155.5,hold,24.0,-218155.5,0.0,take_b1,,,
queue05,round1-day-2,-2,119500,-27,-27,short_20_39,9993,10003,10,9998.0,9999.666666666666,-2.0,cheap,0.3333333333333333,1.6666666666660603,mixed_pressure,-3.0,False,steady,1,passive_one_sided_sell,one_sided_mm,0,0,0,0,12,0,0,0,hold,hold,-258201.5,mm_join_12,0.0,-258201.5,0.0,passive_inside_sell,,,
queue05,round1-day-2,-2,119900,-27,-27,short_20_39,9994,10003,9,9998.5,10000.75,-1.5,neutral,0.5,2.25,buy_pressure,-3.5,True,shock,2,passive_two_sided,mm_inside,0,0,0,9,9,9,0,0,hold,hold,-258201.5,mm_join_12,0.0,-258201.5,0.0,,,,
queue05,round1-day-2,-2,123300,-32,-32,short_20_39,9991,10003,12,9997.0,10002.2,-3.0,cheap,0.8666666666666667,5.200000000000728,buy_pressure,-4.5,True,shock,1,passive_one_sided_buy,one_sided_mm,0,0,0,10,0,10,0,0,hold,hold,-308280.5,mm_join_12,0.0,-308280.5,0.0,passive_inside_buy,,,
queue05,round1-day-2,-2,128800,-32,-32,short_20_39,9989,9998,9,9993.5,9996.5,-6.5,cheap,0.6666666666666666,3.0,buy_pressure,-3.5,True,shock,1,passive_one_sided_buy,one_sided_mm,0,0,0,10,0,10,0,0,hold,hold,-308310.5,mm_join_12,0.0,-308310.5,0.0,passive_inside_buy,,,
queue05,round1-day-2,-2,129400,-32,-32,short_20_39,9993,10003,10,9998.0,9994.333333333334,-2.0,cheap,-0.7333333333333333,-3.6666666666660603,sell_pressure,10.0,True,shock,1,passive_one_sided_sell,one_sided_mm,0,0,0,0,12,0,12,0,hold,hold,-308310.5,mm_join_12,0.0,-308310.5,0.0,passive_inside_sell,,,
queue05,round1-day-2,-2,131600,-32,-32,short_20_39,9995,10006,11,10000.5,9997.538461538461,0.5,neutral,-0.5384615384615384,-2.9615384615390212,sell_pressure,2.5,False,steady,1,passive_one_sided_sell,one_sided_mm,0,0,0,0,12,0,12,0,hold,hold,-308310.5,mm_join_12,0.0,-308310.5,0.0,passive_inside_sell,,,
queue05,round1-day-2,-2,131700,-32,-32,short_20_39,9990,9999,9,9994.5,9997.875,-5.5,cheap,0.75,3.375,buy_pressure,-6.0,True,shock,1,passive_one_sided_buy,one_sided_mm,0,0,0,10,0,10,0,0,hold,hold,-308310.5,mm_join_12,0.0,-308310.5,0.0,passive_inside_buy,,,
queue05,round1-day-2,-2,139700,-21,-21,short_20_39,9997,10007,10,10002.0,9999.666666666666,2.0,rich,-0.4666666666666667,-2.3333333333339397,sell_pressure,8.0,True,shock,0,hold,hold,0,0,0,0,0,0,0,0,hold,hold,-198424.5,mm_join_12,0.0,-198424.5,0.0,,,,
queue05,round1-day-2,-2,140300,-21,-21,short_20_39,9993,10002,9,9997.5,10000.0,-2.5,cheap,0.5555555555555556,2.5,buy_pressure,-2.5,False,steady,1,passive_one_sided_buy,one_sided_mm,0,0,0,13,0,13,0,0,hold,hold,-198424.5,mm_join_12,0.0,-198424.5,0.0,passive_inside_buy,,,
queue05,round1-day-2,-2,141000,-11,-11,flat_19,9999,10009,10,10004.0,10000.538461538461,4.0,rich,-0.6923076923076923,-3.4615384615390212,sell_pressure,8.0,True,shock,1,passive_one_sided_sell,one_sided_mm,0,0,0,0,9,0,9,0,sell_take1_16,take1,-98444.5,hold,2.0,-98446.5,2.0,passive_inside_sell,,,
queue05,round1-day-2,-2,142000,-15,-15,flat_19,9999,10009,10,10004.0,10001.35294117647,4.0,rich,-0.5294117647058824,-2.6470588235297328,sell_pressure,2.0,False,steady,1,passive_one_sided_sell,one_sided_mm,0,0,0,0,12,0,12,0,sell_take1_16,take1,-138458.5,hold,4.0,-138462.5,4.0,passive_inside_sell,,,
queue05,round1-day-2,-2,142500,-15,-15,flat_19,9998,10008,10,10003.0,10000.857142857143,3.0,rich,-0.42857142857142855,-2.142857142856883,sell_pressure,3.0,False,steady,1,passive_one_sided_sell,one_sided_mm,0,0,0,0,12,0,12,0,hold,hold,-138462.5,mm_join_12,0.0,-138462.5,0.0,passive_inside_sell,,,
queue05,round1-day-2,-2,142700,-15,-15,flat_19,9990,10002,12,9996.0,10000.125,-4.0,cheap,0.6875,4.125,buy_pressure,-4.0,True,shock,1,passive_one_sided_buy,one_sided_mm,0,0,0,10,0,10,0,0,hold,hold,-138462.5,mm_join_12,0.0,-138462.5,0.0,passive_inside_buy,,,
queue05,round1-day-2,-2,143900,-15,-15,flat_19,9994,10003,9,9998.5,10001.07142857143,-1.5,neutral,0.5714285714285714,2.571428571429351,buy_pressure,-11.5,True,shock,2,passive_two_sided,mm_inside,0,0,0,12,12,12,0,0,hold,hold,-138462.5,mm_join_12,0.0,-138462.5,0.0,,,,
queue05,round1-day-2,-2,147000,-15,-15,flat_19,9998,10009,11,10003.5,9999.833333333334,3.5,rich,-0.6666666666666666,-3.6666666666660603,sell_pressure,3.5,True,shock,1,passive_one_sided_sell,one_sided_mm,0,0,0,0,9,0,9,0,hold,hold,-138462.5,mm_join_12,0.0,-138462.5,0.0,passive_inside_sell,,,
queue05,round1-day-2,-2,147400,-15,-15,flat_19,9998,10008,10,10003.0,9999.764705882353,3.0,rich,-0.6470588235294118,-3.235294117646845,sell_pressure,4.0,True,shock,1,passive_one_sided_sell,one_sided_mm,0,0,0,0,9,0,9,0,hold,hold,-138462.5,mm_join_12,0.0,-138462.5,0.0,passive_inside_sell,,,
queue05,round1-day-2,-2,148900,-15,-15,flat_19,9991,10000,9,9995.5,9998.615384615385,-4.5,cheap,0.6923076923076923,3.1153846153847553,buy_pressure,-3.5,True,shock,1,passive_one_sided_buy,one_sided_mm,0,0,0,10,0,10,0,0,hold,hold,-138462.5,mm_join_12,0.0,-138462.5,0.0,passive_inside_buy,,,
queue05,round1-day-2,-2,152600,-18,-18,flat_19,9992,10002,10,9997.0,9999.368421052632,-3.0,cheap,0.47368421052631576,2.3684210526316747,buy_pressure,-4.0,True,shock,1,passive_one_sided_buy,one_sided_mm,0,0,0,10,0,10,0,0,hold,hold,-168480.5,mm_join_12,0.0,-168480.5,0.0,passive_inside_buy,,,
queue05,round1-day-2,-2,154900,-18,-18,flat_19,9992,10001,9,9996.5,9998.1875,-3.5,cheap,0.375,1.6875,buy_pressure,-2.5,False,steady,1,passive_one_sided_buy,one_sided_mm,0,0,0,13,0,13,0,0,hold,hold,-168480.5,mm_join_12,0.0,-168480.5,0.0,passive_inside_buy,,,
queue05,round1-day-2,-2,155300,-18,-18,flat_19,9991,10000,9,9995.5,9998.2,-4.5,cheap,0.6,2.7000000000007276,buy_pressure,-3.5,True,shock,1,passive_one_sided_buy,one_sided_mm,0,0,0,10,0,10,0,0,hold,hold,-168480.5,mm_join_12,0.0,-168480.5,0.0,passive_inside_buy,,,
queue05,round1-day-2,-2,156500,-18,-18,flat_19,9995,10008,13,10001.5,9996.529411764706,1.5,neutral,-0.7647058823529411,-4.97058823529369,sell_pressure,3.0,False,steady,1,passive_one_sided_sell,one_sided_mm,0,0,0,0,12,0,12,0,hold,hold,-168480.5,mm_join_12,0.0,-168480.5,0.0,passive_inside_sell,,,
queue05,round1-day-2,-2,156600,-18,-18,flat_19,9989,9999,10,9994.0,9997.333333333334,-6.0,cheap,0.6666666666666666,3.3333333333339397,buy_pressure,-7.5,True,shock,1,passive_one_sided_buy,one_sided_mm,0,0,0,10,0,10,0,0,hold,hold,-168480.5,mm_join_12,0.0,-168480.5,0.0,passive_inside_buy,,,
queue05,round1-day-2,-2,160500,-22,-22,short_20_39,9988,9997,9,9992.5,9994.923076923076,-7.5,cheap,0.5384615384615384,2.4230769230762235,buy_pressure,-11.5,True,shock,1,passive_one_sided_buy,one_sided_mm,0,0,0,10,0,10,0,0,buy_take1_16,take1,-208494.5,hold,3.0,-208497.5,3.0,passive_inside_buy,,,
queue05,round1-day-2,-2,160900,-22,-22,short_20_39,9994,10007,13,10000.5,9996.09677419355,0.5,neutral,-0.6774193548387096,-4.403225806450791,sell_pressure,3.5,True,shock,1,passive_one_sided_sell,one_sided_mm,0,0,0,0,9,0,9,0,hold,hold,-208497.5,mm_join_12,0.0,-208497.5,0.0,passive_inside_sell,,,
queue05,round1-day-2,-2,164900,-23,-23,short_20_39,9990,9999,9,9994.5,9996.923076923076,-5.5,cheap,0.5384615384615384,2.4230769230762235,buy_pressure,-3.5,True,shock,1,passive_one_sided_buy,one_sided_mm,0,0,0,10,0,10,0,0,hold,hold,-218501.5,mm_join_12,0.0,-218501.5,0.0,passive_inside_buy,,,
queue05,round1-day-2,-2,168400,-23,-23,short_20_39,9997,10007,10,10002.0,9998.333333333334,2.0,rich,-0.7333333333333333,-3.6666666666660603,sell_pressure,3.0,False,steady,1,passive_one_sided_buy,one_sided_mm,0,0,0,12,0,0,0,0,hold,hold,-218501.5,mm_join_12,0.0,-218501.5,0.0,passive_inside_buy,,,
queue05,round1-day-2,-2,168600,-23,-23,short_20_39,9996,10007,11,10001.5,9998.315789473685,1.5,neutral,-0.5789473684210527,-3.184210526314928,sell_pressure,2.5,False,steady,2,passive_two_sided,mm_inside,0,0,0,12,12,0,12,0,hold,hold,-218501.5,mm_join_12,0.0,-218501.5,0.0,,,,
queue05,round1-day-2,-2,168700,-23,-23,short_20_39,9996,10009,13,10002.5,9997.911764705883,2.5,rich,-0.7058823529411765,-4.588235294117112,sell_pressure,1.0,False,steady,1,passive_one_sided_sell,one_sided_mm,0,0,0,0,12,0,12,0,hold,hold,-218501.5,mm_join_12,0.0,-218501.5,0.0,passive_inside_sell,,,
queue05,round1-day-2,-2,171200,-23,-23,short_20_39,9992,10001,9,9996.5,9999.714285714286,-3.5,cheap,0.7142857142857143,3.214285714286234,buy_pressure,-3.5,True,shock,1,passive_one_sided_buy,one_sided_mm,0,0,0,10,0,10,0,0,hold,hold,-218515.5,mm_join_12,0.0,-218515.5,0.0,passive_inside_buy,,,
queue05,round1-day-2,-2,171900,-31,-31,short_20_39,9992,10002,10,9997.0,10000.0,-3.0,cheap,0.6,3.0,buy_pressure,-4.0,True,shock,1,passive_one_sided_buy,one_sided_mm,0,0,0,10,0,10,0,0,hold,hold,-298523.5,mm_join_12,0.0,-298523.5,0.0,passive_inside_buy,,,
queue05,round1-day-2,-2,172100,-31,-31,short_20_39,9991,10001,10,9996.0,9997.666666666666,-4.0,cheap,0.3333333333333333,1.6666666666660603,mixed_pressure,-4.0,True,shock,1,passive_one_sided_sell,one_sided_mm,0,0,0,0,9,0,0,0,hold,hold,-298523.5,mm_join_12,0.0,-298523.5,0.0,passive_inside_sell,,,
queue05,round1-day-2,-2,172500,-31,-31,short_20_39,9997,10007,10,10002.0,9998.42857142857,2.0,rich,-0.7142857142857143,-3.571428571429351,sell_pressure,2.0,False,steady,1,passive_one_sided_buy,one_sided_mm,0,0,0,12,0,12,0,0,hold,hold,-298523.5,mm_join_12,0.0,-298523.5,0.0,passive_inside_buy,,,
queue05,round1-day-2,-2,172800,-31,-31,short_20_39,9991,10000,9,9995.5,9998.0,-4.5,cheap,0.5555555555555556,2.5,buy_pressure,-2.5,False,steady,1,passive_one_sided_buy,one_sided_mm,0,0,0,13,0,13,0,0,hold,hold,-298523.5,mm_join_12,0.0,-298523.5,0.0,passive_inside_buy,,,
queue05,round1-day-2,-2,173400,-31,-31,short_20_39,9991,10001,10,9996.0,9998.333333333334,-4.0,cheap,0.4666666666666667,2.3333333333339397,buy_pressure,-3.0,False,steady,1,passive_one_sided_buy,one_sided_mm,0,0,0,13,0,13,0,0,hold,hold,-298523.5,mm_join_12,0.0,-298523.5,0.0,passive_inside_buy,,,
queue05,round1-day-2,-2,173500,-31,-31,short_20_39,10001,10010,9,10005.5,10003.90322580645,5.5,rich,-0.3548387096774194,-1.5967741935492086,sell_pressure,9.5,True,shock,1,passive_one_sided_sell,one_sided_mm,0,0,0,0,9,0,9,0,sell_take1_16,take1,-298523.5,hold,39.0,-298562.5,39.0,passive_inside_sell,,,
queue05,round1-day-2,-2,175000,-31,-31,short_20_39,9998,10008,10,10003.0,10000.631578947368,3.0,rich,-0.47368421052631576,-2.3684210526316747,sell_pressure,3.0,False,steady,1,passive_one_sided_sell,one_sided_mm,0,0,0,0,12,0,12,0,sell_take1_16,take1,-298588.5,hold,7.0,-298595.5,7.0,passive_inside_sell,,,
queue05,round1-day-2,-2,175800,-25,-25,short_20_39,9993,10003,10,9998.0,10000.5,-2.0,cheap,0.5,2.5,buy_pressure,-13.0,True,shock,1,passive_one_sided_sell,one_sided_mm,0,0,0,0,12,0,0,0,hold,hold,-238639.5,mm_join_12,0.0,-238639.5,0.0,passive_inside_sell,,,
queue05,round1-day-2,-2,176300,-25,-25,short_20_39,9992,10002,10,9997.0,9999.058823529413,-3.0,cheap,0.4117647058823529,2.0588235294126207,buy_pressure,-4.0,True,shock,1,passive_one_sided_buy,one_sided_mm,0,0,0,10,0,10,0,0,hold,hold,-238639.5,mm_join_12,0.0,-238639.5,0.0,passive_inside_buy,,,
queue05,round1-day-2,-2,176800,-25,-25,short_20_39,9997,10007,10,10002.0,9999.631578947368,2.0,rich,-0.47368421052631576,-2.3684210526316747,sell_pressure,3.0,False,steady,0,hold,hold,0,0,0,0,0,0,0,0,hold,hold,-238639.5,mm_join_12,0.0,-238639.5,0.0,,,,
queue05,round1-day-2,-2,180000,-30,-30,short_20_39,9993,10002,9,9997.5,9999.0,-2.5,cheap,0.3333333333333333,1.5,mixed_pressure,-3.5,True,shock,1,passive_one_sided_sell,one_sided_mm,0,0,0,0,9,0,0,0,hold,hold,-288679.5,mm_join_12,0.0,-288679.5,0.0,passive_inside_sell,,,
queue05,round1-day-2,-2,181700,-30,-30,short_20_39,9992,10001,9,9996.5,9999.411764705883,-3.5,cheap,0.6470588235294118,2.911764705882888,buy_pressure,-2.5,False,steady,1,passive_one_sided_buy,one_sided_mm,0,0,0,13,0,13,0,0,hold,hold,-288679.5,mm_join_12,0.0,-288679.5,0.0,passive_inside_buy,,,
queue05,round1-day-2,-2,181800,-30,-30,short_20_39,9998,10008,10,10003.0,9999.666666666666,3.0,rich,-0.6666666666666666,-3.3333333333339397,sell_pressure,6.5,True,shock,1,passive_one_sided_sell,one_sided_mm,0,0,0,0,9,0,9,0,sell_take1_16,take1,-288679.5,hold,2.0,-288681.5,2.0,passive_inside_sell,,,
queue05,round1-day-2,-2,186900,-34,-34,short_20_39,9997,10008,11,10002.5,9998.375,2.5,rich,-0.75,-4.125,sell_pressure,2.5,False,steady,1,passive_one_sided_sell,one_sided_mm,0,0,0,0,12,0,12,0,hold,hold,-328794.5,mm_join_12,0.0,-328794.5,0.0,passive_inside_sell,,,
queue05,round1-day-2,-2,187300,-34,-34,short_20_39,9998,10008,10,10003.0,10000.941176470587,3.0,rich,-0.4117647058823529,-2.0588235294126207,sell_pressure,3.0,False,steady,1,passive_one_sided_sell,one_sided_mm,0,0,0,0,12,0,12,0,sell_take1_16,take1,-328794.5,hold,6.0,-328800.5,6.0,passive_inside_sell,,,
queue05,round1-day-2,-2,191800,-33,-33,short_20_39,9996,10007,11,10001.5,9997.941176470587,1.5,neutral,-0.6470588235294118,-3.5588235294126207,sell_pressure,1.5,False,steady,2,passive_two_sided,mm_inside,0,0,0,12,12,12,12,0,hold,hold,-318840.5,mm_join_12,0.0,-318840.5,0.0,,,,
queue05,round1-day-2,-2,193100,-26,-26,short_20_39,9995,10008,13,10001.5,9997.03125,1.5,neutral,-0.6875,-4.46875,sell_pressure,3.5,True,shock,2,passive_two_sided,mm_inside,0,0,0,9,9,9,9,0,hold,hold,-248886.5,mm_join_12,0.0,-248886.5,0.0,,,,
queue05,round1-day-2,-2,193800,-26,-26,short_20_39,9995,10006,11,10000.5,9997.357142857143,0.5,neutral,-0.5714285714285714,-3.142857142856883,sell_pressure,10.5,True,shock,2,passive_two_sided,mm_inside,0,0,0,12,12,12,12,0,hold,hold,-248886.5,mm_join_12,0.0,-248886.5,0.0,,,,
queue05,round1-day-2,-2,196100,-22,-22,short_20_39,9993,10004,11,9998.5,9995.538461538461,-1.5,neutral,-0.5384615384615384,-2.9615384615390212,sell_pressure,2.5,False,steady,1,passive_one_sided_sell,one_sided_mm,0,0,0,0,12,0,12,0,hold,hold,-208942.5,mm_join_12,0.0,-208942.5,0.0,passive_inside_sell,,,
queue05,round1-day-2,-2,197200,-20,-20,short_20_39,9986,9996,10,9991.0,9994.57142857143,-9.0,cheap,0.7142857142857143,3.571428571429351,buy_pressure,-4.0,True,shock,1,passive_one_sided_buy,one_sided_mm,0,0,0,10,0,10,0,0,hold,hold,-188966.5,mm_join_12,0.0,-188966.5,0.0,passive_inside_buy,,,
queue05,round1-day-2,-2,197700,-20,-20,short_20_39,9986,9996,10,9991.0,9994.666666666666,-9.0,cheap,0.7333333333333333,3.6666666666660603,buy_pressure,-3.0,True,shock,1,passive_one_sided_buy,one_sided_mm,0,0,0,10,0,10,0,0,hold,hold,-188966.5,mm_join_12,0.0,-188966.5,0.0,passive_inside_buy,,,
queue05,round1-day-2,-2,198600,-20,-20,short_20_39,9986,9995,9,9990.5,9992.882352941177,-9.5,cheap,0.5294117647058824,2.3823529411765776,buy_pressure,-3.5,True,shock,1,passive_one_sided_buy,one_sided_mm,0,0,0,10,0,10,0,0,buy_take1_16,take1,-188966.5,hold,4.0,-188970.5,4.0,passive_inside_buy,,,
queue05,round1-day-2,-2,203500,-11,-11,flat_19,9986,9996,10,9991.0,9994.125,-9.0,cheap,0.625,3.125,buy_pressure,-4.0,True,shock,1,passive_one_sided_buy,one_sided_mm,0,0,0,10,0,10,0,0,buy_take1_16,take1,-99069.5,hold,4.0,-99073.5,4.0,passive_inside_buy,,,
queue05,round1-day-2,-2,207900,-10,-10,flat_19,9987,9996,9,9991.5,9994.8,-8.5,cheap,0.7333333333333333,3.2999999999992724,buy_pressure,-3.5,True,shock,1,passive_one_sided_buy,one_sided_mm,0,0,0,10,0,10,0,0,buy_take1_16,take1,-89103.5,buy_take2_32,0.0,-89105.5,2.0,passive_inside_buy,,,
queue05,round1-day-2,-2,209000,-14,-14,flat_19,9993,10006,13,9999.5,9994.695652173914,-0.5,neutral,-0.7391304347826086,-4.804347826086087,sell_pressure,2.5,False,steady,1,passive_one_sided_sell,one_sided_mm,0,0,0,0,12,0,12,0,hold,hold,-129113.5,mm_join_12,0.0,-129113.5,0.0,passive_inside_sell,,,
queue05,round1-day-2,-2,210400,-14,-14,flat_19,9988,9997,9,9992.5,9995.875,-7.5,cheap,0.75,3.375,buy_pressure,-4.5,True,shock,1,passive_one_sided_buy,one_sided_mm,0,0,0,10,0,10,0,0,hold,hold,-129113.5,mm_join_12,0.0,-129113.5,0.0,passive_inside_buy,,,
queue05,round1-day-2,-2,210700,-14,-14,flat_19,9987,9997,10,9992.0,9995.823529411764,-8.0,cheap,0.7647058823529411,3.823529411763957,buy_pressure,-3.0,True,shock,1,passive_one_sided_buy,one_sided_mm,0,0,0,10,0,10,0,0,hold,hold,-129113.5,mm_join_12,0.0,-129113.5,0.0,passive_inside_buy,,,
queue05,round1-day-2,-2,211300,-13,-13,flat_19,9986,9996,10,9991.0,9994.823529411764,-9.0,cheap,0.7647058823529411,3.823529411763957,buy_pressure,-5.0,True,shock,1,passive_one_sided_buy,one_sided_mm,0,0,0,10,0,10,0,0,buy_take1_16,take1,-119125.5,hold,2.0,-119127.5,2.0,passive_inside_buy,,,
queue05,round1-day-2,-2,218400,-8,-8,flat_19,9996,10006,10,10001.0,9998.857142857143,1.0,neutral,-0.42857142857142855,-2.142857142856883,sell_pressure,3.0,False,steady,1,passive_one_sided_sell,one_sided_mm,0,0,0,0,12,0,12,0,hold,hold,-69184.5,mm_join_12,0.0,-69184.5,0.0,passive_inside_sell,,,
queue05,round1-day-2,-2,220600,-12,-12,flat_19,9996,10007,11,10001.5,9999.142857142857,1.5,neutral,-0.42857142857142855,-2.357142857143117,sell_pressure,0.5,False,steady,2,passive_two_sided,mm_inside,0,0,0,12,12,12,12,0,hold,hold,-109187.5,mm_join_12,0.0,-109187.5,0.0,,,,
queue05,round1-day-2,-2,221200,-19,-17,flat_19,9992,10001,9,9996.5,9999.105263157895,-3.5,cheap,0.5789473684210527,2.605263157895024,buy_pressure,-11.5,True,shock,1,passive_one_sided_buy,one_sided_mm,0,0,0,10,0,10,0,0,mm_inside_12,mm_inside,-179201.5,mm_inside_20,0.0,-179201.5,0.0,passive_inside_buy,,,
queue05,round1-day-2,-2,221400,-17,-17,flat_19,9992,10001,9,9996.5,9998.42857142857,-3.5,cheap,0.42857142857142855,1.928571428570649,buy_pressure,-3.5,True,shock,1,passive_one_sided_buy,one_sided_mm,0,0,0,10,0,10,0,0,hold,hold,-159215.5,mm_join_12,0.0,-159215.5,0.0,passive_inside_buy,,,
queue05,round1-day-2,-2,224300,-15,-15,flat_19,9998,10009,11,10003.5,10000.2,3.5,rich,-0.6,-3.2999999999992724,sell_pressure,2.5,False,steady,1,passive_one_sided_sell,one_sided_mm,0,0,0,0,12,0,12,0,sell_take1_16,take1,-139280.5,hold,6.0,-139286.5,6.0,passive_inside_sell,,,
queue05,round1-day-2,-2,225100,-15,-15,flat_19,9997,10007,10,10002.0,9998.25,2.0,rich,-0.75,-3.75,sell_pressure,3.0,False,steady,1,passive_one_sided_buy,one_sided_mm,0,0,0,12,0,0,0,0,sell_take1_16,take1,-139286.5,hold,2.0,-139288.5,2.0,passive_inside_buy,,,
queue05,round1-day-2,-2,226800,-13,-13,flat_19,9995,10008,13,10001.5,9995.962962962964,1.5,neutral,-0.8518518518518519,-5.537037037036498,sell_pressure,3.5,True,shock,2,passive_two_sided,mm_inside,0,0,0,9,9,9,9,0,hold,hold,-119356.5,mm_join_12,0.0,-119356.5,0.0,,,,
queue05,round1-day-2,-2,226900,-13,-13,flat_19,9987,9999,12,9993.0,9998.111111111111,-7.0,cheap,0.8518518518518519,5.111111111111313,buy_pressure,-8.5,True,shock,1,passive_one_sided_buy,one_sided_mm,0,0,0,10,0,10,0,0,hold,hold,-119356.5,mm_join_12,0.0,-119356.5,0.0,passive_inside_buy,,,
queue05,round1-day-2,-2,228100,-13,-13,flat_19,9991,10001,10,9996.0,9999.0,-4.0,cheap,0.6,3.0,buy_pressure,-4.0,True,shock,1,passive_one_sided_buy,one_sided_mm,0,0,0,10,0,10,0,0,hold,hold,-119356.5,mm_join_12,0.0,-119356.5,0.0,passive_inside_buy,,,
queue05,round1-day-2,-2,228400,-6,-6,flat_19,9996,10007,11,10001.5,9997.466666666667,1.5,neutral,-0.7333333333333333,-4.033333333332848,sell_pressure,5.5,True,shock,2,passive_two_sided,mm_inside,0,0,0,12,12,0,12,0,hold,hold,-49384.5,mm_join_12,0.0,-49384.5,0.0,,,,
queue05,round1-day-2,-2,229100,-6,-6,flat_19,9997,10008,11,10002.5,9999.75,2.5,rich,-0.5,-2.75,sell_pressure,2.5,False,steady,1,passive_one_sided_sell,one_sided_mm,0,0,0,0,12,0,12,0,sell_take1_16,take1,-49384.5,hold,5.0,-49389.5,5.0,passive_inside_sell,,,
queue05,round1-day-2,-2,230100,-6,-6,flat_19,9997,10007,10,10002.0,10000.333333333334,2.0,rich,-0.3333333333333333,-1.6666666666660603,mixed_pressure,2.0,False,steady,1,passive_one_sided_buy,one_sided_mm,0,0,0,12,0,0,0,0,sell_take1_16,take1,-49389.5,hold,5.0,-49394.5,5.0,passive_inside_buy,,,
queue05,round1-day-2,-2,230300,-6,-6,flat_19,9997,10010,13,10003.5,9998.857142857143,3.5,rich,-0.7142857142857143,-4.642857142856883,sell_pressure,4.5,True,shock,1,passive_one_sided_sell,one_sided_mm,0,0,0,0,9,0,9,0,sell_take1_16,take1,-49394.5,hold,4.0,-49398.5,4.0,passive_inside_sell,,,
queue05,round1-day-2,-2,230700,-6,-6,flat_19,9997,10007,10,10002.0,10000.125,2.0,rich,-0.375,-1.875,sell_pressure,3.0,False,steady,0,hold,hold,0,0,0,0,0,0,0,0,sell_take1_16,take1,-49398.5,hold,5.0,-49403.5,5.0,,,,
queue05,round1-day-2,-2,231600,-6,-6,flat_19,9990,10000,10,9995.0,9997.777777777777,-5.0,cheap,0.5555555555555556,2.7777777777773736,buy_pressure,-11.0,True,shock,1,passive_one_sided_buy,one_sided_mm,0,0,0,10,0,10,0,0,hold,hold,-49431.5,mm_join_12,0.0,-49431.5,0.0,passive_inside_buy,,,
queue05,round1-day-2,-2,232100,-8,-7,flat_19,9990,10000,10,9995.0,9997.894736842105,-5.0,cheap,0.5789473684210527,2.894736842104976,buy_pressure,-3.0,False,steady,1,passive_one_sided_buy,one_sided_mm,0,0,0,13,0,13,0,0,mm_inside_12,mm_inside,-69441.5,mm_inside_20,0.0,-69441.5,0.0,passive_inside_buy,,,
queue05,round1-day-2,-2,232600,-7,-7,flat_19,9991,10000,9,9995.5,9997.75,-4.5,cheap,0.5,2.25,buy_pressure,-3.5,True,shock,1,passive_one_sided_buy,one_sided_mm,0,0,0,10,0,10,0,0,hold,hold,-59450.5,mm_join_12,0.0,-59450.5,0.0,passive_inside_buy,,,
queue05,round1-day-2,-2,233900,-7,-7,flat_19,9988,9998,10,9993.0,9996.823529411764,-7.0,cheap,0.7647058823529411,3.823529411763957,buy_pressure,-4.0,True,shock,1,passive_one_sided_buy,one_sided_mm,0,0,0,10,0,10,0,0,hold,hold,-59450.5,mm_join_12,0.0,-59450.5,0.0,passive_inside_buy,,,
queue05,round1-day-2,-2,238200,-7,-7,flat_19,9989,9999,10,9994.0,9997.461538461539,-6.0,cheap,0.6923076923076923,3.4615384615390212,buy_pressure,-4.0,True,shock,1,passive_one_sided_buy,one_sided_mm,0,0,0,10,0,10,0,0,hold,hold,-59530.5,mm_join_12,0.0,-59530.5,0.0,passive_inside_buy,,,
queue05,round1-day-2,-2,239900,-3,-3,flat_19,9999,10008,9,10003.5,10001.076923076924,3.5,rich,-0.5384615384615384,-2.4230769230762235,sell_pressure,5.5,True,shock,1,passive_one_sided_sell,one_sided_mm,0,0,0,0,9,0,9,0,sell_take1_16,take1,-19550.5,hold,27.0,-19577.5,27.0,passive_inside_sell,,,
queue05,round1-day-2,-2,242200,-3,-3,flat_19,9995,10005,10,10000.0,9997.35294117647,0.0,neutral,-0.5294117647058824,-2.6470588235297328,sell_pressure,2.0,False,steady,1,passive_one_sided_sell,one_sided_mm,0,0,0,0,12,0,12,0,hold,hold,-19577.5,mm_join_12,0.0,-19577.5,0.0,passive_inside_sell,,,
queue05,round1-day-2,-2,242800,3,3,flat_19,9994,10007,13,10000.5,9995.3,0.5,neutral,-0.8,-5.200000000000728,sell_pressure,5.0,True,shock,1,passive_one_sided_sell,one_sided_mm,0,0,0,0,9,0,9,0,hold,hold,40350.5,mm_join_12,0.0,40350.5,0.0,passive_inside_sell,,,
queue05,round1-day-2,-2,245300,2,2,flat_19,9996,10009,13,10002.5,9997.083333333334,2.5,rich,-0.8333333333333334,-5.41666666666606,sell_pressure,4.5,True,shock,1,passive_one_sided_sell,one_sided_mm,0,0,0,0,9,0,9,0,hold,hold,30346.5,mm_join_12,0.0,30346.5,0.0,passive_inside_sell,,,
queue05,round1-day-2,-2,246600,-3,-3,flat_19,9991,10000,9,9995.5,9997.631578947368,-4.5,cheap,0.47368421052631576,2.1315789473683253,buy_pressure,-8.0,True,shock,1,passive_one_sided_buy,one_sided_mm,0,0,0,10,0,10,0,0,hold,hold,-19671.5,mm_join_12,0.0,-19671.5,0.0,passive_inside_buy,,,
queue05,round1-day-2,-2,247200,-3,-3,flat_19,9991,10000,9,9995.5,9998.714285714286,-4.5,cheap,0.7142857142857143,3.214285714286234,buy_pressure,-3.5,True,shock,1,passive_one_sided_buy,one_sided_mm,0,0,0,10,0,10,0,0,hold,hold,-19671.5,mm_join_12,0.0,-19671.5,0.0,passive_inside_buy,,,
queue05,round1-day-2,-2,247700,-3,-3,flat_19,9992,10001,9,9996.5,9999.5,-3.5,cheap,0.6666666666666666,3.0,buy_pressure,-4.0,True,shock,1,passive_one_sided_buy,one_sided_mm,0,0,0,10,0,10,0,0,hold,hold,-19671.5,mm_join_12,0.0,-19671.5,0.0,passive_inside_buy,,,
queue05,round1-day-2,-2,248700,-3,-3,flat_19,9990,10000,10,9995.0,9998.125,-5.0,cheap,0.625,3.125,buy_pressure,-3.0,False,steady,1,passive_one_sided_buy,one_sided_mm,0,0,0,13,0,13,0,0,hold,hold,-19671.5,mm_join_12,0.0,-19671.5,0.0,passive_inside_buy,,,
queue05,round1-day-2,-2,249200,-3,-3,flat_19,10000,10009,9,10004.5,10001.363636363636,4.5,rich,-0.696969696969697,-3.136363636363967,sell_pressure,7.5,True,shock,1,passive_one_sided_sell,one_sided_mm,0,0,0,0,9,0,9,0,sell_take1_16,take1,-19671.5,hold,20.0,-19691.5,20.0,passive_inside_sell,,,
queue05,round1-day-2,-2,250800,-1,-1,flat_19,9991,10001,10,9996.0,9999.75,-4.0,cheap,0.75,3.75,buy_pressure,-3.0,False,steady,1,passive_one_sided_buy,one_sided_mm,0,0,0,13,0,13,0,0,hold,hold,290.5,mm_join_12,0.0,290.5,0.0,passive_inside_buy,,,
queue05,round1-day-2,-2,251200,-1,-1,flat_19,9997,10008,11,10002.5,9998.375,2.5,rich,-0.75,-4.125,sell_pressure,3.5,True,shock,1,passive_one_sided_sell,one_sided_mm,0,0,0,0,9,0,9,0,sell_take1_16,take1,290.5,hold,2.0,288.5,2.0,passive_inside_sell,,,
queue05,round1-day-2,-2,254400,-4,-4,flat_19,9995,10006,11,10000.5,9996.833333333334,0.5,neutral,-0.6666666666666666,-3.6666666666660603,sell_pressure,-5.5,True,shock,2,passive_two_sided,mm_inside,0,0,0,12,12,0,12,0,hold,hold,-29725.5,mm_join_12,0.0,-29725.5,0.0,,,,
queue05,round1-day-2,-2,258000,-5,-5,flat_19,9994,10004,10,9999.0,9995.333333333334,-1.0,neutral,-0.7333333333333333,-3.6666666666660603,sell_pressure,2.0,False,steady,1,passive_one_sided_sell,one_sided_mm,0,0,0,0,12,0,12,0,hold,hold,-39741.5,mm_join_12,0.0,-39741.5,0.0,passive_inside_sell,,,
queue05,round1-day-2,-2,259900,1,1,flat_19,9987,9997,10,9992.0,9994.777777777777,-8.0,cheap,0.5555555555555556,2.7777777777773736,buy_pressure,-3.0,True,shock,1,passive_one_sided_buy,one_sided_mm,0,0,0,10,0,10,0,0,hold,hold,20216.5,mm_join_12,0.0,20216.5,0.0,passive_inside_buy,,,
queue05,round1-day-2,-2,263700,-1,-1,flat_19,9986,9995,9,9990.5,9993.105263157895,-9.5,cheap,0.5789473684210527,2.605263157895024,buy_pressure,-5.0,True,shock,1,passive_one_sided_buy,one_sided_mm,0,0,0,10,0,10,0,0,buy_take1_16,take1,154.5,hold,4.0,150.5,4.0,passive_inside_buy,,,
queue05,round1-day-2,-2,264000,-1,-1,flat_19,9991,10002,11,9996.5,9994.055555555555,-3.5,cheap,-0.4444444444444444,-2.444444444445253,sell_pressure,3.5,True,shock,1,passive_one_sided_sell,one_sided_mm,0,0,0,0,9,0,9,0,hold,hold,150.5,mm_join_12,0.0,150.5,0.0,passive_inside_sell,,,
queue05,round1-day-2,-2,264700,-1,-1,flat_19,9991,10001,10,9996.0,9993.0,-4.0,cheap,-0.6,-3.0,sell_pressure,4.0,True,shock,1,passive_one_sided_sell,one_sided_mm,0,0,0,0,9,0,9,0,hold,hold,150.5,mm_join_12,0.0,150.5,0.0,passive_inside_sell,,,
queue05,round1-day-2,-2,265500,-1,-1,flat_19,9990,10001,11,9995.5,9992.75,-4.5,cheap,-0.5,-2.75,sell_pressure,4.0,True,shock,1,passive_one_sided_sell,one_sided_mm,0,0,0,0,9,0,9,0,hold,hold,150.5,mm_join_12,0.0,150.5,0.0,passive_inside_sell,,,
queue05,round1-day-2,-2,265800,-1,-1,flat_19,9983,9995,12,9989.0,9992.857142857143,-11.0,cheap,0.6428571428571429,3.857142857143117,buy_pressure,-5.0,True,shock,1,passive_one_sided_buy,one_sided_mm,0,0,0,10,0,10,0,0,buy_take1_16,take1,150.5,hold,5.0,145.5,5.0,passive_inside_buy,,,
queue05,round1-day-2,-2,266100,-1,-1,flat_19,9994,10003,9,9998.5,9996.076923076924,-1.5,neutral,-0.5384615384615384,-2.4230769230762235,sell_pressure,5.5,True,shock,1,passive_one_sided_sell,one_sided_mm,0,0,0,0,9,0,9,0,hold,hold,145.5,mm_join_12,0.0,145.5,0.0,passive_inside_sell,,,
queue05,round1-day-2,-2,267400,9,9,flat_19,9990,10003,13,9996.5,9992.32142857143,-3.5,cheap,-0.6428571428571429,-4.178571428570649,sell_pressure,-4.5,True,shock,1,passive_one_sided_sell,one_sided_mm,0,0,0,0,9,0,9,0,hold,hold,100055.5,mm_join_12,0.0,100055.5,0.0,passive_inside_sell,,,
queue05,round1-day-2,-2,269200,19,19,flat_19,9991,10001,10,9996.0,9993.941176470587,-4.0,cheap,-0.4117647058823529,-2.0588235294126207,sell_pressure,3.0,False,steady,1,passive_one_sided_sell,one_sided_mm,0,0,0,0,12,0,12,0,hold,hold,199965.5,mm_join_12,0.0,199965.5,0.0,passive_inside_sell,,,
queue05,round1-day-2,-2,270900,18,18,flat_19,9992,10002,10,9997.0,9993.176470588236,-3.0,cheap,-0.7647058823529411,-3.823529411763957,sell_pressure,3.5,True,shock,1,passive_one_sided_sell,one_sided_mm,0,0,0,0,9,0,9,0,hold,hold,189964.5,mm_join_12,0.0,189964.5,0.0,passive_inside_sell,,,
queue05,round1-day-2,-2,273600,23,23,long_20_39,9986,9996,10,9991.0,9992.666666666666,-9.0,cheap,0.3333333333333333,1.6666666666660603,mixed_pressure,-4.0,True,shock,1,passive_one_sided_sell,one_sided_mm,0,0,0,0,9,0,0,0,hold,hold,239919.5,mm_join_12,0.0,239919.5,0.0,passive_inside_sell,,,
queue05,round1-day-2,-2,274100,23,23,long_20_39,9986,9996,10,9991.0,9994.823529411764,-9.0,cheap,0.7647058823529411,3.823529411763957,buy_pressure,-3.0,True,shock,1,passive_one_sided_buy,one_sided_mm,0,0,0,10,0,10,0,0,hold,hold,239919.5,mm_join_12,0.0,239919.5,0.0,passive_inside_buy,,,
queue05,round1-day-2,-2,276200,25,25,long_20_39,9993,10003,10,9998.0,9995.631578947368,-2.0,cheap,-0.47368421052631576,-2.3684210526316747,sell_pressure,3.0,False,steady,1,passive_one_sided_sell,one_sided_mm,0,0,0,0,12,0,12,0,hold,hold,259891.5,mm_join_12,0.0,259891.5,0.0,passive_inside_sell,,,
queue05,round1-day-2,-2,278700,25,25,long_20_39,9983,9992,9,9987.5,9990.5,-12.5,cheap,0.6666666666666666,3.0,buy_pressure,-3.5,True,shock,1,passive_one_sided_buy,one_sided_mm,0,0,0,10,0,10,0,0,buy_take1_16,take1,259891.5,hold,12.0,259879.5,12.0,passive_inside_buy,,,
queue05,round1-day-2,-2,282100,27,27,long_20_39,9985,9995,10,9990.0,9993.823529411764,-10.0,cheap,0.7647058823529411,3.823529411763957,buy_pressure,-8.0,True,shock,1,passive_one_sided_buy,one_sided_mm,0,0,0,10,0,10,0,0,buy_take1_16,take1,279817.5,hold,3.0,279814.5,3.0,passive_inside_buy,,,
queue05,round1-day-2,-2,283300,24,24,long_20_39,9987,9996,9,9991.5,9993.42857142857,-8.5,cheap,0.42857142857142855,1.928571428570649,buy_pressure,-3.5,True,shock,1,passive_one_sided_buy,one_sided_mm,0,0,0,10,0,10,0,0,hold,hold,249811.5,mm_join_12,0.0,249811.5,0.0,passive_inside_buy,,,
queue05,round1-day-2,-2,289500,28,28,long_20_39,9991,10002,11,9996.5,9992.375,-3.5,cheap,-0.75,-4.125,sell_pressure,2.5,False,steady,1,passive_one_sided_sell,one_sided_mm,0,0,0,0,12,0,12,0,hold,hold,289712.5,mm_join_12,0.0,289712.5,0.0,passive_inside_sell,,,
queue05,round1-day-2,-2,290200,28,28,long_20_39,9982,9994,12,9988.0,9991.6,-12.0,cheap,0.6,3.600000000000364,buy_pressure,3.0,True,shock,1,passive_one_sided_buy,one_sided_mm,0,0,0,10,0,10,0,0,buy_take1_16,take1,289712.5,hold,9.0,289703.5,9.0,passive_inside_buy,,,
queue05,round1-day-2,-2,291700,32,32,long_20_39,9991,10002,11,9996.5,9993.75,-3.5,cheap,-0.5,-2.75,sell_pressure,2.5,False,steady,1,passive_one_sided_sell,one_sided_mm,0,0,0,0,12,0,12,0,hold,hold,329651.5,mm_join_12,0.0,329651.5,0.0,passive_inside_sell,,,
queue05,round1-day-2,-2,294700,40,40,long_40_59,9997,10006,9,10001.5,9999.076923076924,1.5,neutral,-0.5384615384615384,-2.4230769230762235,sell_pressure,6.5,True,shock,1,passive_one_sided_sell,one_sided_mm,0,0,0,0,9,0,9,0,sell_take1_16,take1,409582.5,hold,6.0,409576.5,6.0,passive_inside_sell,,,
queue05,round1-day-2,-2,295200,40,40,long_40_59,9992,10002,10,9997.0,9993.333333333334,-3.0,cheap,-0.7333333333333333,-3.6666666666660603,sell_pressure,2.0,False,steady,1,passive_one_sided_sell,one_sided_mm,0,0,0,0,12,0,12,0,hold,hold,409576.5,mm_join_12,0.0,409576.5,0.0,passive_inside_sell,,,
queue05,round1-day-2,-2,295400,40,37,long_40_59,9991,10001,10,9996.0,9992.42857142857,-4.0,cheap,-0.7142857142857143,-3.571428571429351,sell_pressure,1.0,False,steady,1,passive_one_sided_sell,one_sided_mm,0,0,0,0,12,0,12,0,mm_inside_12,mm_inside,409576.5,mm_inside_20,0.0,409576.5,0.0,passive_inside_sell,,,
queue05,round1-day-2,-2,295500,37,37,long_20_39,9991,10001,10,9996.0,9992.666666666666,-4.0,cheap,-0.6666666666666666,-3.3333333333339397,sell_pressure,0.0,False,steady,1,passive_one_sided_sell,one_sided_mm,0,0,0,0,12,0,12,0,hold,hold,379576.5,mm_join_12,0.0,379576.5,0.0,passive_inside_sell,,,
queue05,round1-day-2,-2,296200,37,37,long_20_39,9992,10003,11,9997.5,9994.588235294117,-2.5,cheap,-0.5294117647058824,-2.911764705882888,sell_pressure,3.5,True,shock,1,passive_one_sided_sell,one_sided_mm,0,0,0,0,9,0,9,0,hold,hold,379576.5,mm_join_12,0.0,379576.5,0.0,passive_inside_sell,,,
queue05,round1-day-2,-2,296500,37,37,long_20_39,9992,10005,13,9998.5,9993.969696969696,-1.5,neutral,-0.696969696969697,-4.530303030303912,sell_pressure,11.5,True,shock,1,passive_one_sided_sell,one_sided_mm,0,0,0,0,12,0,12,0,hold,hold,379576.5,mm_join_12,0.0,379576.5,0.0,passive_inside_sell,,,
queue05,round1-day-2,-2,297000,37,37,long_20_39,9992,10003,11,9997.5,9995.142857142857,-2.5,cheap,-0.42857142857142855,-2.357142857143117,sell_pressure,2.5,False,steady,1,passive_one_sided_sell,one_sided_mm,0,0,0,0,12,0,12,0,hold,hold,379576.5,mm_join_12,0.0,379576.5,0.0,passive_inside_sell,,,
queue05,round1-day-2,-2,298100,34,34,long_20_39,9986,9996,10,9991.0,9993.222222222223,-9.0,cheap,0.4444444444444444,2.2222222222226264,buy_pressure,-2.5,True,shock,1,passive_one_sided_buy,one_sided_mm,0,0,0,10,0,10,0,0,hold,hold,349570.5,mm_join_12,0.0,349570.5,0.0,passive_inside_buy,,,
queue05,round1-day-2,-2,303900,55,55,long_40_59,9993,10002,9,9997.5,9994.551724137931,-2.5,cheap,-0.6551724137931034,-2.94827586206884,sell_pressure,5.0,True,shock,2,passive_two_sided,mm_inside,0,0,0,6,11,0,11,0,hold,hold,559374.5,mm_join_12,0.0,559374.5,0.0,,,,
queue05,round1-day-2,-2,310600,60,60,long_60_plus,9988,9999,11,9993.5,9990.2,-6.5,cheap,-0.6,-3.2999999999992724,sell_pressure,3.5,True,shock,2,passive_two_sided,mm_inside,0,0,0,6,11,0,11,0,hold,hold,609243.5,mm_join_12,0.0,609243.5,0.0,,,,
queue05,round1-day-2,-2,310800,60,60,long_60_plus,9988,9998,10,9993.0,9990.941176470587,-7.0,cheap,-0.4117647058823529,-2.0588235294126207,sell_pressure,2.0,True,shock,2,passive_two_sided,mm_inside,0,0,0,6,11,0,11,0,hold,hold,609243.5,mm_join_12,0.0,609243.5,0.0,,,,
queue05,round1-day-2,-2,310900,60,60,long_60_plus,9980,9992,12,9986.0,9990.344827586207,-14.0,cheap,0.7241379310344828,4.34482758620652,buy_pressure,-7.0,True,shock,1,passive_one_sided_buy,one_sided_mm,0,0,0,6,0,6,0,0,buy_take1_16,take1,609243.5,hold,17.0,609226.5,17.0,passive_inside_buy,,,
queue05,round1-day-2,-2,312800,73,73,long_60_plus,9987,9998,11,9992.5,9989.538461538461,-7.5,cheap,-0.5384615384615384,-2.9615384615390212,sell_pressure,-4.5,True,shock,2,passive_two_sided,mm_inside,0,0,0,6,11,6,11,0,hold,hold,739166.5,mm_join_12,0.0,739166.5,0.0,,,,
queue05,round1-day-2,-2,313500,73,73,long_60_plus,9989,9999,10,9994.0,9992.125,-6.0,cheap,-0.375,-1.875,sell_pressure,3.0,True,shock,2,passive_two_sided,mm_inside,0,0,0,6,11,0,11,0,hold,hold,739166.5,mm_join_12,0.0,739166.5,0.0,,,,
queue05,round1-day-2,-2,314600,69,69,long_60_plus,9984,9993,9,9988.5,9991.714285714286,-11.5,cheap,0.7142857142857143,3.214285714286234,buy_pressure,-3.5,True,shock,1,passive_one_sided_buy,one_sided_mm,0,0,0,6,0,6,0,0,buy_take1_16,take1,699170.5,hold,8.0,699162.5,8.0,passive_inside_buy,,,
queue05,round1-day-2,-2,318200,68,68,long_60_plus,9991,10001,10,9996.0,9993.222222222223,-4.0,cheap,-0.5555555555555556,-2.7777777777773736,sell_pressure,3.0,False,steady,2,passive_two_sided,mm_inside,0,0,0,9,14,0,14,0,hold,hold,689137.5,mm_join_12,0.0,689137.5,0.0,,,,
queue05,round1-day-2,-2,320400,72,72,long_60_plus,9986,9995,9,9990.5,9993.8,-9.5,cheap,0.7333333333333333,3.2999999999992724,buy_pressure,4.5,True,shock,2,passive_two_sided,mm_inside,0,0,0,6,11,6,0,0,hold,hold,729085.5,mm_join_12,0.0,729085.5,0.0,,,,
queue05,round1-day-2,-2,326600,66,66,long_60_plus,9991,10001,10,9996.0,9992.333333333334,-4.0,cheap,-0.7333333333333333,-3.6666666666660603,sell_pressure,2.5,False,steady,2,passive_two_sided,mm_inside,0,0,0,9,14,0,14,0,hold,hold,669056.5,mm_join_12,0.0,669056.5,0.0,,,,
queue05,round1-day-2,-2,328700,66,66,long_60_plus,9992,10003,11,9997.5,9995.666666666666,-2.5,cheap,-0.3333333333333333,-1.8333333333339397,mixed_pressure,3.5,True,shock,2,passive_two_sided,mm_inside,0,0,0,6,11,6,11,0,hold,hold,669056.5,mm_join_12,0.0,669056.5,0.0,,,,
queue05,round1-day-2,-2,329800,59,59,long_40_59,9986,9995,9,9990.5,9992.5,-9.5,cheap,0.4444444444444444,2.0,buy_pressure,-3.5,True,shock,2,passive_two_sided,mm_inside,0,0,0,6,11,6,0,0,hold,hold,599077.5,mm_join_12,0.0,599077.5,0.0,,,,
queue05,round1-day-2,-2,336800,80,80,long_60_plus,9981,9993,12,9987.0,9992.04,-13.0,cheap,0.84,5.040000000000873,buy_pressure,-4.0,True,shock,1,passive_one_sided_sell,one_sided_mm,0,0,0,0,11,0,0,0,hold,hold,808762.5,mm_join_12,0.0,808762.5,0.0,passive_inside_sell,1,9,1.0
queue05,round1-day-2,-2,337400,80,80,long_60_plus,9981,9993,12,9987.0,9991.181818181818,-13.0,cheap,0.696969696969697,4.1818181818180165,buy_pressure,-4.0,True,shock,0,hold,hold,0,0,0,0,0,0,0,0,hold,hold,808762.5,mm_join_12,0.0,808762.5,0.0,,,,
queue05,round1-day-2,-2,342400,80,80,long_60_plus,9981,9990,9,9985.5,9988.714285714286,-14.5,cheap,0.7142857142857143,3.214285714286234,buy_pressure,-2.5,True,shock,0,hold,hold,0,0,0,0,0,0,0,0,hold,hold,808762.5,mm_join_12,0.0,808762.5,0.0,,,,
queue05,round1-day-2,-2,346300,80,80,long_60_plus,9982,9992,10,9987.0,9990.235294117647,-13.0,cheap,0.6470588235294118,3.235294117646845,buy_pressure,-3.0,True,shock,0,hold,hold,0,0,0,0,0,0,0,0,hold,hold,808762.5,mm_join_12,0.0,808762.5,0.0,,,,
queue05,round1-day-2,-2,347200,80,80,long_60_plus,9988,9998,10,9993.0,9990.105263157895,-7.0,cheap,-0.5789473684210527,-2.894736842104976,sell_pressure,3.0,True,shock,1,passive_one_sided_sell,one_sided_mm,0,0,0,0,11,0,11,0,hold,hold,808762.5,mm_join_12,0.0,808762.5,0.0,passive_inside_sell,,,
queue05,round1-day-2,-2,349400,80,80,long_60_plus,9982,9992,10,9987.0,9990.666666666666,-13.0,cheap,0.7333333333333333,3.6666666666660603,buy_pressure,-4.5,True,shock,1,passive_one_sided_sell,one_sided_mm,0,0,0,0,11,0,0,0,hold,hold,808762.5,mm_join_12,0.0,808762.5,0.0,passive_inside_sell,,,
queue05,round1-day-2,-2,350500,77,77,long_60_plus,9989,10000,11,9994.5,9992.142857142857,-5.5,cheap,-0.42857142857142855,-2.357142857143117,sell_pressure,2.5,False,steady,2,passive_two_sided,mm_inside,0,0,0,3,14,0,14,0,hold,hold,778768.5,mm_join_12,0.0,778768.5,0.0,,,,
queue05,round1-day-2,-2,352500,75,75,long_60_plus,9993,10004,11,9998.5,9996.142857142857,-1.5,neutral,-0.42857142857142855,-2.357142857143117,sell_pressure,2.5,False,steady,2,passive_two_sided,mm_inside,0,0,0,5,14,0,14,0,hold,hold,758764.5,mm_join_12,0.0,758764.5,0.0,,,,
queue05,round1-day-2,-2,354900,76,76,long_60_plus,9996,10005,9,10000.5,9997.90909090909,0.5,neutral,-0.5757575757575758,-2.5909090909099177,sell_pressure,7.0,True,shock,2,passive_two_sided,mm_inside,0,0,0,4,11,0,11,0,hold,hold,768721.5,mm_join_12,0.0,768721.5,0.0,,,,
queue05,round1-day-2,-2,355500,76,76,long_60_plus,9987,9996,9,9991.5,9994.5,-8.5,cheap,0.6666666666666666,3.0,buy_pressure,4.5,True,shock,2,passive_two_sided,mm_inside,0,0,0,4,11,4,0,0,buy_take1_16,take1,768721.5,hold,6.0,768715.5,6.0,,,,
queue05,round1-day-2,-2,358300,73,73,long_60_plus,9994,10004,10,9999.0,9997.125,-1.0,neutral,-0.375,-1.875,sell_pressure,-5.0,True,shock,2,passive_two_sided,mm_inside,0,0,0,7,14,0,14,0,hold,hold,738700.5,mm_join_12,0.0,738700.5,0.0,,,,
queue05,round1-day-2,-2,359900,73,73,long_60_plus,9994,10005,11,9999.5,9996.444444444445,-0.5,neutral,-0.5555555555555556,-3.055555555554747,sell_pressure,2.5,False,steady,2,passive_two_sided,mm_inside,0,0,0,7,14,0,14,0,hold,hold,738700.5,mm_join_12,0.0,738700.5,0.0,,,,
queue05,round1-day-2,-2,360400,73,73,long_60_plus,9995,10008,13,10001.5,9996.56,1.5,neutral,-0.76,-4.940000000000509,sell_pressure,4.5,True,shock,2,passive_two_sided,mm_inside,0,0,0,6,11,0,11,0,hold,hold,738700.5,mm_join_12,0.0,738700.5,0.0,,,,
queue05,round1-day-2,-2,361000,73,73,long_60_plus,9995,10006,11,10000.5,9997.315789473685,0.5,neutral,-0.5789473684210527,-3.184210526314928,sell_pressure,2.5,False,steady,2,passive_two_sided,mm_inside,0,0,0,7,14,0,14,0,hold,hold,738700.5,mm_join_12,0.0,738700.5,0.0,,,,
queue05,round1-day-2,-2,361900,72,72,long_60_plus,9995,10005,10,10000.0,9997.222222222223,0.0,neutral,-0.5555555555555556,-2.7777777777773736,sell_pressure,3.0,False,steady,2,passive_two_sided,mm_inside,0,0,0,8,14,0,14,0,hold,hold,728696.5,mm_join_12,0.0,728696.5,0.0,,,,
queue05,round1-day-2,-2,362500,72,72,long_60_plus,9989,9999,10,9994.0,9996.857142857143,-6.0,cheap,0.5714285714285714,2.857142857143117,buy_pressure,-3.5,True,shock,2,passive_two_sided,mm_inside,0,0,0,6,11,6,0,0,hold,hold,728696.5,mm_join_12,0.0,728696.5,0.0,,,,
queue05,round1-day-2,-2,364000,72,68,long_60_plus,9994,10007,13,10000.5,9994.866666666667,0.5,neutral,-0.8666666666666667,-5.633333333333212,sell_pressure,4.5,True,shock,2,passive_two_sided,mm_inside,0,0,0,6,11,0,11,0,mm_inside_12,mm_inside,728696.5,mm_inside_20,0.0,728696.5,0.0,,,,
queue05,round1-day-2,-2,365000,68,68,long_60_plus,9989,9998,9,9993.5,9996.615384615385,-6.5,cheap,0.6923076923076923,3.1153846153847553,buy_pressure,-3.5,True,shock,2,passive_two_sided,mm_inside,0,0,0,6,11,6,0,0,buy_take1_16,take1,688672.5,hold,2.0,688670.5,2.0,,,,
queue05,round1-day-2,-2,365300,68,68,long_60_plus,9986,9998,12,9992.0,9995.931034482759,-8.0,cheap,0.6551724137931034,3.9310344827590598,buy_pressure,-4.0,True,shock,1,passive_one_sided_buy,one_sided_mm,0,0,0,6,0,6,0,0,hold,hold,688670.5,mm_join_12,0.0,688670.5,0.0,passive_inside_buy,,,
queue05,round1-day-2,-2,370300,55,55,long_40_59,9998,10009,11,10003.5,10000.538461538461,3.5,rich,-0.5384615384615384,-2.9615384615390212,sell_pressure,2.5,False,steady,1,passive_one_sided_sell,one_sided_mm,0,0,0,0,14,0,14,0,hold,hold,558618.5,mm_join_12,0.0,558618.5,0.0,passive_inside_sell,,,
queue05,round1-day-2,-2,372400,70,70,long_60_plus,9992,10002,10,9997.0,10000.333333333334,-3.0,cheap,0.6666666666666666,3.3333333333339397,buy_pressure,-5.0,True,shock,1,passive_one_sided_buy,one_sided_mm,0,0,0,9,0,9,0,0,hold,hold,708560.5,mm_join_12,0.0,708560.5,0.0,passive_inside_buy,,,
queue05,round1-day-2,-2,377000,79,79,long_60_plus,9990,10002,12,9996.0,10000.5,-4.0,cheap,0.75,4.5,buy_pressure,-4.0,True,shock,1,passive_one_sided_buy,one_sided_mm,0,0,0,1,0,1,0,0,hold,hold,798515.5,mm_join_12,0.0,798515.5,0.0,passive_inside_buy,,,
queue05,round1-day-2,-2,380600,77,77,long_60_plus,9999,10012,13,10005.5,10000.258064516129,5.5,rich,-0.8064516129032258,-5.2419354838712025,sell_pressure,5.5,True,shock,1,passive_one_sided_sell,one_sided_mm,0,0,0,0,11,0,11,0,hold,hold,778483.5,mm_join_12,0.0,778483.5,0.0,passive_inside_sell,,,
queue05,round1-day-2,-2,382300,77,77,long_60_plus,9996,10006,10,10001.0,10003.368421052632,1.0,neutral,0.47368421052631576,2.3684210526316747,buy_pressure,-2.0,False,steady,1,passive_one_sided_buy,one_sided_mm,0,0,0,3,0,3,0,0,hold,hold,778483.5,mm_join_12,0.0,778483.5,0.0,passive_inside_buy,,,
queue05,round1-day-2,-2,384700,80,80,long_60_plus,9995,10004,9,9999.5,10002.411764705883,-0.5,neutral,0.6470588235294118,2.911764705882888,buy_pressure,-4.5,True,shock,0,hold,hold,0,0,0,0,0,0,0,0,hold,hold,808486.5,mm_join_12,0.0,808486.5,0.0,,,,
queue05,round1-day-2,-2,385000,70,70,long_60_plus,9995,10005,10,10000.0,10004.333333333334,0.0,neutral,0.8666666666666667,4.33333333333394,buy_pressure,-11.0,True,shock,1,passive_one_sided_buy,one_sided_mm,0,0,0,9,0,9,0,0,mm_inside_12,mm_inside,708458.5,mm_inside_20,0.0,708458.5,0.0,passive_inside_buy,,,
queue05,round1-day-2,-2,386000,70,68,long_60_plus,10000,10010,10,10005.0,10001.25,5.0,rich,-0.75,-3.75,sell_pressure,3.0,False,steady,2,clear_sell,take1,0,2,2,0,14,0,14,1,hold,hold,708452.5,mm_join_12,0.0,708450.5,2.0,take_b1,,,
queue05,round1-day-2,-2,392900,67,67,long_60_plus,10000,10013,13,10006.5,10001.04,6.5,rich,-0.84,-5.459999999999127,sell_pressure,3.5,True,shock,1,passive_one_sided_sell,one_sided_mm,0,0,0,0,11,0,11,0,hold,hold,678346.5,mm_join_12,0.0,678346.5,0.0,passive_inside_sell,,,
queue05,round1-day-2,-2,394200,56,53,long_40_59,10002,10013,11,10007.5,10004.357142857143,7.5,rich,-0.5714285714285714,-3.142857142856883,sell_pressure,3.5,True,shock,2,clear_sell,take1,0,3,3,0,11,0,11,1,sell_take1_16,take1,568263.5,hold,3.0,568263.5,0.0,take_b1,,,
queue05,round1-day-2,-2,397300,59,55,long_40_59,10002,10012,10,10007.0,10004.35294117647,7.0,rich,-0.5294117647058824,-2.6470588235297328,sell_pressure,4.0,True,shock,2,clear_sell,take1,0,4,4,0,11,0,11,1,sell_take1_16,take1,598239.5,hold,4.0,598239.5,0.0,take_b1,,,
queue05,round1-day-2,-2,400500,59,50,long_40_59,10005,10014,9,10009.5,10007.131578947368,9.5,rich,-0.5263157894736842,-2.3684210526316747,sell_pressure,8.0,True,shock,3,clear_sell,take1,0,18,18,0,11,0,11,1,sell_take1_16,take1,598215.5,hold,36.0,598215.5,0.0,take_b1,,,
queue05,round1-day-2,-2,400600,50,50,long_40_59,9995,10004,9,9999.5,10001.75,-0.5,neutral,0.5,2.25,buy_pressure,-10.0,True,shock,1,passive_one_sided_buy,one_sided_mm,0,0,0,6,0,6,0,0,hold,hold,508170.5,mm_join_12,0.0,508170.5,0.0,passive_inside_buy,,,
queue05,round1-day-2,-2,403200,49,49,long_40_59,9999,10010,11,10004.5,10002.235294117647,4.5,rich,-0.4117647058823529,-2.264705882353155,sell_pressure,-5.5,True,shock,1,passive_one_sided_sell,one_sided_mm,0,0,0,0,11,0,11,0,mm_inside_12,mm_inside,498106.5,mm_inside_20,0.0,498106.5,0.0,passive_inside_sell,,,
queue05,round1-day-2,-2,404100,49,49,long_40_59,9994,10004,10,9999.0,10002.333333333334,-1.0,neutral,0.6666666666666666,3.3333333333339397,buy_pressure,-3.0,False,steady,1,passive_one_sided_buy,one_sided_mm,0,0,0,9,0,9,0,0,hold,hold,498104.5,mm_join_12,0.0,498104.5,0.0,passive_inside_buy,,,
queue05,round1-day-2,-2,404200,49,46,long_40_59,10000,10010,10,10005.0,10002.35294117647,5.0,rich,-0.5294117647058824,-2.6470588235297328,sell_pressure,6.0,True,shock,1,passive_one_sided_sell,one_sided_mm,0,0,0,0,11,0,11,0,mm_inside_12,mm_inside,498104.5,mm_inside_20,0.0,498104.5,0.0,passive_inside_sell,,,
queue05,round1-day-2,-2,404300,46,46,long_40_59,9999,10010,11,10004.5,10001.357142857143,4.5,rich,-0.5714285714285714,-3.142857142856883,sell_pressure,-0.5,False,steady,1,passive_one_sided_sell,one_sided_mm,0,0,0,0,14,0,14,0,hold,hold,468077.5,mm_join_12,0.0,468077.5,0.0,passive_inside_sell,,,
queue05,round1-day-2,-2,406500,46,46,long_40_59,9995,10005,10,10000.0,10002.64705882353,0.0,neutral,0.5294117647058824,2.6470588235297328,buy_pressure,-4.0,True,shock,1,passive_one_sided_buy,one_sided_mm,0,0,0,6,0,6,0,0,hold,hold,468077.5,mm_join_12,0.0,468077.5,0.0,passive_inside_buy,,,
queue05,round1-day-2,-2,409700,31,31,long_20_39,9997,10007,10,10002.0,10005.125,2.0,rich,0.625,3.125,buy_pressure,-4.5,True,shock,1,passive_one_sided_buy,one_sided_mm,0,0,0,9,0,9,0,0,hold,hold,318012.5,mm_join_12,0.0,318012.5,0.0,passive_inside_buy,,,
queue05,round1-day-2,-2,412600,32,32,long_20_39,10004,10017,13,10010.5,10004.8125,10.5,rich,-0.875,-5.6875,sell_pressure,11.5,True,shock,1,passive_one_sided_sell,one_sided_mm,0,0,0,0,9,0,9,0,sell_take1_16,take1,328010.5,hold,6.0,328004.5,6.0,passive_inside_sell,,,
queue05,round1-day-2,-2,415400,36,36,long_20_39,9999,10009,10,10004.0,10006.894736842105,4.0,rich,0.5789473684210527,2.894736842104976,buy_pressure,-3.0,False,steady,1,passive_one_sided_buy,one_sided_mm,0,0,0,12,0,12,0,0,hold,hold,368000.5,mm_join_12,0.0,368000.5,0.0,passive_inside_buy,,,
queue05,round1-day-2,-2,416600,36,36,long_20_39,9999,10009,10,10004.0,10007.823529411764,4.0,rich,0.7647058823529411,3.823529411763957,buy_pressure,-3.0,False,steady,1,passive_one_sided_buy,one_sided_mm,0,0,0,12,0,12,0,0,hold,hold,368000.5,mm_join_12,0.0,368000.5,0.0,passive_inside_buy,,,
queue05,round1-day-2,-2,417000,32,35,long_20_39,10000,10009,9,10004.5,10006.5,4.5,rich,0.4444444444444444,2.0,buy_pressure,-3.5,True,shock,2,passive_two_sided,mm_inside,0,0,0,9,9,9,9,0,hold,hold,327932.5,mm_join_12,0.0,327932.5,0.0,,,,
queue05,round1-day-2,-2,418100,32,32,long_20_39,10000,10009,9,10004.5,10007.2,4.5,rich,0.6,2.7000000000007276,buy_pressure,-4.0,True,shock,2,passive_two_sided,mm_inside,0,0,0,9,9,9,9,0,hold,hold,327884.5,mm_join_12,0.0,327884.5,0.0,,,,
queue05,round1-day-2,-2,418300,32,32,long_20_39,10000,10010,10,10005.0,10008.333333333334,5.0,rich,0.6666666666666666,3.3333333333339397,buy_pressure,-3.0,False,steady,1,passive_one_sided_buy,one_sided_mm,0,0,0,12,0,0,0,0,hold,hold,327884.5,mm_join_12,0.0,327884.5,0.0,passive_inside_buy,,,
queue05,round1-day-2,-2,419700,20,20,long_20_39,10000,10009,9,10004.5,10007.5,4.5,rich,0.6666666666666666,3.0,buy_pressure,-3.5,True,shock,2,passive_two_sided,mm_inside,0,0,0,9,9,9,9,0,hold,hold,207872.5,mm_join_12,0.0,207872.5,0.0,,,,
queue05,round1-day-2,-2,423000,9,9,flat_19,9999,10011,12,10005.0,10008.6,5.0,rich,0.6,3.600000000000364,buy_pressure,-4.0,True,shock,1,passive_one_sided_buy,one_sided_mm,0,0,0,9,0,9,0,0,hold,hold,97861.5,mm_join_12,0.0,97861.5,0.0,passive_inside_buy,,,
queue05,round1-day-2,-2,426300,9,9,flat_19,10000,10009,9,10004.5,10007.875,4.5,rich,0.75,3.375,buy_pressure,-5.0,True,shock,2,passive_two_sided,mm_inside,0,0,0,9,9,9,9,0,hold,hold,97822.5,mm_join_12,0.0,97822.5,0.0,,,,
queue05,round1-day-2,-2,426400,9,9,flat_19,10005,10018,13,10011.5,10007.5,11.5,rich,-0.6153846153846154,-4.0,sell_pressure,7.0,True,shock,1,passive_one_sided_sell,one_sided_mm,0,0,0,0,9,0,9,0,sell_take1_16,take1,97822.5,sell_take2_32,0.0,97797.5,25.0,passive_inside_sell,,,
queue05,round1-day-2,-2,431400,9,9,flat_19,10002,10012,10,10007.0,10004.777777777777,7.0,rich,-0.4444444444444444,-2.2222222222226264,sell_pressure,3.0,True,shock,1,passive_one_sided_sell,one_sided_mm,0,0,0,0,9,0,9,0,sell_take1_16,take1,97704.5,hold,15.0,97689.5,15.0,passive_inside_sell,,,
queue05,round1-day-2,-2,431700,9,9,flat_19,10002,10013,11,10007.5,10003.833333333334,7.5,rich,-0.6666666666666666,-3.6666666666660603,sell_pressure,3.5,True,shock,1,passive_one_sided_sell,one_sided_mm,0,0,0,0,9,0,9,0,sell_take1_16,take1,97689.5,hold,6.0,97683.5,6.0,passive_inside_sell,,,
queue05,round1-day-2,-2,435400,15,15,flat_19,10001,10012,11,10006.5,10004.666666666666,6.5,rich,-0.3333333333333333,-1.8333333333339397,mixed_pressure,3.5,True,shock,1,passive_one_sided_buy,one_sided_mm,0,0,0,9,0,0,0,0,sell_take1_16,take1,157675.5,hold,12.0,157663.5,12.0,passive_inside_buy,,,
queue05,round1-day-2,-2,439500,25,25,long_20_39,10000,10011,11,10005.5,10002.2,5.5,rich,-0.6,-3.2999999999992724,sell_pressure,2.5,False,steady,1,passive_one_sided_sell,one_sided_mm,0,0,0,0,12,0,12,0,sell_take1_16,take1,257534.5,hold,12.0,257522.5,12.0,passive_inside_sell,,,
queue05,round1-day-2,-2,440500,25,25,long_20_39,9995,10004,9,9999.5,10002.875,-0.5,neutral,0.75,3.375,buy_pressure,-3.5,True,shock,2,passive_two_sided,mm_inside,0,0,0,9,9,0,9,0,hold,hold,257522.5,mm_join_12,0.0,257522.5,0.0,,,,
queue05,round1-day-2,-2,440800,25,25,long_20_39,9995,10004,9,9999.5,10002.8,-0.5,neutral,0.7333333333333333,3.2999999999992724,buy_pressure,-2.5,False,steady,2,passive_two_sided,mm_inside,0,0,0,12,12,12,0,0,hold,hold,257522.5,mm_join_12,0.0,257522.5,0.0,,,,
queue05,round1-day-2,-2,442100,25,25,long_20_39,9993,10002,9,9997.5,9999.42857142857,-2.5,cheap,0.42857142857142855,1.928571428570649,buy_pressure,-1.5,False,steady,1,passive_one_sided_buy,one_sided_mm,0,0,0,13,0,13,0,0,hold,hold,257490.5,mm_join_12,0.0,257490.5,0.0,passive_inside_buy,,,
queue05,round1-day-2,-2,442500,25,25,long_20_39,9993,10002,9,9997.5,10000.875,-2.5,cheap,0.75,3.375,buy_pressure,-3.5,True,shock,1,passive_one_sided_buy,one_sided_mm,0,0,0,10,0,10,0,0,hold,hold,257490.5,mm_join_12,0.0,257490.5,0.0,passive_inside_buy,,,
queue05,round1-day-2,-2,442900,25,25,long_20_39,9993,10002,9,9997.5,10000.5,-2.5,cheap,0.6666666666666666,3.0,buy_pressure,-3.5,True,shock,1,passive_one_sided_buy,one_sided_mm,0,0,0,10,0,10,0,0,hold,hold,257490.5,mm_join_12,0.0,257490.5,0.0,passive_inside_buy,,,
queue05,round1-day-2,-2,443100,25,19,long_20_39,10002,10011,9,10006.5,10004.076923076924,6.5,rich,-0.5384615384615384,-2.4230769230762235,sell_pressure,6.5,True,shock,3,clear_sell,take1,0,12,12,0,9,0,9,1,sell_take1_16,take1,257490.5,hold,36.0,257490.5,0.0,take_b1,,,
queue05,round1-day-2,-2,443700,19,19,flat_19,9998,10008,10,10003.0,9999.25,3.0,rich,-0.75,-3.75,sell_pressure,4.0,True,shock,1,passive_one_sided_sell,one_sided_mm,0,0,0,0,9,0,9,0,sell_take1_16,take1,197478.5,hold,4.0,197474.5,4.0,passive_inside_sell,,,
queue05,round1-day-2,-2,447000,17,13,flat_19,9998,10009,11,10003.5,9999.941176470587,3.5,rich,-0.6470588235294118,-3.5588235294126207,sell_pressure,3.5,True,shock,1,passive_one_sided_sell,one_sided_mm,0,0,0,0,9,0,9,0,mm_inside_12,mm_inside,177452.5,mm_inside_20,0.0,177452.5,0.0,passive_inside_sell,,,
queue05,round1-day-2,-2,450500,8,8,flat_19,9991,10000,9,9995.5,9997.5,-4.5,cheap,0.4444444444444444,2.0,buy_pressure,-3.5,True,shock,1,passive_one_sided_buy,one_sided_mm,0,0,0,10,0,10,0,0,hold,hold,87376.5,mm_join_12,0.0,87376.5,0.0,passive_inside_buy,,,
queue05,round1-day-2,-2,451500,10,10,flat_19,9996,10007,11,10001.5,9998.75,1.5,neutral,-0.5,-2.75,sell_pressure,2.0,False,steady,2,passive_two_sided,mm_inside,0,0,0,12,12,0,12,0,sell_take1_16,take1,107338.5,hold,2.0,107336.5,2.0,,,,
queue05,round1-day-2,-2,451600,10,10,flat_19,9989,10001,12,9995.0,9999.838709677419,-5.0,cheap,0.8064516129032258,4.838709677418592,buy_pressure,-6.5,True,shock,1,passive_one_sided_buy,one_sided_mm,0,0,0,10,0,10,0,0,hold,hold,107336.5,mm_join_12,0.0,107336.5,0.0,passive_inside_buy,,,
queue05,round1-day-2,-2,454200,14,14,flat_19,9997,10007,10,10002.0,9999.142857142857,2.0,rich,-0.5714285714285714,-2.857142857143117,sell_pressure,3.0,False,steady,1,passive_one_sided_buy,one_sided_mm,0,0,0,12,0,0,0,0,sell_take1_16,take1,147279.5,hold,5.0,147274.5,5.0,passive_inside_buy,,,
queue05,round1-day-2,-2,456000,22,22,long_20_39,9999,10009,10,10004.0,10000.538461538461,4.0,rich,-0.6923076923076923,-3.4615384615390212,sell_pressure,3.0,False,steady,1,passive_one_sided_sell,one_sided_mm,0,0,0,0,12,0,12,0,sell_take1_16,take1,227226.5,hold,8.0,227218.5,8.0,passive_inside_sell,,,
queue05,round1-day-2,-2,456100,22,22,long_20_39,9993,10003,10,9998.0,10000.142857142857,-2.0,cheap,0.42857142857142855,2.142857142856883,buy_pressure,-6.0,True,shock,1,passive_one_sided_sell,one_sided_mm,0,0,0,0,9,0,0,0,hold,hold,227218.5,mm_join_12,0.0,227218.5,0.0,passive_inside_sell,,,
queue05,round1-day-2,-2,457700,22,22,long_20_39,9998,10011,13,10004.5,9999.181818181818,4.5,rich,-0.8181818181818182,-5.3181818181819835,sell_pressure,3.5,True,shock,1,passive_one_sided_sell,one_sided_mm,0,0,0,0,9,0,9,0,sell_take1_16,take1,227218.5,hold,6.0,227212.5,6.0,passive_inside_sell,,,
queue05,round1-day-2,-2,458000,22,22,long_20_39,9998,10009,11,10003.5,10001.666666666666,3.5,rich,-0.3333333333333333,-1.8333333333339397,mixed_pressure,10.5,True,shock,1,passive_one_sided_buy,one_sided_mm,0,0,0,9,0,0,0,0,sell_take1_16,take1,227212.5,hold,15.0,227197.5,15.0,passive_inside_buy,,,
queue05,round1-day-2,-2,459100,22,22,long_20_39,9993,10003,10,9998.0,10001.75,-2.0,cheap,0.75,3.75,buy_pressure,-3.0,False,steady,1,passive_one_sided_sell,one_sided_mm,0,0,0,0,12,0,0,0,hold,hold,227197.5,mm_join_12,0.0,227197.5,0.0,passive_inside_sell,,,
queue05,round1-day-2,-2,460300,22,22,long_20_39,9994,10004,10,9999.0,10001.222222222223,-1.0,neutral,0.4444444444444444,2.2222222222226264,buy_pressure,-4.5,True,shock,2,passive_two_sided,mm_inside,0,0,0,9,9,9,9,0,hold,hold,227197.5,mm_join_12,0.0,227197.5,0.0,,,,
queue05,round1-day-2,-2,463100,10,10,flat_19,9991,10003,12,9997.0,10001.615384615385,-3.0,cheap,0.7692307692307693,4.615384615384755,buy_pressure,-3.0,False,steady,1,passive_one_sided_buy,one_sided_mm,0,0,0,13,0,13,0,0,hold,hold,107119.5,mm_join_12,0.0,107119.5,0.0,passive_inside_buy,,,
queue05,round1-day-2,-2,471600,9,9,flat_19,9995,10004,9,9999.5,10001.75,-0.5,neutral,0.5,2.25,buy_pressure,-4.0,True,shock,2,passive_two_sided,mm_inside,0,0,0,9,9,9,0,0,hold,hold,97030.5,mm_join_12,0.0,97030.5,0.0,,,,
queue05,round1-day-2,-2,472200,9,9,flat_19,9999,10012,13,10005.5,10000.392857142857,5.5,rich,-0.7857142857142857,-5.107142857143117,sell_pressure,9.5,True,shock,1,passive_one_sided_sell,one_sided_mm,0,0,0,0,9,0,9,0,sell_take1_16,take1,97030.5,hold,12.0,97018.5,12.0,passive_inside_sell,,,
queue05,round1-day-2,-2,474100,16,16,flat_19,9999,10010,11,10004.5,10001.933333333332,4.5,rich,-0.4666666666666667,-2.5666666666675155,sell_pressure,1.5,False,steady,1,passive_one_sided_sell,one_sided_mm,0,0,0,0,12,0,12,0,sell_take1_16,take1,166955.5,sell_take2_32,11.0,166939.5,16.0,passive_inside_sell,,,
queue05,round1-day-2,-2,476300,14,14,flat_19,9991,10003,12,9997.0,10002.111111111111,-3.0,cheap,0.8518518518518519,5.111111111111313,buy_pressure,-5.0,True,shock,1,passive_one_sided_buy,one_sided_mm,0,0,0,10,0,10,0,0,hold,hold,146923.5,mm_join_12,0.0,146923.5,0.0,passive_inside_buy,,,
queue05,round1-day-2,-2,477800,20,20,long_20_39,9995,10004,9,9999.5,10002.2,-0.5,neutral,0.6,2.7000000000007276,buy_pressure,-2.5,False,steady,2,passive_two_sided,mm_inside,0,0,0,12,12,12,0,0,hold,hold,206893.5,mm_join_12,0.0,206893.5,0.0,,,,
queue05,round1-day-2,-2,482100,41,41,long_40_59,9993,10003,10,9998.0,10000.5,-2.0,cheap,0.5,2.5,buy_pressure,9998.0,True,shock,1,passive_one_sided_sell,one_sided_mm,0,0,0,0,12,0,12,0,hold,hold,416662.5,mm_join_12,0.0,416662.5,0.0,passive_inside_sell,,,
queue05,round1-day-2,-2,488000,30,30,long_20_39,9996,10006,10,10001.0,9998.5,1.0,neutral,-0.5,-2.5,sell_pressure,2.0,False,steady,2,passive_two_sided,mm_inside,0,0,0,12,12,0,12,0,sell_take1_16,take1,306578.5,hold,15.0,306563.5,15.0,,,,
queue05,round1-day-2,-2,489000,21,21,long_20_39,9989,9999,10,9994.0,9996.333333333334,-6.0,cheap,0.4666666666666667,2.3333333333339397,buy_pressure,-5.0,True,shock,1,passive_one_sided_buy,one_sided_mm,0,0,0,10,0,10,0,0,hold,hold,216572.5,mm_join_12,0.0,216572.5,0.0,passive_inside_buy,,,
queue05,round1-day-2,-2,490800,26,26,long_20_39,9994,10004,10,9999.0,9996.35294117647,-1.0,neutral,-0.5294117647058824,-2.6470588235297328,sell_pressure,2.0,False,steady,1,passive_one_sided_sell,one_sided_mm,0,0,0,0,12,0,12,0,sell_take1_16,take1,266537.5,hold,4.0,266533.5,4.0,passive_inside_sell,,,
queue05,round1-day-2,-2,492500,35,35,long_20_39,9993,10006,13,9999.5,9994.5,-0.5,neutral,-0.7692307692307693,-5.0,sell_pressure,4.5,True,shock,1,passive_one_sided_sell,one_sided_mm,0,0,0,0,9,0,9,0,hold,hold,356461.5,mm_join_12,0.0,356461.5,0.0,passive_inside_sell,,,
queue05,round1-day-2,-2,493700,37,37,long_20_39,9986,9995,9,9990.5,9992.75,-9.5,cheap,0.5,2.25,buy_pressure,-4.5,True,shock,1,passive_one_sided_buy,one_sided_mm,0,0,0,10,0,10,0,0,hold,hold,376435.5,mm_join_12,0.0,376435.5,0.0,passive_inside_buy,,,
queue05,round1-day-2,-2,503200,39,39,long_20_39,9992,10005,13,9998.5,9992.896551724138,-1.5,neutral,-0.8620689655172413,-5.60344827586232,sell_pressure,5.5,True,shock,1,passive_one_sided_sell,one_sided_mm,0,0,0,0,9,0,9,0,hold,hold,396341.5,mm_join_12,0.0,396341.5,0.0,passive_inside_sell,,,
queue05,round1-day-2,-2,511400,58,58,long_40_59,9989,10000,11,9994.5,9990.833333333334,-5.5,cheap,-0.6666666666666666,-3.6666666666660603,sell_pressure,2.5,False,steady,2,passive_two_sided,mm_inside,0,0,0,9,14,0,14,0,hold,hold,586090.5,mm_join_12,0.0,586090.5,0.0,,,,
queue05,round1-day-2,-2,512600,54,54,long_40_59,9983,9993,10,9988.0,9991.75,-12.0,cheap,0.75,3.75,buy_pressure,-4.0,True,shock,1,passive_one_sided_buy,one_sided_mm,0,0,0,6,0,6,0,0,hold,hold,546088.5,mm_join_12,0.0,546088.5,0.0,passive_inside_buy,,,
queue05,round1-day-2,-2,515400,65,65,long_60_plus,9983,9992,9,9987.5,9990.875,-12.5,cheap,0.75,3.375,buy_pressure,4.5,True,shock,1,passive_one_sided_buy,one_sided_mm,0,0,0,6,0,6,0,0,hold,hold,655955.5,mm_join_12,0.0,655955.5,0.0,passive_inside_buy,,,
queue05,round1-day-2,-2,516800,80,80,long_60_plus,9982,9991,9,9986.5,9989.615384615385,-13.5,cheap,0.6923076923076923,3.1153846153847553,buy_pressure,-2.5,True,shock,0,hold,hold,0,0,0,0,0,0,0,0,hold,hold,805798.5,mm_join_12,0.0,805798.5,0.0,,,,
queue05,round1-day-2,-2,517200,78,78,long_60_plus,9987,9998,11,9992.5,9988.29411764706,-7.5,cheap,-0.7647058823529411,-4.2058823529405345,sell_pressure,2.5,True,shock,1,passive_one_sided_buy,one_sided_mm,0,0,0,2,0,2,0,0,hold,hold,785804.5,mm_join_12,0.0,785804.5,0.0,passive_inside_buy,,,
queue05,round1-day-2,-2,520800,78,78,long_60_plus,9984,9994,10,9989.0,9991.692307692309,-11.0,cheap,0.5384615384615384,2.692307692308532,buy_pressure,-3.0,True,shock,1,passive_one_sided_buy,one_sided_mm,0,0,0,2,0,2,0,0,hold,hold,785804.5,mm_join_12,0.0,785804.5,0.0,passive_inside_buy,,,
queue05,round1-day-2,-2,522900,78,78,long_60_plus,9991,10002,11,9996.5,9994.142857142857,-3.5,cheap,-0.42857142857142855,-2.357142857143117,sell_pressure,3.5,True,shock,2,passive_two_sided,mm_inside,0,0,0,2,11,0,11,0,hold,hold,785786.5,mm_join_12,0.0,785786.5,0.0,,,,
queue05,round1-day-2,-2,523700,78,78,long_60_plus,9983,9995,12,9989.0,9992.857142857143,-11.0,cheap,0.6428571428571429,3.857142857143117,buy_pressure,-12.0,True,shock,2,passive_two_sided,mm_inside,0,0,0,2,11,2,0,0,hold,hold,785786.5,mm_join_12,0.0,785786.5,0.0,,,,
queue05,round1-day-2,-2,524800,78,78,long_60_plus,9986,9995,9,9990.5,9992.6,-9.5,cheap,0.4666666666666667,2.100000000000364,buy_pressure,-1.5,True,shock,2,passive_two_sided,mm_inside,0,0,0,2,11,2,0,0,hold,hold,785786.5,mm_join_12,0.0,785786.5,0.0,,,,
queue05,round1-day-2,-2,525300,80,80,long_60_plus,9986,9995,9,9990.5,9992.6,-9.5,cheap,0.4666666666666667,2.100000000000364,buy_pressure,-3.5,True,shock,1,passive_one_sided_sell,one_sided_mm,0,0,0,0,11,0,0,0,hold,hold,805755.5,mm_join_12,0.0,805755.5,0.0,passive_inside_sell,,,
queue05,round1-day-2,-2,527600,80,80,long_60_plus,9992,10002,10,9997.0,9993.25,-3.0,cheap,-0.75,-3.75,sell_pressure,3.0,False,steady,1,passive_one_sided_sell,one_sided_mm,0,0,0,0,14,0,14,0,sell_take1_16,take1,805727.5,hold,10.0,805717.5,10.0,passive_inside_sell,,,
queue05,round1-day-2,-2,528800,77,77,long_60_plus,9992,10002,10,9997.0,9993.176470588236,-3.0,cheap,-0.7647058823529411,-3.823529411763957,sell_pressure,-5.0,True,shock,2,passive_two_sided,mm_inside,0,0,0,3,14,0,14,0,sell_take1_16,take1,775714.5,hold,14.0,775700.5,14.0,,,,
queue05,round1-day-2,-2,531000,73,73,long_60_plus,9993,10003,10,9998.0,9995.777777777777,-2.0,cheap,-0.4444444444444444,-2.2222222222226264,sell_pressure,-5.0,True,shock,2,passive_two_sided,mm_inside,0,0,0,7,14,0,14,0,sell_take1_16,take1,735687.5,hold,5.0,735682.5,5.0,,,,
queue05,round1-day-2,-2,531300,73,76,long_60_plus,9987,9996,9,9991.5,9994.5,-8.5,cheap,0.6666666666666666,3.0,buy_pressure,4.5,True,shock,2,passive_two_sided,mm_inside,0,0,0,6,11,6,0,0,mm_inside_12,mm_inside,735682.5,mm_inside_20,0.0,735682.5,0.0,,,,
queue05,round1-day-2,-2,531700,76,76,long_60_plus,9992,10003,11,9997.5,9994.538461538461,-2.5,cheap,-0.5384615384615384,-2.9615384615390212,sell_pressure,2.5,False,steady,2,passive_two_sided,mm_inside,0,0,0,4,14,0,14,0,hold,hold,765646.5,mm_join_12,0.0,765646.5,0.0,,,,
queue05,round1-day-2,-2,532800,76,76,long_60_plus,9992,10002,10,9997.0,9993.176470588236,-3.0,cheap,-0.7647058823529411,-3.823529411763957,sell_pressure,1.5,False,steady,2,passive_two_sided,mm_inside,0,0,0,4,14,0,14,0,sell_take1_16,take1,765646.5,hold,3.0,765643.5,3.0,,,,
queue05,round1-day-2,-2,533700,74,74,long_60_plus,9983,9995,12,9989.0,9994.172413793103,-11.0,cheap,0.8620689655172413,5.17241379310326,buy_pressure,-6.0,True,shock,2,passive_two_sided,mm_inside,0,0,0,6,11,6,0,0,hold,hold,745603.5,mm_join_12,0.0,745603.5,0.0,,,,
queue05,round1-day-2,-2,533800,74,74,long_60_plus,9986,9995,9,9990.5,9993.0,-9.5,cheap,0.5555555555555556,2.5,buy_pressure,1.5,True,shock,2,passive_two_sided,mm_inside,0,0,0,6,11,6,0,0,hold,hold,745603.5,mm_join_12,0.0,745603.5,0.0,,,,
queue05,round1-day-2,-2,534100,74,74,long_60_plus,9987,9996,9,9991.5,9994.5,-8.5,cheap,0.6666666666666666,3.0,buy_pressure,-4.5,True,shock,2,passive_two_sided,mm_inside,0,0,0,6,11,6,0,0,hold,hold,745603.5,mm_join_12,0.0,745603.5,0.0,,,,
queue05,round1-day-2,-2,536500,77,77,long_60_plus,9986,9995,9,9990.5,9993.3125,-9.5,cheap,0.625,2.8125,buy_pressure,-4.5,True,shock,2,passive_two_sided,mm_inside,0,0,0,3,11,3,0,0,hold,hold,775564.5,mm_join_12,0.0,775564.5,0.0,,,,
queue05,round1-day-2,-2,538100,80,80,long_60_plus,9985,9995,10,9990.0,9992.5,-10.0,cheap,0.5,2.5,buy_pressure,-3.5,True,shock,1,passive_one_sided_sell,one_sided_mm,0,0,0,0,11,0,0,0,hold,hold,805457.5,mm_join_12,0.0,805457.5,0.0,passive_inside_sell,,,
queue05,round1-day-2,-2,538300,80,80,long_60_plus,9985,9994,9,9989.5,9992.3125,-10.5,cheap,0.625,2.8125,buy_pressure,2.5,True,shock,1,passive_one_sided_sell,one_sided_mm,0,0,0,0,11,0,0,0,hold,hold,805457.5,mm_join_12,0.0,805457.5,0.0,passive_inside_sell,,,
queue05,round1-day-2,-2,538400,80,80,long_60_plus,9991,10001,10,9996.0,9993.142857142857,-4.0,cheap,-0.5714285714285714,-2.857142857143117,sell_pressure,6.5,True,shock,1,passive_one_sided_sell,one_sided_mm,0,0,0,0,11,0,11,0,sell_take1_16,take1,805457.5,hold,6.0,805451.5,6.0,passive_inside_sell,,,
queue05,round1-day-2,-2,539200,80,80,long_60_plus,9985,9994,9,9989.5,9991.0,-10.5,cheap,0.3333333333333333,1.5,mixed_pressure,-1.5,True,shock,1,passive_one_sided_sell,one_sided_mm,0,0,0,0,11,0,0,0,hold,hold,805451.5,mm_join_12,0.0,805451.5,0.0,passive_inside_sell,,,
queue05,round1-day-2,-2,539500,76,76,long_60_plus,9990,10000,10,9995.0,9991.875,-5.0,cheap,-0.625,-3.125,sell_pressure,3.0,False,steady,2,passive_two_sided,mm_inside,0,0,0,4,14,4,14,0,sell_take1_16,take1,765443.5,sell_take2_32,0.0,765436.5,7.0,,,,
queue05,round1-day-2,-2,540400,76,76,long_60_plus,9989,10000,11,9994.5,9990.57142857143,-5.5,cheap,-0.7142857142857143,-3.928571428570649,sell_pressure,2.5,False,steady,2,passive_two_sided,mm_inside,0,0,0,4,14,0,14,0,sell_take1_16,take1,765436.5,hold,32.0,765404.5,32.0,,,,
queue05,round1-day-2,-2,542700,76,76,long_60_plus,9983,9993,10,9988.0,9991.461538461539,-12.0,cheap,0.6923076923076923,3.4615384615390212,buy_pressure,-2.0,True,shock,2,passive_two_sided,mm_inside,0,0,0,4,11,4,0,0,buy_take1_16,take1,765404.5,hold,1.0,765403.5,1.0,,,,
queue05,round1-day-2,-2,546100,80,80,long_60_plus,9982,9992,10,9987.0,9989.64705882353,-13.0,cheap,0.5294117647058824,2.6470588235297328,buy_pressure,-3.0,True,shock,0,hold,hold,0,0,0,0,0,0,0,0,hold,hold,805312.5,mm_join_12,0.0,805312.5,0.0,,,,
queue05,round1-day-2,-2,546600,78,78,long_60_plus,9988,9998,10,9993.0,9990.35294117647,-7.0,cheap,-0.5294117647058824,-2.6470588235297328,sell_pressure,3.0,True,shock,2,passive_two_sided,mm_inside,0,0,0,2,11,0,11,0,sell_take1_16,take1,785312.5,hold,32.0,785280.5,32.0,,,,
queue05,round1-day-2,-2,549400,80,80,long_60_plus,9992,10001,9,9996.5,9993.125,-3.5,cheap,-0.75,-3.375,sell_pressure,6.5,True,shock,1,passive_one_sided_sell,one_sided_mm,0,0,0,0,11,0,11,0,sell_take1_16,take1,805252.5,hold,8.0,805244.5,8.0,passive_inside_sell,,,
queue05,round1-day-2,-2,555300,79,79,long_60_plus,9989,9999,10,9994.0,9990.333333333334,-6.0,cheap,-0.7333333333333333,-3.6666666666660603,sell_pressure,3.0,True,shock,2,passive_two_sided,mm_inside,0,0,0,1,11,0,11,0,hold,hold,795167.5,mm_join_12,0.0,795167.5,0.0,,,,
queue05,round1-day-2,-2,559000,78,78,long_60_plus,9989,10000,11,9994.5,9991.894736842105,-5.5,cheap,-0.47368421052631576,-2.605263157895024,sell_pressure,2.5,False,steady,2,passive_two_sided,mm_inside,0,0,0,2,14,0,14,0,sell_take1_16,take1,785116.5,hold,25.0,785091.5,25.0,,,,
queue05,round1-day-2,-2,567700,80,80,long_60_plus,9988,9999,11,9993.5,9989.57142857143,-6.5,cheap,-0.7142857142857143,-3.928571428570649,sell_pressure,3.5,True,shock,1,passive_one_sided_sell,one_sided_mm,0,0,0,0,11,0,11,0,hold,hold,805075.5,mm_join_12,0.0,805075.5,0.0,passive_inside_sell,,,
queue05,round1-day-2,-2,568000,80,80,long_60_plus,9988,10001,13,9994.5,9990.09677419355,-5.5,cheap,-0.6774193548387096,-4.403225806450791,sell_pressure,-4.5,True,shock,1,passive_one_sided_sell,one_sided_mm,0,0,0,0,11,0,11,0,hold,hold,805075.5,mm_join_12,0.0,805075.5,0.0,passive_inside_sell,,,
queue05,round1-day-2,-2,568800,80,80,long_60_plus,9985,9994,9,9989.5,9991.5,-10.5,cheap,0.4444444444444444,2.0,buy_pressure,-3.5,True,shock,1,passive_one_sided_sell,one_sided_mm,0,0,0,0,11,0,0,0,hold,hold,805075.5,mm_join_12,0.0,805075.5,0.0,passive_inside_sell,,,
queue05,round1-day-2,-2,570300,80,80,long_60_plus,9986,9995,9,9990.5,9992.6,-9.5,cheap,0.4666666666666667,2.100000000000364,buy_pressure,-5.5,True,shock,1,passive_one_sided_sell,one_sided_mm,0,0,0,0,11,0,0,0,hold,hold,805019.5,mm_join_12,0.0,805019.5,0.0,passive_inside_sell,,,
queue05,round1-day-2,-2,574000,78,78,long_60_plus,9994,10004,10,9999.0,9995.666666666666,-1.0,neutral,-0.6666666666666666,-3.3333333333339397,sell_pressure,1.5,False,steady,2,passive_two_sided,mm_inside,0,0,0,2,14,0,14,0,hold,hold,785007.5,mm_join_12,0.0,785007.5,0.0,,,,
queue05,round1-day-2,-2,575400,75,66,long_60_plus,9999,10008,9,10003.5,10001.131578947368,3.5,rich,-0.5263157894736842,-2.3684210526316747,sell_pressure,7.5,True,shock,2,clear_sell,take1,0,9,9,0,11,0,11,1,sell_take1_16,take1,754989.5,hold,41.0,754989.5,0.0,take_b1,,,
queue05,round1-day-2,-2,575500,66,66,long_60_plus,9995,10005,10,10000.0,9997.35294117647,0.0,neutral,-0.5294117647058824,-2.6470588235297328,sell_pressure,-3.5,True,shock,2,passive_two_sided,mm_inside,0,0,0,6,11,0,11,0,hold,hold,664998.5,mm_join_12,0.0,664998.5,0.0,,,,
queue05,round1-day-2,-2,575700,66,66,long_60_plus,9995,10006,11,10000.5,9998.142857142857,0.5,neutral,-0.42857142857142855,-2.357142857143117,sell_pressure,4.5,True,shock,2,passive_two_sided,mm_inside,0,0,0,6,11,0,11,0,sell_take1_16,take1,664998.5,hold,2.0,664996.5,2.0,,,,
queue05,round1-day-2,-2,576500,66,66,long_60_plus,9996,10007,11,10001.5,9998.894736842105,1.5,neutral,-0.47368421052631576,-2.605263157895024,sell_pressure,1.5,False,steady,2,passive_two_sided,mm_inside,0,0,0,9,14,0,14,0,sell_take1_16,take1,664996.5,hold,10.0,664986.5,10.0,,,,
queue05,round1-day-2,-2,577600,66,66,long_60_plus,9992,10002,10,9997.0,10000.235294117647,-3.0,cheap,0.6470588235294118,3.235294117646845,buy_pressure,-3.0,False,steady,1,passive_one_sided_buy,one_sided_mm,0,0,0,9,0,9,0,0,hold,hold,664986.5,mm_join_12,0.0,664986.5,0.0,passive_inside_buy,,,
queue05,round1-day-2,-2,577700,66,66,long_60_plus,9998,10009,11,10003.5,9999.57142857143,3.5,rich,-0.7142857142857143,-3.928571428570649,sell_pressure,6.5,True,shock,1,passive_one_sided_sell,one_sided_mm,0,0,0,0,11,0,11,0,sell_take1_16,take1,664986.5,sell_take2_32,0.0,664975.5,11.0,passive_inside_sell,,,
queue05,round1-day-2,-2,580900,68,68,long_60_plus,9987,9999,12,9993.0,9996.777777777777,-7.0,cheap,0.6296296296296297,3.7777777777773736,buy_pressure,-5.0,True,shock,2,passive_two_sided,mm_inside,0,0,0,6,11,6,0,0,hold,hold,684962.5,mm_join_12,0.0,684962.5,0.0,,,,
queue05,round1-day-2,-2,583200,69,69,long_60_plus,9992,10005,13,9998.5,9993.575757575758,-1.5,neutral,-0.7575757575757576,-4.924242424242038,sell_pressure,3.5,True,shock,2,passive_two_sided,mm_inside,0,0,0,6,11,0,11,0,hold,hold,694906.5,mm_join_12,0.0,694906.5,0.0,,,,
queue05,round1-day-2,-2,583500,72,72,long_60_plus,9992,10003,11,9997.5,9995.055555555555,-2.5,cheap,-0.4444444444444444,-2.444444444445253,sell_pressure,3.0,False,steady,2,passive_two_sided,mm_inside,0,0,0,8,14,0,14,0,hold,hold,724870.5,mm_join_12,0.0,724870.5,0.0,,,,
queue05,round1-day-2,-2,585100,80,80,long_60_plus,9992,10002,10,9997.0,9994.631578947368,-3.0,cheap,-0.47368421052631576,-2.3684210526316747,sell_pressure,3.0,False,steady,1,passive_one_sided_sell,one_sided_mm,0,0,0,0,14,0,14,0,hold,hold,804806.5,mm_join_12,0.0,804806.5,0.0,passive_inside_sell,,,
queue05,round1-day-2,-2,585700,80,80,long_60_plus,9991,10004,13,9997.5,9992.625,-2.5,cheap,-0.75,-4.875,sell_pressure,4.5,True,shock,1,passive_one_sided_sell,one_sided_mm,0,0,0,0,11,0,11,0,hold,hold,804806.5,mm_join_12,0.0,804806.5,0.0,passive_inside_sell,,,
queue05,round1-day-2,-2,586600,80,80,long_60_plus,9984,9993,9,9988.5,9991.0,-11.5,cheap,0.5555555555555556,2.5,buy_pressure,-3.5,True,shock,0,hold,hold,0,0,0,0,0,0,0,0,hold,hold,804806.5,mm_join_12,0.0,804806.5,0.0,,,,
queue05,round1-day-2,-2,588900,77,77,long_60_plus,9988,9999,11,9993.5,9990.588235294117,-6.5,cheap,-0.5294117647058824,-2.911764705882888,sell_pressure,2.5,True,shock,2,passive_two_sided,mm_inside,0,0,0,3,11,3,11,0,hold,hold,774807.5,mm_join_12,0.0,774807.5,0.0,,,,
queue05,round1-day-2,-2,589900,77,77,long_60_plus,9990,10000,10,9995.0,9992.307692307691,-5.0,cheap,-0.5384615384615384,-2.692307692308532,sell_pressure,2.0,False,steady,2,passive_two_sided,mm_inside,0,0,0,3,14,0,14,0,hold,hold,774807.5,mm_join_12,0.0,774807.5,0.0,,,,
queue05,round1-day-2,-2,591200,77,77,long_60_plus,9989,9999,10,9994.0,9991.105263157895,-6.0,cheap,-0.5789473684210527,-2.894736842104976,sell_pressure,3.0,True,shock,2,passive_two_sided,mm_inside,0,0,0,3,11,0,11,0,hold,hold,774807.5,mm_join_12,0.0,774807.5,0.0,,,,
queue05,round1-day-2,-2,592700,77,77,long_60_plus,9981,9991,10,9986.0,9989.75,-14.0,cheap,0.75,3.75,buy_pressure,-4.5,True,shock,1,passive_one_sided_buy,one_sided_mm,0,0,0,3,0,3,0,0,buy_take1_16,take1,774807.5,hold,8.0,774799.5,8.0,passive_inside_buy,,,
queue05,round1-day-2,-2,593100,77,77,long_60_plus,9987,10000,13,9993.5,9988.444444444445,-6.5,cheap,-0.7777777777777778,-5.055555555554747,sell_pressure,2.5,True,shock,2,passive_two_sided,mm_inside,0,0,0,3,11,3,11,0,hold,hold,774799.5,mm_join_12,0.0,774799.5,0.0,,,,
queue05,round1-day-2,-2,593500,77,77,long_60_plus,9987,10000,13,9993.5,9989.166666666666,-6.5,cheap,-0.6666666666666666,-4.33333333333394,sell_pressure,3.5,True,shock,2,passive_two_sided,mm_inside,0,0,0,3,11,3,11,0,hold,hold,774799.5,mm_join_12,0.0,774799.5,0.0,,,,
queue05,round1-day-2,-2,597700,80,80,long_60_plus,9983,9993,10,9988.0,9990.222222222223,-12.0,cheap,0.4444444444444444,2.2222222222226264,buy_pressure,-4.5,True,shock,0,hold,hold,0,0,0,0,0,0,0,0,hold,hold,804777.5,mm_join_12,0.0,804777.5,0.0,,,,
queue05,round1-day-2,-2,598300,80,80,long_60_plus,9986,9995,9,9990.5,9993.5,-9.5,cheap,0.6666666666666666,3.0,buy_pressure,-2.5,True,shock,1,passive_one_sided_sell,one_sided_mm,0,0,0,0,11,0,0,0,hold,hold,804776.5,mm_join_12,0.0,804776.5,0.0,passive_inside_sell,,,
queue05,round1-day-2,-2,598600,80,80,long_60_plus,9991,10002,11,9996.5,9992.375,-3.5,cheap,-0.75,-4.125,sell_pressure,2.5,False,steady,1,passive_one_sided_sell,one_sided_mm,0,0,0,0,14,0,14,0,hold,hold,804776.5,mm_join_12,0.0,804776.5,0.0,passive_inside_sell,,,
queue05,round1-day-2,-2,599500,80,80,long_60_plus,9986,9996,10,9991.0,9994.235294117647,-9.0,cheap,0.6470588235294118,3.235294117646845,buy_pressure,-2.0,True,shock,1,passive_one_sided_sell,one_sided_mm,0,0,0,0,11,0,0,0,mm_inside_12,mm_inside,804732.5,mm_inside_20,0.0,804732.5,0.0,passive_inside_sell,,,
queue05,round1-day-2,-2,601000,80,80,long_60_plus,9991,10002,11,9996.5,9993.75,-3.5,cheap,-0.5,-2.75,sell_pressure,2.5,False,steady,1,passive_one_sided_sell,one_sided_mm,0,0,0,0,14,0,14,0,sell_take1_16,take1,804726.5,hold,31.0,804695.5,31.0,passive_inside_sell,,,
queue05,round1-day-2,-2,608900,80,80,long_60_plus,9992,10002,10,9997.0,9993.176470588236,-3.0,cheap,-0.7647058823529411,-3.823529411763957,sell_pressure,13.0,True,shock,1,passive_one_sided_sell,one_sided_mm,0,0,0,0,14,0,14,0,hold,hold,804695.5,mm_join_12,0.0,804695.5,0.0,passive_inside_sell,,,
queue05,round1-day-2,-2,610500,80,80,long_60_plus,9986,9996,10,9991.0,9995.333333333334,-9.0,cheap,0.8666666666666667,4.33333333333394,buy_pressure,-3.0,True,shock,1,passive_one_sided_sell,one_sided_mm,0,0,0,0,11,0,0,0,hold,hold,804695.5,buy_deep_16,0.0,804695.5,0.0,passive_inside_sell,,,
queue05,round1-day-2,-2,612200,80,78,long_60_plus,9991,10004,13,9997.5,9992.925925925925,-2.5,cheap,-0.7037037037037037,-4.574074074074815,sell_pressure,12.5,True,shock,1,passive_one_sided_sell,one_sided_mm,0,0,0,0,14,0,14,0,mm_inside_12,mm_inside,804695.5,mm_inside_20,0.0,804695.5,0.0,passive_inside_sell,,,
queue05,round1-day-2,-2,617800,80,80,long_60_plus,9986,9996,10,9991.0,9992.875,-9.0,cheap,0.375,1.875,buy_pressure,-3.0,True,shock,1,passive_one_sided_sell,one_sided_mm,0,0,0,0,11,0,0,0,hold,hold,804597.5,mm_join_12,0.0,804597.5,0.0,passive_inside_sell,,,
queue05,round1-day-2,-2,623100,80,80,long_60_plus,9992,10002,10,9997.0,9994.666666666666,-3.0,cheap,-0.4666666666666667,-2.3333333333339397,sell_pressure,4.5,True,shock,1,passive_one_sided_sell,one_sided_mm,0,0,0,0,11,0,11,0,hold,hold,804597.5,mm_join_12,0.0,804597.5,0.0,passive_inside_sell,,,
queue05,round1-day-2,-2,625500,78,78,long_60_plus,9988,9997,9,9992.5,9995.615384615385,-7.5,cheap,0.6923076923076923,3.1153846153847553,buy_pressure,-3.0,True,shock,2,passive_two_sided,mm_inside,0,0,0,2,11,2,0,0,hold,hold,784563.5,mm_join_12,0.0,784563.5,0.0,,,,
queue05,round1-day-2,-2,633300,71,71,long_60_plus,9995,10005,10,10000.0,9997.35294117647,0.0,neutral,-0.5294117647058824,-2.6470588235297328,sell_pressure,4.0,True,shock,2,passive_two_sided,mm_inside,0,0,0,6,11,0,11,0,hold,hold,714566.5,mm_join_12,0.0,714566.5,0.0,,,,
queue05,round1-day-2,-2,633900,71,71,long_60_plus,9990,9999,9,9994.5,9996.35294117647,-5.5,cheap,0.4117647058823529,1.8529411764702672,buy_pressure,-3.5,True,shock,2,passive_two_sided,mm_inside,0,0,0,6,11,6,0,0,hold,hold,714566.5,mm_join_12,0.0,714566.5,0.0,,,,
queue05,round1-day-2,-2,634600,71,71,long_60_plus,9996,10006,10,10001.0,9998.777777777777,1.0,neutral,-0.4444444444444444,-2.2222222222226264,sell_pressure,4.0,True,shock,2,passive_two_sided,mm_inside,0,0,0,6,11,0,11,0,hold,hold,714566.5,mm_join_12,0.0,714566.5,0.0,,,,
queue05,round1-day-2,-2,634700,71,71,long_60_plus,9990,10000,10,9995.0,9998.823529411764,-5.0,cheap,0.7647058823529411,3.823529411763957,buy_pressure,-6.0,True,shock,1,passive_one_sided_buy,one_sided_mm,0,0,0,6,0,6,0,0,hold,hold,714566.5,mm_join_12,0.0,714566.5,0.0,passive_inside_buy,,,
queue05,round1-day-2,-2,635500,67,67,long_60_plus,9996,10007,11,10001.5,9999.055555555555,1.5,neutral,-0.4444444444444444,-2.444444444445253,sell_pressure,-5.5,True,shock,2,passive_two_sided,mm_inside,0,0,0,9,14,0,14,0,hold,hold,674542.5,mm_join_12,0.0,674542.5,0.0,,,,
queue05,round1-day-2,-2,635600,67,67,long_60_plus,9990,10000,10,9995.0,9997.5,-5.0,cheap,0.5,2.5,buy_pressure,-6.5,True,shock,2,passive_two_sided,mm_inside,0,0,0,6,11,6,0,0,hold,hold,674542.5,mm_join_12,0.0,674542.5,0.0,,,,
queue05,round1-day-2,-2,639800,72,64,long_60_plus,9999,10008,9,10003.5,10001.322580645161,3.5,rich,-0.4838709677419355,-2.177419354839003,sell_pressure,6.5,True,shock,2,clear_sell,take1,0,8,8,0,11,0,11,1,sell_take1_16,take1,724484.5,hold,16.0,724484.5,0.0,take_b1,,,
queue05,round1-day-2,-2,641600,64,64,long_60_plus,9988,9998,10,9993.0,9995.142857142857,-7.0,cheap,0.42857142857142855,2.142857142856883,buy_pressure,-3.0,True,shock,2,passive_two_sided,mm_inside,0,0,0,6,11,6,0,0,hold,hold,644492.5,mm_join_12,0.0,644492.5,0.0,,,,
queue05,round1-day-2,-2,643800,67,67,long_60_plus,9997,10006,9,10001.5,9998.8,1.5,neutral,-0.6,-2.7000000000007276,sell_pressure,5.5,True,shock,2,passive_two_sided,mm_inside,0,0,0,6,11,0,11,0,hold,hold,674459.5,mm_join_12,0.0,674459.5,0.0,,,,
queue05,round1-day-2,-2,644000,67,67,long_60_plus,9993,10006,13,9999.5,9994.3,-0.5,neutral,-0.8,-5.200000000000728,sell_pressure,5.0,True,shock,2,passive_two_sided,mm_inside,0,0,0,6,11,0,11,0,hold,hold,674459.5,mm_join_12,0.0,674459.5,0.0,,,,
queue05,round1-day-2,-2,646300,69,69,long_60_plus,9987,9999,12,9993.0,9997.758620689656,-7.0,cheap,0.7931034482758621,4.7586206896558,buy_pressure,-4.0,True,shock,1,passive_one_sided_buy,one_sided_mm,0,0,0,6,0,6,0,0,hold,hold,694423.5,mm_join_12,0.0,694423.5,0.0,passive_inside_buy,,,
queue05,round1-day-2,-2,648200,67,67,long_60_plus,9994,10004,10,9999.0,9995.666666666666,-1.0,neutral,-0.6666666666666666,-3.3333333333339397,sell_pressure,3.5,True,shock,2,passive_two_sided,mm_inside,0,0,0,6,11,0,11,0,hold,hold,674413.5,mm_join_12,0.0,674413.5,0.0,,,,
queue05,round1-day-2,-2,655100,66,66,long_60_plus,9988,9998,10,9993.0,9995.142857142857,-7.0,cheap,0.42857142857142855,2.142857142856883,buy_pressure,-2.0,True,shock,2,passive_two_sided,mm_inside,0,0,0,6,11,6,0,0,hold,hold,664336.5,mm_join_12,0.0,664336.5,0.0,,,,
queue05,round1-day-2,-2,656400,66,66,long_60_plus,9989,9999,10,9994.0,9997.235294117647,-6.0,cheap,0.6470588235294118,3.235294117646845,buy_pressure,-4.5,True,shock,2,passive_two_sided,mm_inside,0,0,0,6,11,6,0,0,hold,hold,664336.5,mm_join_12,0.0,664336.5,0.0,,,,
queue05,round1-day-2,-2,657300,70,70,long_60_plus,9996,10006,10,10001.0,9998.307692307691,1.0,neutral,-0.5384615384615384,-2.692307692308532,sell_pressure,2.0,False,steady,2,passive_two_sided,mm_inside,0,0,0,9,14,0,14,0,hold,hold,704300.5,mm_join_12,0.0,704300.5,0.0,,,,
queue05,round1-day-2,-2,657700,70,70,long_60_plus,9996,10007,11,10001.5,9998.75,1.5,neutral,-0.5,-2.75,sell_pressure,1.5,False,steady,2,passive_two_sided,mm_inside,0,0,0,9,14,0,14,0,hold,hold,704300.5,mm_join_12,0.0,704300.5,0.0,,,,
queue05,round1-day-2,-2,658200,70,70,long_60_plus,9991,10000,9,9995.5,9998.5,-4.5,cheap,0.6666666666666666,3.0,buy_pressure,-3.5,True,shock,1,passive_one_sided_buy,one_sided_mm,0,0,0,6,0,6,0,0,hold,hold,704300.5,mm_join_12,0.0,704300.5,0.0,passive_inside_buy,,,
queue05,round1-day-2,-2,660200,64,64,long_60_plus,9990,10000,10,9995.0,9998.57142857143,-5.0,cheap,0.7142857142857143,3.571428571429351,buy_pressure,-3.0,False,steady,1,passive_one_sided_buy,one_sided_mm,0,0,0,9,0,9,0,0,hold,hold,644250.5,mm_join_12,0.0,644250.5,0.0,passive_inside_buy,,,
queue05,round1-day-2,-2,662200,63,63,long_60_plus,9995,10006,11,10000.5,9997.538461538461,0.5,neutral,-0.5384615384615384,-2.9615384615390212,sell_pressure,2.5,False,steady,2,passive_two_sided,mm_inside,0,0,0,9,14,0,14,0,sell_take1_16,take1,634209.5,hold,6.0,634203.5,6.0,,,,
queue05,round1-day-2,-2,662700,61,61,long_60_plus,9987,9999,12,9993.0,9998.25,-7.0,cheap,0.875,5.25,buy_pressure,-5.5,True,shock,1,passive_one_sided_buy,one_sided_mm,0,0,0,6,0,6,0,0,hold,hold,614195.5,mm_join_12,0.0,614195.5,0.0,passive_inside_buy,,,
queue05,round1-day-2,-2,665200,76,76,long_60_plus,9994,10004,10,9999.0,9996.5,-1.0,neutral,-0.5,-2.5,sell_pressure,8.0,True,shock,2,passive_two_sided,mm_inside,0,0,0,4,11,0,11,0,sell_take1_16,take1,764087.5,hold,3.0,764084.5,3.0,,,,
queue05,round1-day-2,-2,671100,62,62,long_60_plus,9988,9998,10,9993.0,9995.5,-7.0,cheap,0.5,2.5,buy_pressure,-3.0,True,shock,2,passive_two_sided,mm_inside,0,0,0,6,11,6,0,0,hold,hold,624082.5,mm_join_12,0.0,624082.5,0.0,,,,
queue05,round1-day-2,-2,673700,77,77,long_60_plus,9992,10003,11,9997.5,9994.315789473685,-2.5,cheap,-0.5789473684210527,-3.184210526314928,sell_pressure,7.5,True,shock,2,passive_two_sided,mm_inside,0,0,0,3,11,0,11,0,hold,hold,773965.5,mm_join_12,0.0,773965.5,0.0,,,,
queue05,round1-day-2,-2,677900,78,78,long_60_plus,9988,9998,10,9993.0,9996.823529411764,-7.0,cheap,0.7647058823529411,3.823529411763957,buy_pressure,-3.0,True,shock,2,passive_two_sided,mm_inside,0,0,0,2,11,2,0,0,hold,hold,783895.5,mm_join_12,0.0,783895.5,0.0,,,,
queue05,round1-day-2,-2,679200,78,80,long_60_plus,9985,9997,12,9991.0,9995.615384615385,-9.0,cheap,0.7692307692307693,4.615384615384755,buy_pressure,-5.0,True,shock,2,passive_two_sided,mm_inside,0,0,0,2,11,2,0,0,hold,hold,783895.5,mm_join_12,0.0,783895.5,0.0,,,,
queue05,round1-day-2,-2,680700,77,77,long_60_plus,9989,9998,9,9993.5,9995.35294117647,-6.5,cheap,0.4117647058823529,1.8529411764702672,buy_pressure,-2.5,True,shock,2,passive_two_sided,mm_inside,0,0,0,3,11,3,0,0,hold,hold,773878.5,mm_join_12,0.0,773878.5,0.0,,,,
queue05,round1-day-2,-2,682900,72,72,long_60_plus,9996,10007,11,10001.5,9997.833333333334,1.5,neutral,-0.6666666666666666,-3.6666666666660603,sell_pressure,2.5,False,steady,2,passive_two_sided,mm_inside,0,0,0,8,14,0,14,0,hold,hold,723883.5,mm_join_12,0.0,723883.5,0.0,,,,
queue05,round1-day-2,-2,685000,72,72,long_60_plus,9987,9999,12,9993.0,9997.064516129032,-7.0,cheap,0.6774193548387096,4.064516129032199,buy_pressure,-4.0,True,shock,1,passive_one_sided_buy,one_sided_mm,0,0,0,6,0,6,0,0,hold,hold,723883.5,mm_join_12,0.0,723883.5,0.0,passive_inside_buy,,,
queue05,round1-day-2,-2,688900,70,70,long_60_plus,9996,10007,11,10001.5,9998.894736842105,1.5,neutral,-0.47368421052631576,-2.605263157895024,sell_pressure,2.5,False,steady,2,passive_two_sided,mm_inside,0,0,0,9,14,0,14,0,hold,hold,703849.5,mm_join_12,0.0,703849.5,0.0,,,,
queue05,round1-day-2,-2,690200,72,72,long_60_plus,9995,10006,11,10000.5,9997.315789473685,0.5,neutral,-0.5789473684210527,-3.184210526314928,sell_pressure,2.5,False,steady,2,passive_two_sided,mm_inside,0,0,0,8,14,0,14,0,hold,hold,723813.5,mm_join_12,0.0,723813.5,0.0,,,,
queue05,round1-day-2,-2,693100,72,72,long_60_plus,9996,10007,11,10001.5,9997.692307692309,1.5,neutral,-0.6923076923076923,-3.807692307691468,sell_pressure,1.5,False,steady,2,passive_two_sided,mm_inside,0,0,0,8,14,0,14,0,sell_take1_16,take1,723813.5,hold,1.0,723812.5,1.0,,,,
queue05,round1-day-2,-2,696000,74,74,long_60_plus,9997,10007,10,10002.0,9999.142857142857,2.0,rich,-0.5714285714285714,-2.857142857143117,sell_pressure,2.0,False,steady,1,passive_one_sided_buy,one_sided_mm,0,0,0,6,0,0,0,0,sell_take1_16,take1,743798.5,hold,2.0,743796.5,2.0,passive_inside_buy,,,
queue05,round1-day-2,-2,696200,74,74,long_60_plus,9997,10008,11,10002.5,10000.142857142857,2.5,rich,-0.42857142857142855,-2.357142857143117,sell_pressure,1.5,False,steady,1,passive_one_sided_sell,one_sided_mm,0,0,0,0,14,0,14,0,sell_take1_16,take1,743796.5,hold,8.0,743788.5,8.0,passive_inside_sell,,,
queue05,round1-day-2,-2,697400,74,74,long_60_plus,9998,10008,10,10003.0,9999.42857142857,3.0,rich,-0.7142857142857143,-3.571428571429351,sell_pressure,-5.0,True,shock,1,passive_one_sided_sell,one_sided_mm,0,0,0,0,14,0,14,0,sell_take1_16,take1,743788.5,hold,11.0,743777.5,11.0,passive_inside_sell,,,
queue05,round1-day-2,-2,697500,74,74,long_60_plus,9992,10002,10,9997.0,9998.875,-3.0,cheap,0.375,1.875,buy_pressure,-6.0,True,shock,1,passive_one_sided_buy,one_sided_mm,0,0,0,6,0,6,0,0,hold,hold,743777.5,mm_join_12,0.0,743777.5,0.0,passive_inside_buy,,,
queue05,round1-day-2,-2,697600,74,74,long_60_plus,9992,10002,10,9997.0,9999.5,-3.0,cheap,0.5,2.5,buy_pressure,0.0,False,steady,1,passive_one_sided_buy,one_sided_mm,0,0,0,6,0,6,0,0,hold,hold,743777.5,mm_join_12,0.0,743777.5,0.0,passive_inside_buy,,,
queue05,round1-day-2,-2,700800,80,80,long_60_plus,9991,10000,9,9995.5,9997.75,-4.5,cheap,0.5,2.25,buy_pressure,-3.5,True,shock,0,hold,hold,0,0,0,0,0,0,0,0,hold,hold,803729.5,mm_join_12,0.0,803729.5,0.0,,,,
queue05,round1-day-2,-2,703700,80,80,long_60_plus,9996,10006,10,10001.0,9997.333333333334,1.0,neutral,-0.7333333333333333,-3.6666666666660603,sell_pressure,3.0,False,steady,1,passive_one_sided_sell,one_sided_mm,0,0,0,0,14,0,14,0,hold,hold,803729.5,mm_join_12,0.0,803729.5,0.0,passive_inside_sell,,,
queue05,round1-day-2,-2,704400,80,80,long_60_plus,9996,10006,10,10001.0,9998.142857142857,1.0,neutral,-0.5714285714285714,-2.857142857143117,sell_pressure,-8.0,True,shock,1,passive_one_sided_sell,one_sided_mm,0,0,0,0,14,0,14,0,hold,hold,803729.5,mm_join_12,0.0,803729.5,0.0,passive_inside_sell,,,
queue05,round1-day-2,-2,705800,80,80,long_60_plus,9990,10000,10,9995.0,9998.0,-5.0,cheap,0.6,3.0,buy_pressure,-3.0,False,steady,0,hold,hold,0,0,0,0,0,0,0,0,hold,hold,803729.5,mm_join_12,0.0,803729.5,0.0,,,,
queue05,round1-day-2,-2,706100,80,80,long_60_plus,9995,10006,11,10000.5,9997.75,0.5,neutral,-0.5,-2.75,sell_pressure,2.5,False,steady,1,passive_one_sided_sell,one_sided_mm,0,0,0,0,14,0,14,0,hold,hold,803729.5,mm_join_12,0.0,803729.5,0.0,passive_inside_sell,,,
queue05,round1-day-2,-2,706400,80,80,long_60_plus,9997,10008,11,10002.5,9999.357142857143,2.5,rich,-0.5714285714285714,-3.142857142856883,sell_pressure,3.5,True,shock,1,passive_one_sided_sell,one_sided_mm,0,0,0,0,11,0,11,0,sell_take1_16,take1,803729.5,hold,18.0,803711.5,18.0,passive_inside_sell,,,
queue05,round1-day-2,-2,707400,76,76,long_60_plus,9993,10003,10,9998.0,10001.461538461539,-2.0,cheap,0.6923076923076923,3.4615384615390212,buy_pressure,-3.0,False,steady,1,passive_one_sided_buy,one_sided_mm,0,0,0,4,0,4,0,0,hold,hold,763671.5,mm_join_12,0.0,763671.5,0.0,passive_inside_buy,,,
queue05,round1-day-2,-2,707800,76,76,long_60_plus,9999,10010,11,10004.5,10001.315789473685,4.5,rich,-0.5789473684210527,-3.184210526314928,sell_pressure,2.5,False,steady,1,passive_one_sided_sell,one_sided_mm,0,0,0,0,14,0,14,0,sell_take1_16,take1,763671.5,sell_take2_32,17.0,763653.5,18.0,passive_inside_sell,,,
queue05,round1-day-2,-2,712300,75,75,long_60_plus,9991,10001,10,9996.0,9998.5,-4.0,cheap,0.5,2.5,buy_pressure,-2.0,False,steady,1,passive_one_sided_buy,one_sided_mm,0,0,0,5,0,5,0,0,hold,hold,753618.5,mm_join_12,0.0,753618.5,0.0,passive_inside_buy,,,
queue05,round1-day-2,-2,715700,80,80,long_60_plus,9986,9998,12,9992.0,9996.838709677419,-8.0,cheap,0.8064516129032258,4.838709677418592,buy_pressure,-5.0,True,shock,1,passive_one_sided_sell,one_sided_mm,0,0,0,0,11,0,0,0,mm_inside_12,mm_inside,803541.5,mm_inside_20,0.0,803541.5,0.0,passive_inside_sell,1,9,1.0
queue05,round1-day-2,-2,719000,80,80,long_60_plus,9995,10006,11,10000.5,9998.142857142857,0.5,neutral,-0.42857142857142855,-2.357142857143117,sell_pressure,2.5,False,steady,1,passive_one_sided_sell,one_sided_mm,0,0,0,0,14,0,14,0,hold,hold,803535.5,mm_join_12,0.0,803535.5,0.0,passive_inside_sell,,,
queue05,round1-day-2,-2,722100,78,78,long_60_plus,9989,9999,10,9994.0,9997.333333333334,-6.0,cheap,0.6666666666666666,3.3333333333339397,buy_pressure,-5.0,True,shock,1,passive_one_sided_buy,one_sided_mm,0,0,0,2,0,2,0,0,hold,hold,783525.5,mm_join_12,0.0,783525.5,0.0,passive_inside_buy,,,
queue05,round1-day-2,-2,722400,80,80,long_60_plus,9995,10006,11,10000.5,9997.933333333332,0.5,neutral,-0.4666666666666667,-2.5666666666675155,sell_pressure,8.0,True,shock,1,passive_one_sided_sell,one_sided_mm,0,0,0,0,11,0,11,0,sell_take1_16,take1,803507.5,hold,9.0,803498.5,9.0,passive_inside_sell,,,
queue05,round1-day-2,-2,727800,71,71,long_60_plus,9992,10001,9,9996.5,9999.5,-3.5,cheap,0.6666666666666666,3.0,buy_pressure,-5.0,True,shock,1,passive_one_sided_buy,one_sided_mm,0,0,0,6,0,6,0,0,hold,hold,713469.5,mm_join_12,0.0,713469.5,0.0,passive_inside_buy,,,
queue05,round1-day-2,-2,728200,71,71,long_60_plus,9997,10007,10,10002.0,9999.0,2.0,rich,-0.6,-3.0,sell_pressure,1.0,False,steady,1,passive_one_sided_buy,one_sided_mm,0,0,0,9,0,0,0,0,hold,hold,713469.5,mm_join_12,0.0,713469.5,0.0,passive_inside_buy,,,
queue05,round1-day-2,-2,734800,65,65,long_60_plus,9989,9999,10,9994.0,9996.142857142857,-6.0,cheap,0.42857142857142855,2.142857142856883,buy_pressure,-8.0,True,shock,2,passive_two_sided,mm_inside,0,0,0,6,11,6,0,0,hold,hold,653433.5,mm_join_12,0.0,653433.5,0.0,,,,
queue05,round1-day-2,-2,735100,65,65,long_60_plus,9995,10005,10,10000.0,9997.941176470587,0.0,neutral,-0.4117647058823529,-2.0588235294126207,sell_pressure,3.0,False,steady,2,passive_two_sided,mm_inside,0,0,0,9,14,0,14,0,hold,hold,653433.5,mm_join_12,0.0,653433.5,0.0,,,,
queue05,round1-day-2,-2,736500,68,68,long_60_plus,9987,9996,9,9991.5,9993.35294117647,-8.5,cheap,0.4117647058823529,1.8529411764702672,buy_pressure,-4.0,True,shock,2,passive_two_sided,mm_inside,0,0,0,6,11,6,0,0,hold,hold,683393.5,mm_join_12,0.0,683393.5,0.0,,,,
queue05,round1-day-2,-2,739000,64,64,long_60_plus,9996,10006,10,10001.0,9998.142857142857,1.0,neutral,-0.5714285714285714,-2.857142857143117,sell_pressure,-6.0,True,shock,2,passive_two_sided,mm_inside,0,0,0,9,14,0,14,0,sell_take1_16,take1,643389.5,hold,1.0,643388.5,1.0,,,,
queue05,round1-day-2,-2,741400,74,74,long_60_plus,9990,10000,10,9995.0,9998.0,-5.0,cheap,0.6,3.0,buy_pressure,1.5,False,steady,1,passive_one_sided_buy,one_sided_mm,0,0,0,6,0,6,0,0,hold,hold,743348.5,mm_join_12,0.0,743348.5,0.0,passive_inside_buy,,,
queue05,round1-day-2,-2,741700,74,74,long_60_plus,9991,10000,9,9995.5,9998.8,-4.5,cheap,0.7333333333333333,3.2999999999992724,buy_pressure,-3.5,True,shock,2,passive_two_sided,mm_inside,0,0,0,6,11,6,0,0,hold,hold,743348.5,mm_join_12,0.0,743348.5,0.0,,,,
queue05,round1-day-2,-2,741800,74,74,long_60_plus,9996,10007,11,10001.5,9997.692307692309,1.5,neutral,-0.6923076923076923,-3.807692307691468,sell_pressure,6.0,True,shock,2,passive_two_sided,mm_inside,0,0,0,6,11,0,11,0,hold,hold,743348.5,mm_join_12,0.0,743348.5,0.0,,,,
queue05,round1-day-2,-2,742500,74,74,long_60_plus,9997,10007,10,10002.0,9999.142857142857,2.0,rich,-0.5714285714285714,-2.857142857143117,sell_pressure,-5.0,True,shock,1,passive_one_sided_buy,one_sided_mm,0,0,0,6,0,0,0,0,sell_take1_16,take1,743348.5,hold,2.0,743346.5,2.0,passive_inside_buy,,,
queue05,round1-day-2,-2,742900,67,67,long_60_plus,9991,10000,9,9995.5,9997.882352941177,-4.5,cheap,0.5294117647058824,2.3823529411765776,buy_pressure,-8.0,True,shock,2,passive_two_sided,mm_inside,0,0,0,6,11,6,0,0,hold,hold,673346.5,mm_join_12,0.0,673346.5,0.0,,,,
queue05,round1-day-2,-2,746700,66,66,long_60_plus,9989,9999,10,9994.0,9996.222222222223,-6.0,cheap,0.4444444444444444,2.2222222222226264,buy_pressure,-3.0,True,shock,2,passive_two_sided,mm_inside,0,0,0,6,11,6,0,0,hold,hold,663341.5,mm_join_12,0.0,663341.5,0.0,,,,
queue05,round1-day-2,-2,748100,66,66,long_60_plus,9995,10005,10,10000.0,9997.105263157895,0.0,neutral,-0.5789473684210527,-2.894736842104976,sell_pressure,4.0,True,shock,2,passive_two_sided,mm_inside,0,0,0,6,11,0,11,0,hold,hold,663341.5,mm_join_12,0.0,663341.5,0.0,,,,
queue05,round1-day-2,-2,748700,66,66,long_60_plus,9994,10004,10,9999.0,9996.631578947368,-1.0,neutral,-0.47368421052631576,-2.3684210526316747,sell_pressure,1.5,False,steady,2,passive_two_sided,mm_inside,0,0,0,9,14,0,14,0,hold,hold,663341.5,mm_join_12,0.0,663341.5,0.0,,,,
queue05,round1-day-2,-2,748900,66,66,long_60_plus,9988,9998,10,9993.0,9995.5,-7.0,cheap,0.5,2.5,buy_pressure,-3.0,True,shock,2,passive_two_sided,mm_inside,0,0,0,6,11,6,0,0,hold,hold,663341.5,mm_join_12,0.0,663341.5,0.0,,,,
queue05,round1-day-2,-2,749600,66,66,long_60_plus,9994,10007,13,10000.5,9995.733333333334,0.5,neutral,-0.7333333333333333,-4.766666666666424,sell_pressure,3.0,False,steady,2,passive_two_sided,mm_inside,0,0,0,9,14,0,14,0,hold,hold,663341.5,mm_join_12,0.0,663341.5,0.0,,,,
queue05,round1-day-2,-2,755200,64,64,long_60_plus,9995,10005,10,10000.0,9997.142857142857,0.0,neutral,-0.5714285714285714,-2.857142857143117,sell_pressure,3.0,False,steady,2,passive_two_sided,mm_inside,0,0,0,9,14,0,14,0,hold,hold,643250.5,mm_join_12,0.0,643250.5,0.0,,,,
queue05,round1-day-2,-2,755800,60,60,long_60_plus,9993,10006,13,9999.5,9994.625,-0.5,neutral,-0.75,-4.875,sell_pressure,-1.0,False,steady,2,passive_two_sided,mm_inside,0,0,0,9,14,0,14,0,hold,hold,603262.5,mm_join_12,0.0,603262.5,0.0,,,,
queue05,round1-day-2,-2,758500,53,53,long_40_59,9994,10005,11,9999.5,9997.055555555555,-0.5,neutral,-0.4444444444444444,-2.444444444445253,sell_pressure,2.5,False,steady,2,passive_two_sided,mm_inside,0,0,0,9,14,0,14,0,hold,hold,533241.5,mm_join_12,0.0,533241.5,0.0,,,,
queue05,round1-day-2,-2,758900,53,53,long_40_59,9989,9998,9,9993.5,9996.941176470587,-6.5,cheap,0.7647058823529411,3.4411764705873793,buy_pressure,-2.5,True,shock,2,passive_two_sided,mm_inside,0,0,0,6,11,6,0,0,hold,hold,533241.5,mm_join_12,0.0,533241.5,0.0,,,,
queue05,round1-day-2,-2,759800,64,64,long_60_plus,9989,9998,9,9993.5,9996.411764705883,-6.5,cheap,0.6470588235294118,2.911764705882888,buy_pressure,-4.5,True,shock,2,passive_two_sided,mm_inside,0,0,0,6,11,6,0,0,hold,hold,643157.5,mm_join_12,0.0,643157.5,0.0,,,,
queue05,round1-day-2,-2,760700,58,58,long_40_59,9988,9998,10,9993.0,9995.857142857143,-7.0,cheap,0.5714285714285714,2.857142857143117,buy_pressure,-4.0,True,shock,2,passive_two_sided,mm_inside,0,0,0,6,11,6,0,0,hold,hold,583157.5,mm_join_12,0.0,583157.5,0.0,,,,
queue05,round1-day-2,-2,762000,58,58,long_40_59,9989,9998,9,9993.5,9996.8,-6.5,cheap,0.7333333333333333,3.2999999999992724,buy_pressure,-3.5,True,shock,2,passive_two_sided,mm_inside,0,0,0,6,11,6,0,0,hold,hold,583157.5,mm_join_12,0.0,583157.5,0.0,,,,
queue05,round1-day-2,-2,762900,57,57,long_40_59,9995,10005,10,10000.0,9997.857142857143,0.0,neutral,-0.42857142857142855,-2.142857142856883,sell_pressure,3.0,False,steady,2,passive_two_sided,mm_inside,0,0,0,9,14,0,14,0,hold,hold,573153.5,mm_join_12,0.0,573153.5,0.0,,,,
queue05,round1-day-2,-2,763600,58,58,long_40_59,9986,9998,12,9992.0,9996.588235294117,-8.0,cheap,0.7647058823529411,4.588235294117112,buy_pressure,-5.0,True,shock,2,passive_two_sided,mm_inside,0,0,0,6,11,6,0,0,hold,hold,583143.5,mm_join_12,0.0,583143.5,0.0,,,,
queue05,round1-day-2,-2,764600,58,58,long_40_59,9988,9997,9,9992.5,9995.105263157895,-7.5,cheap,0.5789473684210527,2.605263157895024,buy_pressure,-3.5,True,shock,2,passive_two_sided,mm_inside,0,0,0,6,11,6,0,0,hold,hold,583143.5,mm_join_12,0.0,583143.5,0.0,,,,
queue05,round1-day-2,-2,765200,62,60,long_60_plus,9993,10003,10,9998.0,9995.0,-2.0,cheap,-0.6,-3.0,sell_pressure,4.0,True,shock,2,passive_two_sided,mm_inside,0,0,0,6,11,0,11,0,mm_inside_12,mm_inside,623099.5,mm_inside_20,0.0,623099.5,0.0,,,,
queue05,round1-day-2,-2,766000,60,60,long_60_plus,9992,10003,11,9997.5,9995.142857142857,-2.5,cheap,-0.42857142857142855,-2.357142857143117,sell_pressure,2.5,False,steady,2,passive_two_sided,mm_inside,0,0,0,9,14,0,14,0,hold,hold,603095.5,mm_join_12,0.0,603095.5,0.0,,,,
queue05,round1-day-2,-2,770400,50,50,long_40_59,9994,10005,11,9999.5,9996.357142857143,-0.5,neutral,-0.5714285714285714,-3.142857142856883,sell_pressure,2.5,False,steady,2,passive_two_sided,mm_inside,0,0,0,9,14,0,14,0,hold,hold,503087.5,mm_join_12,0.0,503087.5,0.0,,,,
queue05,round1-day-2,-2,771700,50,50,long_40_59,9989,9999,10,9994.0,9996.857142857143,-6.0,cheap,0.5714285714285714,2.857142857143117,buy_pressure,-3.0,True,shock,2,passive_two_sided,mm_inside,0,0,0,6,11,6,0,0,hold,hold,503087.5,mm_join_12,0.0,503087.5,0.0,,,,
queue05,round1-day-2,-2,773800,47,47,long_40_59,9990,9999,9,9994.5,9997.07142857143,-5.5,cheap,0.5714285714285714,2.571428571429351,buy_pressure,-3.0,False,steady,1,passive_one_sided_buy,one_sided_mm,0,0,0,10,0,10,0,0,hold,hold,473075.5,mm_join_12,0.0,473075.5,0.0,passive_inside_buy,,,
queue05,round1-day-2,-2,774300,49,49,long_40_59,9989,9999,10,9994.0,9997.666666666666,-6.0,cheap,0.7333333333333333,3.6666666666660603,buy_pressure,-4.0,True,shock,1,passive_one_sided_buy,one_sided_mm,0,0,0,7,0,7,0,0,hold,hold,493057.5,mm_join_12,0.0,493057.5,0.0,passive_inside_buy,,,
queue05,round1-day-2,-2,776000,47,47,long_40_59,9989,9999,10,9994.0,9996.857142857143,-6.0,cheap,0.5714285714285714,2.857142857143117,buy_pressure,-3.0,True,shock,1,passive_one_sided_buy,one_sided_mm,0,0,0,7,0,7,0,0,hold,hold,473049.5,mm_join_12,0.0,473049.5,0.0,passive_inside_buy,,,
queue05,round1-day-2,-2,778200,48,48,long_40_59,9989,9999,10,9994.0,9996.894736842105,-6.0,cheap,0.5789473684210527,2.894736842104976,buy_pressure,4.0,True,shock,1,passive_one_sided_buy,one_sided_mm,0,0,0,7,0,7,0,0,hold,hold,482989.5,mm_join_12,0.0,482989.5,0.0,passive_inside_buy,,,
queue05,round1-day-2,-2,779200,51,51,long_40_59,9995,10006,11,10000.5,9997.933333333332,0.5,neutral,-0.4666666666666667,-2.5666666666675155,sell_pressure,2.5,False,steady,2,passive_two_sided,mm_inside,0,0,0,9,14,0,14,0,hold,hold,512972.5,mm_join_12,0.0,512972.5,0.0,,,,
queue05,round1-day-2,-2,780700,51,51,long_40_59,9998,10007,9,10002.5,9999.44,2.5,rich,-0.68,-3.0599999999994907,sell_pressure,13.5,True,shock,1,passive_one_sided_sell,one_sided_mm,0,0,0,0,14,0,14,0,sell_take1_16,take1,512972.5,hold,8.0,512964.5,8.0,passive_inside_sell,,,
queue05,round1-day-2,-2,781700,51,51,long_40_59,9988,9997,9,9992.5,9995.5,-7.5,cheap,0.6666666666666666,3.0,buy_pressure,-3.0,True,shock,2,passive_two_sided,mm_inside,0,0,0,6,11,6,0,0,hold,hold,512964.5,mm_join_12,0.0,512964.5,0.0,,,,
queue05,round1-day-2,-2,785900,64,64,long_60_plus,9993,10004,11,9998.5,9995.75,-1.5,neutral,-0.5,-2.75,sell_pressure,3.5,True,shock,2,passive_two_sided,mm_inside,0,0,0,6,11,0,11,0,hold,hold,642891.5,mm_join_12,0.0,642891.5,0.0,,,,
queue05,round1-day-2,-2,788300,71,71,long_60_plus,9993,10003,10,9998.0,9994.25,-2.0,cheap,-0.75,-3.75,sell_pressure,3.0,False,steady,2,passive_two_sided,mm_inside,0,0,0,9,14,9,14,0,hold,hold,712839.5,mm_join_12,0.0,712839.5,0.0,,,,
queue05,round1-day-2,-2,789800,64,64,long_60_plus,9993,10006,13,9999.5,9995.6,-0.5,neutral,-0.6,-3.899999999999636,sell_pressure,4.0,True,shock,2,passive_two_sided,mm_inside,0,0,0,6,11,0,11,0,hold,hold,642850.5,mm_join_12,0.0,642850.5,0.0,,,,
queue05,round1-day-2,-2,792200,67,67,long_60_plus,9993,10003,10,9998.0,9995.0,-2.0,cheap,-0.6,-3.0,sell_pressure,3.0,False,steady,2,passive_two_sided,mm_inside,0,0,0,9,14,0,14,0,hold,hold,672816.5,mm_join_12,0.0,672816.5,0.0,,,,
queue05,round1-day-2,-2,793800,63,63,long_60_plus,9987,9996,9,9991.5,9993.882352941177,-8.5,cheap,0.5294117647058824,2.3823529411765776,buy_pressure,-3.5,True,shock,2,passive_two_sided,mm_inside,0,0,0,6,11,6,0,0,hold,hold,632790.5,mm_join_12,0.0,632790.5,0.0,,,,
queue05,round1-day-2,-2,797400,67,67,long_60_plus,9984,9996,12,9990.0,9995.04,-10.0,cheap,0.84,5.040000000000873,buy_pressure,-5.0,True,shock,2,passive_two_sided,mm_inside,0,0,0,6,11,6,0,0,hold,hold,672724.5,mm_join_12,0.0,672724.5,0.0,,,,
queue05,round1-day-2,-2,799100,67,67,long_60_plus,9985,9997,12,9991.0,9995.235294117647,-9.0,cheap,0.7058823529411765,4.235294117646845,buy_pressure,-5.0,True,shock,2,passive_two_sided,mm_inside,0,0,0,6,11,6,0,0,hold,hold,672724.5,mm_join_12,0.0,672724.5,0.0,,,,
queue05,round1-day-2,-2,800100,63,65,long_60_plus,9988,9997,9,9992.5,9995.3125,-7.5,cheap,0.625,2.8125,buy_pressure,-1.5,True,shock,2,passive_two_sided,mm_inside,0,0,0,6,11,6,0,0,mm_inside_12,mm_inside,632704.5,mm_inside_20,0.0,632704.5,0.0,,,,
queue05,round1-day-2,-2,800500,65,65,long_60_plus,9988,9997,9,9992.5,9994.35294117647,-7.5,cheap,0.4117647058823529,1.8529411764702672,buy_pressure,-3.5,True,shock,2,passive_two_sided,mm_inside,0,0,0,6,11,6,0,0,hold,hold,652682.5,mm_join_12,0.0,652682.5,0.0,,,,
queue05,round1-day-2,-2,802400,66,66,long_60_plus,9992,10002,10,9997.0,9993.25,-3.0,cheap,-0.75,-3.75,sell_pressure,4.0,True,shock,2,passive_two_sided,mm_inside,0,0,0,6,11,0,11,0,hold,hold,662670.5,mm_join_12,0.0,662670.5,0.0,,,,
queue05,round1-day-2,-2,808400,65,61,long_60_plus,9990,10001,11,9995.5,9991.692307692309,-4.5,cheap,-0.6923076923076923,-3.807692307691468,sell_pressure,2.5,False,steady,2,passive_two_sided,mm_inside,0,0,0,9,14,0,14,0,mm_inside_12,mm_inside,652653.5,mm_inside_20,0.0,652653.5,0.0,,,,
queue05,round1-day-2,-2,810400,59,59,long_40_59,9988,9998,10,9993.0,9989.42857142857,-7.0,cheap,-0.7142857142857143,-3.571428571429351,sell_pressure,3.0,True,shock,2,passive_two_sided,mm_inside,0,0,0,6,11,0,11,0,hold,hold,592657.5,mm_join_12,0.0,592657.5,0.0,,,,
queue05,round1-day-2,-2,810900,59,59,long_40_59,9989,10000,11,9994.5,9992.4375,-5.5,cheap,-0.375,-2.0625,sell_pressure,2.5,False,steady,2,passive_two_sided,mm_inside,0,0,0,9,14,0,14,0,hold,hold,592657.5,mm_join_12,0.0,592657.5,0.0,,,,
queue05,round1-day-2,-2,811300,59,59,long_40_59,9985,9994,9,9989.5,9991.631578947368,-10.5,cheap,0.47368421052631576,2.1315789473683253,buy_pressure,-2.0,True,shock,1,passive_one_sided_buy,one_sided_mm,0,0,0,6,0,6,0,0,hold,hold,592657.5,mm_join_12,0.0,592657.5,0.0,passive_inside_buy,,,
queue05,round1-day-2,-2,812100,59,59,long_40_59,9991,10002,11,9996.5,9994.666666666666,-3.5,cheap,-0.3333333333333333,-1.8333333333339397,mixed_pressure,3.5,True,shock,2,passive_two_sided,mm_inside,0,0,0,6,11,0,11,0,hold,hold,592657.5,mm_join_12,0.0,592657.5,0.0,,,,
queue05,round1-day-2,-2,812600,59,59,long_40_59,9991,10002,11,9996.5,9993.894736842105,-3.5,cheap,-0.47368421052631576,-2.605263157895024,sell_pressure,2.0,False,steady,2,passive_two_sided,mm_inside,0,0,0,9,14,0,14,0,hold,hold,592657.5,mm_join_12,0.0,592657.5,0.0,,,,
queue05,round1-day-2,-2,815800,67,67,long_60_plus,9993,10003,10,9998.0,9995.5,-2.0,cheap,-0.5,-2.5,sell_pressure,3.0,False,steady,2,passive_two_sided,mm_inside,0,0,0,9,14,0,14,0,hold,hold,672576.5,mm_join_12,0.0,672576.5,0.0,,,,
queue05,round1-day-2,-2,816300,67,67,long_60_plus,9988,9998,10,9993.0,9995.5,-7.0,cheap,0.5,2.5,buy_pressure,-3.0,True,shock,2,passive_two_sided,mm_inside,0,0,0,6,11,6,0,0,hold,hold,672576.5,mm_join_12,0.0,672576.5,0.0,,,,
queue05,round1-day-2,-2,818300,72,72,long_60_plus,9988,9998,10,9993.0,9996.75,-7.0,cheap,0.75,3.75,buy_pressure,-3.0,True,shock,2,passive_two_sided,mm_inside,0,0,0,6,11,6,0,0,hold,hold,722521.5,mm_join_12,0.0,722521.5,0.0,,,,
queue05,round1-day-2,-2,820500,77,77,long_60_plus,9994,10007,13,10000.5,9995.3,0.5,neutral,-0.8,-5.200000000000728,sell_pressure,4.5,True,shock,2,passive_two_sided,mm_inside,0,0,0,3,11,0,11,0,sell_take1_16,take1,772488.5,hold,3.0,772485.5,3.0,,,,
queue05,round1-day-2,-2,821300,77,77,long_60_plus,9989,9998,9,9993.5,9995.75,-6.5,cheap,0.5,2.25,buy_pressure,-5.0,True,shock,2,passive_two_sided,mm_inside,0,0,0,3,11,3,0,0,hold,hold,772461.5,mm_join_12,0.0,772461.5,0.0,,,,
queue05,round1-day-2,-2,822900,73,73,long_60_plus,9989,9998,9,9993.5,9995.75,-6.5,cheap,0.5,2.25,buy_pressure,-1.5,True,shock,2,passive_two_sided,mm_inside,0,0,0,6,11,6,0,0,hold,hold,732445.5,mm_join_12,0.0,732445.5,0.0,,,,
queue05,round1-day-2,-2,823600,73,73,long_60_plus,9989,9998,9,9993.5,9995.35294117647,-6.5,cheap,0.4117647058823529,1.8529411764702672,buy_pressure,-3.5,True,shock,2,passive_two_sided,mm_inside,0,0,0,6,11,6,0,0,hold,hold,732445.5,mm_join_12,0.0,732445.5,0.0,,,,
queue05,round1-day-2,-2,823900,73,73,long_60_plus,9988,9998,10,9993.0,9994.666666666666,-7.0,cheap,0.3333333333333333,1.6666666666660603,mixed_pressure,-3.0,True,shock,2,passive_two_sided,mm_inside,0,0,0,6,11,6,0,0,hold,hold,732445.5,mm_join_12,0.0,732445.5,0.0,,,,
queue05,round1-day-2,-2,824900,80,80,long_60_plus,9993,10006,13,9999.5,9994.258064516129,-0.5,neutral,-0.8064516129032258,-5.2419354838712025,sell_pressure,4.5,True,shock,1,passive_one_sided_sell,one_sided_mm,0,0,0,0,11,0,11,0,hold,hold,802386.5,mm_join_12,0.0,802386.5,0.0,passive_inside_sell,,,
queue05,round1-day-2,-2,825700,80,80,long_60_plus,9988,9998,10,9993.0,9995.894736842105,-7.0,cheap,0.5789473684210527,2.894736842104976,buy_pressure,-4.5,True,shock,1,passive_one_sided_sell,one_sided_mm,0,0,0,0,11,0,0,0,hold,hold,802386.5,mm_join_12,0.0,802386.5,0.0,passive_inside_sell,,,
queue05,round1-day-2,-2,827200,80,80,long_60_plus,9989,9998,9,9993.5,9996.941176470587,-6.5,cheap,0.7647058823529411,3.4411764705873793,buy_pressure,-2.5,True,shock,1,passive_one_sided_sell,one_sided_mm,0,0,0,0,11,0,0,0,hold,hold,802386.5,mm_join_12,0.0,802386.5,0.0,passive_inside_sell,,,
queue05,round1-day-2,-2,828600,80,80,long_60_plus,9995,10006,11,10000.5,9996.833333333334,0.5,neutral,-0.6666666666666666,-3.6666666666660603,sell_pressure,2.5,False,steady,1,passive_one_sided_sell,one_sided_mm,0,0,0,0,14,0,14,0,sell_take1_16,take1,802386.5,hold,8.0,802378.5,8.0,passive_inside_sell,,,
queue05,round1-day-2,-2,828800,80,80,long_60_plus,9990,9999,9,9994.5,9996.6,-5.5,cheap,0.4666666666666667,2.100000000000364,buy_pressure,-5.0,True,shock,1,passive_one_sided_sell,one_sided_mm,0,0,0,0,11,0,0,0,hold,hold,802378.5,mm_join_12,0.0,802378.5,0.0,passive_inside_sell,,,
queue05,round1-day-2,-2,830300,80,80,long_60_plus,9992,10002,10,9997.0,10000.333333333334,-3.0,cheap,0.6666666666666666,3.3333333333339397,buy_pressure,-2.0,False,steady,0,hold,hold,0,0,0,0,0,0,0,0,hold,hold,802378.5,mm_join_12,0.0,802378.5,0.0,,,,
queue05,round1-day-2,-2,831300,80,80,long_60_plus,9999,10012,13,10005.5,10000.969696969696,5.5,rich,-0.696969696969697,-4.530303030303912,sell_pressure,3.0,False,steady,1,passive_one_sided_sell,one_sided_mm,0,0,0,0,14,0,14,0,sell_take1_16,take1,802378.5,sell_take2_32,0.0,802371.5,7.0,passive_inside_sell,,,
queue05,round1-day-2,-2,833400,80,76,long_60_plus,10001,10012,11,10006.5,10003.588235294117,6.5,rich,-0.5294117647058824,-2.911764705882888,sell_pressure,2.5,True,shock,2,clear_sell,take1,0,4,4,0,11,0,11,1,sell_take1_16,take1,802343.5,hold,12.0,802343.5,0.0,take_b1,,,
queue05,round1-day-2,-2,834500,74,74,long_60_plus,9995,10005,10,10000.0,10002.142857142857,0.0,neutral,0.42857142857142855,2.142857142856883,buy_pressure,-3.0,False,steady,1,passive_one_sided_buy,one_sided_mm,0,0,0,6,0,6,0,0,hold,hold,742319.5,mm_join_12,0.0,742319.5,0.0,passive_inside_buy,,,
queue05,round1-day-2,-2,834900,74,74,long_60_plus,10000,10013,13,10006.5,10001.925925925925,6.5,rich,-0.7037037037037037,-4.574074074074815,sell_pressure,2.0,True,shock,1,passive_one_sided_sell,one_sided_mm,0,0,0,0,11,0,11,0,sell_take1_16,take1,742319.5,hold,8.0,742311.5,8.0,passive_inside_sell,,,
queue05,round1-day-2,-2,836200,73,73,long_60_plus,9994,10004,10,9999.0,10001.368421052632,-1.0,neutral,0.47368421052631576,2.3684210526316747,buy_pressure,-1.5,False,steady,2,passive_two_sided,mm_inside,0,0,0,7,14,7,14,0,hold,hold,732301.5,mm_join_12,0.0,732301.5,0.0,,,,
queue05,round1-day-2,-2,840300,78,74,long_60_plus,10001,10011,10,10006.0,10003.5,6.0,rich,-0.5,-2.5,sell_pressure,2.5,True,shock,2,clear_sell,take1,0,4,4,0,11,0,11,1,sell_take1_16,take1,782249.5,hold,10.0,782249.5,0.0,take_b1,,,
queue05,round1-day-2,-2,845400,74,70,long_60_plus,10005,10014,9,10009.5,10006.285714285714,9.5,rich,-0.7142857142857143,-3.214285714286234,sell_pressure,6.5,True,shock,3,clear_sell,take1,0,8,8,0,11,0,11,1,sell_take1_16,take1,742201.5,hold,20.0,742201.5,0.0,take_b1,,,
queue05,round1-day-2,-2,845800,70,70,long_60_plus,9995,10004,9,9999.5,10001.882352941177,-0.5,neutral,0.5294117647058824,2.3823529411765776,buy_pressure,-3.5,True,shock,1,passive_one_sided_buy,one_sided_mm,0,0,0,6,0,6,0,0,hold,hold,702181.5,mm_join_12,0.0,702181.5,0.0,passive_inside_buy,,,
queue05,round1-day-2,-2,847900,60,56,long_60_plus,10003,10013,10,10008.0,10005.857142857143,8.0,rich,-0.42857142857142855,-2.142857142856883,sell_pressure,4.0,True,shock,3,clear_sell,take1,0,8,8,0,11,0,11,1,sell_take1_16,take1,602121.5,hold,12.0,602121.5,0.0,take_b1,,,
queue05,round1-day-2,-2,848800,56,56,long_40_59,9997,10007,10,10002.0,10005.57142857143,2.0,rich,0.7142857142857143,3.571428571429351,buy_pressure,-3.0,False,steady,1,passive_one_sided_buy,one_sided_mm,0,0,0,9,0,9,0,0,hold,hold,562109.5,mm_join_12,0.0,562109.5,0.0,passive_inside_buy,,,
queue05,round1-day-2,-2,851000,63,63,long_60_plus,10000,10013,13,10006.5,10001.3,6.5,rich,-0.8,-5.200000000000728,sell_pressure,4.5,True,shock,1,passive_one_sided_sell,one_sided_mm,0,0,0,0,11,0,11,0,hold,hold,632080.5,mm_join_12,0.0,632080.5,0.0,passive_inside_sell,,,
queue05,round1-day-2,-2,851500,60,56,long_60_plus,10001,10011,10,10006.0,10003.666666666666,6.0,rich,-0.4666666666666667,-2.3333333333339397,sell_pressure,-4.0,True,shock,2,clear_sell,take1,0,4,4,0,11,0,11,1,sell_take1_16,take1,602050.5,hold,4.0,602050.5,0.0,take_b1,,,
queue05,round1-day-2,-2,852300,56,56,long_40_59,9994,10004,10,9999.0,10002.333333333334,-1.0,neutral,0.6666666666666666,3.3333333333339397,buy_pressure,-3.0,False,steady,1,passive_one_sided_buy,one_sided_mm,0,0,0,9,0,9,0,0,hold,hold,562046.5,mm_join_12,0.0,562046.5,0.0,passive_inside_buy,,,
queue05,round1-day-2,-2,857100,50,50,long_40_59,10000,10010,10,10005.0,10002.941176470587,5.0,rich,-0.4117647058823529,-2.0588235294126207,sell_pressure,2.0,False,steady,1,passive_one_sided_sell,one_sided_mm,0,0,0,0,14,0,14,0,hold,hold,501994.5,mm_join_12,0.0,501994.5,0.0,passive_inside_sell,,,
queue05,round1-day-2,-2,858100,41,41,long_40_59,9994,10003,9,9998.5,10001.3125,-1.5,neutral,0.625,2.8125,buy_pressure,-3.5,True,shock,1,passive_one_sided_buy,one_sided_mm,0,0,0,9,0,9,0,0,hold,hold,411958.5,mm_join_12,0.0,411958.5,0.0,passive_inside_buy,,,
queue05,round1-day-2,-2,860600,47,47,long_40_59,9995,10004,9,9999.5,10001.75,-0.5,neutral,0.5,2.25,buy_pressure,-4.5,True,shock,1,passive_one_sided_buy,one_sided_mm,0,0,0,6,0,6,0,0,hold,hold,471922.5,mm_join_12,0.0,471922.5,0.0,passive_inside_buy,,,
queue05,round1-day-2,-2,861400,47,47,long_40_59,9994,10003,9,9998.5,10001.0,-1.5,neutral,0.5555555555555556,2.5,buy_pressure,-3.5,True,shock,1,passive_one_sided_buy,one_sided_mm,0,0,0,6,0,6,0,0,hold,hold,471922.5,mm_join_12,0.0,471922.5,0.0,passive_inside_buy,,,
queue05,round1-day-2,-2,861700,47,47,long_40_59,9995,10005,10,10000.0,10003.0,0.0,neutral,0.6,3.0,buy_pressure,-2.5,False,steady,1,passive_one_sided_buy,one_sided_mm,0,0,0,9,0,9,0,0,hold,hold,471922.5,mm_join_12,0.0,471922.5,0.0,passive_inside_buy,,,
queue05,round1-day-2,-2,867100,47,47,long_40_59,10002,10013,11,10007.5,10004.444444444445,7.5,rich,-0.5555555555555556,-3.055555555554747,sell_pressure,-4.5,True,shock,1,passive_one_sided_sell,one_sided_mm,0,0,0,0,11,0,11,0,sell_take1_16,take1,471922.5,hold,8.0,471914.5,8.0,passive_inside_sell,,,
queue05,round1-day-2,-2,867400,51,51,long_40_59,10002,10013,11,10007.5,10004.75,7.5,rich,-0.5,-2.75,sell_pressure,1.5,True,shock,1,passive_one_sided_sell,one_sided_mm,0,0,0,0,11,0,11,0,sell_take1_16,take1,511906.5,hold,10.0,511896.5,10.0,passive_inside_sell,,,
queue05,round1-day-2,-2,868500,56,56,long_40_59,9996,10005,9,10000.5,10002.6,0.5,neutral,0.4666666666666667,2.100000000000364,buy_pressure,2.0,False,steady,2,passive_two_sided,mm_inside,0,0,0,9,14,0,14,0,hold,hold,561896.5,mm_join_12,0.0,561896.5,0.0,,,,
queue05,round1-day-2,-2,873100,46,46,long_40_59,10002,10012,10,10007.0,10004.941176470587,7.0,rich,-0.4117647058823529,-2.0588235294126207,sell_pressure,3.0,True,shock,1,passive_one_sided_sell,one_sided_mm,0,0,0,0,11,0,11,0,sell_take1_16,take1,461846.5,hold,10.0,461836.5,10.0,passive_inside_sell,,,
queue05,round1-day-2,-2,873800,46,46,long_40_59,10001,10014,13,10007.5,10002.529411764706,7.5,rich,-0.7647058823529411,-4.97058823529369,sell_pressure,3.5,True,shock,1,passive_one_sided_sell,one_sided_mm,0,0,0,0,11,0,11,0,sell_take1_16,take1,461836.5,hold,4.0,461832.5,4.0,passive_inside_sell,,,
queue05,round1-day-2,-2,874400,46,46,long_40_59,10002,10012,10,10007.0,10005.333333333334,7.0,rich,-0.3333333333333333,-1.6666666666660603,mixed_pressure,3.0,True,shock,1,passive_one_sided_buy,one_sided_mm,0,0,0,6,0,0,0,0,sell_take1_16,take1,461832.5,hold,10.0,461822.5,10.0,passive_inside_buy,,,
queue05,round1-day-2,-2,876700,44,44,long_40_59,9996,10006,10,10001.0,10004.125,1.0,neutral,0.625,3.125,buy_pressure,-4.0,True,shock,1,passive_one_sided_buy,one_sided_mm,0,0,0,6,0,6,0,0,hold,hold,441810.5,mm_join_12,0.0,441810.5,0.0,passive_inside_buy,,,
queue05,round1-day-2,-2,877200,44,44,long_40_59,9997,10007,10,10002.0,10004.222222222223,2.0,rich,0.4444444444444444,2.2222222222226264,buy_pressure,-3.0,False,steady,1,passive_one_sided_buy,one_sided_mm,0,0,0,9,0,0,0,0,hold,hold,441810.5,mm_join_12,0.0,441810.5,0.0,passive_inside_buy,,,
queue05,round1-day-2,-2,877900,44,44,long_40_59,10002,10012,10,10007.0,10004.631578947368,7.0,rich,-0.47368421052631576,-2.3684210526316747,sell_pressure,3.0,True,shock,1,passive_one_sided_sell,one_sided_mm,0,0,0,0,11,0,11,0,sell_take1_16,take1,441810.5,hold,10.0,441800.5,10.0,passive_inside_sell,,,
queue05,round1-day-2,-2,878700,38,38,long_20_39,10002,10012,10,10007.0,10003.875,7.0,rich,-0.625,-3.125,sell_pressure,3.0,True,shock,1,passive_one_sided_sell,one_sided_mm,0,0,0,0,9,0,9,0,sell_take1_16,take1,381754.5,hold,6.0,381748.5,6.0,passive_inside_sell,,,
queue05,round1-day-2,-2,878900,38,38,long_20_39,10001,10014,13,10007.5,10002.344827586207,7.5,rich,-0.7931034482758621,-5.15517241379348,sell_pressure,14.5,True,shock,1,passive_one_sided_sell,one_sided_mm,0,0,0,0,9,0,9,0,sell_take1_16,take1,381748.5,hold,3.0,381745.5,3.0,passive_inside_sell,,,
queue05,round1-day-2,-2,883400,38,38,long_20_39,9993,10003,10,9998.0,10000.368421052632,-2.0,cheap,0.47368421052631576,2.3684210526316747,buy_pressure,-3.0,False,steady,0,hold,hold,0,0,0,0,0,0,0,0,hold,hold,381745.5,mm_join_12,0.0,381745.5,0.0,,,,
queue05,round1-day-2,-2,884500,38,38,long_20_39,9994,10003,9,9998.5,10001.2,-1.5,neutral,0.6,2.7000000000007276,buy_pressure,-3.5,True,shock,1,passive_one_sided_buy,one_sided_mm,0,0,0,9,0,9,0,0,hold,hold,381745.5,mm_join_12,0.0,381745.5,0.0,passive_inside_buy,,,
queue05,round1-day-2,-2,885900,38,38,long_20_39,9997,10007,10,10002.0,9998.538461538461,2.0,rich,-0.6923076923076923,-3.4615384615390212,sell_pressure,3.0,False,steady,1,passive_one_sided_buy,one_sided_mm,0,0,0,12,0,0,0,0,hold,hold,381745.5,mm_join_12,0.0,381745.5,0.0,passive_inside_buy,,,
queue05,round1-day-2,-2,886300,38,38,long_20_39,9991,10001,10,9996.0,9999.0,-4.0,cheap,0.6,3.0,buy_pressure,-4.0,True,shock,1,passive_one_sided_buy,one_sided_mm,0,0,0,10,0,10,0,0,hold,hold,381745.5,mm_join_12,0.0,381745.5,0.0,passive_inside_buy,,,
queue05,round1-day-2,-2,889300,44,44,long_40_59,9993,10003,10,9998.0,10000.5,-2.0,cheap,0.5,2.5,buy_pressure,-4.5,True,shock,0,hold,hold,0,0,0,0,0,0,0,0,hold,hold,441727.5,mm_join_12,0.0,441727.5,0.0,,,,
queue05,round1-day-2,-2,891800,39,39,long_20_39,9993,10003,10,9998.0,10000.142857142857,-2.0,cheap,0.42857142857142855,2.142857142856883,buy_pressure,-4.5,True,shock,0,hold,hold,0,0,0,0,0,0,0,0,hold,hold,391692.5,mm_join_12,0.0,391692.5,0.0,,,,
queue05,round1-day-2,-2,893200,37,37,long_20_39,9998,10011,13,10004.5,9998.8125,4.5,rich,-0.875,-5.6875,sell_pressure,3.0,False,steady,1,passive_one_sided_sell,one_sided_mm,0,0,0,0,12,0,12,0,hold,hold,371678.5,mm_join_12,0.0,371678.5,0.0,passive_inside_sell,,,
queue05,round1-day-2,-2,893600,37,37,long_20_39,9993,10002,9,9997.5,9999.75,-2.5,cheap,0.5,2.25,buy_pressure,-3.5,True,shock,1,passive_one_sided_buy,one_sided_mm,0,0,0,10,0,10,0,0,hold,hold,371678.5,mm_join_12,0.0,371678.5,0.0,passive_inside_buy,,,
queue05,round1-day-2,-2,894800,37,37,long_20_39,9993,10003,10,9998.0,10001.0,-2.0,cheap,0.6,3.0,buy_pressure,-3.0,False,steady,0,hold,hold,0,0,0,0,0,0,0,0,hold,hold,371678.5,mm_join_12,0.0,371678.5,0.0,,,,
queue05,round1-day-2,-2,896000,35,35,long_20_39,10000,10010,10,10005.0,10002.222222222223,5.0,rich,-0.5555555555555556,-2.7777777777773736,sell_pressure,1.5,False,steady,1,passive_one_sided_sell,one_sided_mm,0,0,0,0,12,0,12,0,hold,hold,351660.5,mm_join_12,0.0,351660.5,0.0,passive_inside_sell,,,
queue05,round1-day-2,-2,898600,31,31,long_20_39,10002,10012,10,10007.0,10003.666666666666,7.0,rich,-0.6666666666666666,-3.3333333333339397,sell_pressure,2.0,True,shock,1,passive_one_sided_sell,one_sided_mm,0,0,0,0,9,0,9,0,sell_take1_16,take1,311612.5,hold,6.0,311606.5,6.0,passive_inside_sell,,,
queue05,round1-day-2,-2,899500,31,31,long_20_39,10001,10011,10,10006.0,10002.538461538461,6.0,rich,-0.6923076923076923,-3.4615384615390212,sell_pressure,3.0,True,shock,1,passive_one_sided_sell,one_sided_mm,0,0,0,0,9,0,9,0,sell_take1_16,take1,311606.5,hold,2.0,311604.5,2.0,passive_inside_sell,,,
queue05,round1-day-2,-2,899900,31,31,long_20_39,9995,10005,10,10000.0,10001.666666666666,0.0,neutral,0.3333333333333333,1.6666666666660603,mixed_pressure,-3.0,False,steady,1,passive_one_sided_buy,one_sided_mm,0,0,0,12,0,12,0,0,hold,hold,311604.5,mm_join_12,0.0,311604.5,0.0,passive_inside_buy,,,
queue05,round1-day-2,-2,900500,31,31,long_20_39,10001,10012,11,10006.5,10003.933333333332,6.5,rich,-0.4666666666666667,-2.5666666666675155,sell_pressure,2.5,True,shock,1,passive_one_sided_sell,one_sided_mm,0,0,0,0,9,0,9,0,sell_take1_16,take1,311604.5,hold,4.0,311600.5,4.0,passive_inside_sell,,,
queue05,round1-day-2,-2,905200,34,34,long_20_39,9994,10004,10,9999.0,10001.5,-1.0,neutral,0.5,2.5,buy_pressure,-3.0,False,steady,1,passive_one_sided_buy,one_sided_mm,0,0,0,12,0,12,0,0,hold,hold,341555.5,mm_join_12,0.0,341555.5,0.0,passive_inside_buy,,,
queue05,round1-day-2,-2,908300,32,32,long_20_39,9994,10003,9,9998.5,10000.631578947368,-1.5,neutral,0.47368421052631576,2.1315789473683253,buy_pressure,-3.5,True,shock,1,passive_one_sided_buy,one_sided_mm,0,0,0,9,0,9,0,0,hold,hold,321524.5,mm_join_12,0.0,321524.5,0.0,passive_inside_buy,,,
queue05,round1-day-2,-2,908700,32,32,long_20_39,9999,10010,11,10004.5,10001.75,4.5,rich,-0.5,-2.75,sell_pressure,1.5,False,steady,1,passive_one_sided_sell,one_sided_mm,0,0,0,0,12,0,12,0,hold,hold,321524.5,mm_join_12,0.0,321524.5,0.0,passive_inside_sell,,,
queue05,round1-day-2,-2,909200,32,32,long_20_39,9993,10002,9,9997.5,10000.105263157895,-2.5,cheap,0.5789473684210527,2.605263157895024,buy_pressure,-4.0,True,shock,1,passive_one_sided_buy,one_sided_mm,0,0,0,10,0,10,0,0,hold,hold,321524.5,mm_join_12,0.0,321524.5,0.0,passive_inside_buy,,,
queue05,round1-day-2,-2,914200,36,36,long_20_39,9993,10002,9,9997.5,10000.105263157895,-2.5,cheap,0.5789473684210527,2.605263157895024,buy_pressure,-3.5,True,shock,1,passive_one_sided_buy,one_sided_mm,0,0,0,10,0,10,0,0,hold,hold,361504.5,mm_join_12,0.0,361504.5,0.0,passive_inside_buy,,,
queue05,round1-day-2,-2,914500,38,38,long_20_39,9998,10009,11,10003.5,10000.588235294117,3.5,rich,-0.5294117647058824,-2.911764705882888,sell_pressure,4.0,True,shock,1,passive_one_sided_sell,one_sided_mm,0,0,0,0,9,0,9,0,hold,hold,381492.5,mm_join_12,0.0,381492.5,0.0,passive_inside_sell,,,
queue05,round1-day-2,-2,914600,38,38,long_20_39,9990,10002,12,9996.0,10000.875,-4.0,cheap,0.8125,4.875,buy_pressure,-7.5,True,shock,1,passive_one_sided_buy,one_sided_mm,0,0,0,10,0,10,0,0,hold,hold,381492.5,mm_join_12,0.0,381492.5,0.0,passive_inside_buy,,,
queue05,round1-day-2,-2,915900,38,38,long_20_39,9993,10003,10,9998.0,10000.058823529413,-2.0,cheap,0.4117647058823529,2.0588235294126207,buy_pressure,-3.0,False,steady,0,hold,hold,0,0,0,0,0,0,0,0,hold,hold,381492.5,mm_join_12,0.0,381492.5,0.0,,,,
queue05,round1-day-2,-2,916600,38,38,long_20_39,9999,10009,10,10004.0,10001.105263157895,4.0,rich,-0.5789473684210527,-2.894736842104976,sell_pressure,3.0,False,steady,1,passive_one_sided_sell,one_sided_mm,0,0,0,0,12,0,12,0,hold,hold,381492.5,mm_join_12,0.0,381492.5,0.0,passive_inside_sell,,,
queue05,round1-day-2,-2,918500,40,40,long_40_59,10000,10013,13,10006.5,10001.392857142857,6.5,rich,-0.7857142857142857,-5.107142857143117,sell_pressure,3.5,True,shock,1,passive_one_sided_sell,one_sided_mm,0,0,0,0,9,0,9,0,hold,hold,401482.5,mm_join_12,0.0,401482.5,0.0,passive_inside_sell,,,
queue05,round1-day-2,-2,919300,40,40,long_40_59,9996,10006,10,10001.0,10003.333333333334,1.0,neutral,0.4666666666666667,2.3333333333339397,buy_pressure,-3.0,False,steady,1,passive_one_sided_buy,one_sided_mm,0,0,0,12,0,12,0,0,hold,hold,401482.5,mm_join_12,0.0,401482.5,0.0,passive_inside_buy,,,
queue05,round1-day-2,-2,920200,40,40,long_40_59,9996,10005,9,10000.5,10003.8,0.5,neutral,0.7333333333333333,3.2999999999992724,buy_pressure,4.5,True,shock,2,passive_two_sided,mm_inside,0,0,0,12,12,12,12,0,hold,hold,401482.5,mm_join_12,0.0,401482.5,0.0,,,,
queue05,round1-day-2,-2,920500,40,40,long_40_59,10001,10014,13,10007.5,10003.407407407407,7.5,rich,-0.6296296296296297,-4.092592592593064,sell_pressure,3.5,True,shock,1,passive_one_sided_sell,one_sided_mm,0,0,0,0,9,0,9,0,sell_take1_16,take1,401482.5,hold,5.0,401477.5,5.0,passive_inside_sell,,,
queue05,round1-day-2,-2,923300,46,46,long_40_59,9996,10006,10,10001.0,10003.857142857143,1.0,neutral,0.5714285714285714,2.857142857143117,buy_pressure,-4.5,True,shock,1,passive_one_sided_buy,one_sided_mm,0,0,0,6,0,6,0,0,mm_inside_12,mm_inside,461477.5,mm_inside_20,0.0,461477.5,0.0,passive_inside_buy,,,
queue05,round1-day-2,-2,926400,43,43,long_40_59,10003,10014,11,10008.5,10005.315789473685,8.5,rich,-0.5789473684210527,-3.184210526314928,sell_pressure,-2.0,True,shock,1,passive_one_sided_sell,one_sided_mm,0,0,0,0,11,0,11,0,sell_take1_16,take1,431426.5,hold,12.0,431414.5,12.0,passive_inside_sell,,,
queue05,round1-day-2,-2,928000,43,43,long_40_59,10002,10013,11,10007.5,10005.142857142857,7.5,rich,-0.42857142857142855,-2.357142857143117,sell_pressure,2.5,True,shock,1,passive_one_sided_sell,one_sided_mm,0,0,0,0,11,0,11,0,sell_take1_16,take1,431414.5,hold,8.0,431406.5,8.0,passive_inside_sell,,,
queue05,round1-day-2,-2,932800,43,43,long_40_59,9997,10006,9,10001.5,10004.105263157895,1.5,neutral,0.5789473684210527,2.605263157895024,buy_pressure,-3.5,True,shock,2,passive_two_sided,mm_inside,0,0,0,6,11,6,11,0,hold,hold,431342.5,mm_join_12,0.0,431342.5,0.0,,,,
queue05,round1-day-2,-2,933000,43,43,long_40_59,10002,10015,13,10008.5,10004.32142857143,8.5,rich,-0.6428571428571429,-4.178571428570649,sell_pressure,11.5,True,shock,1,passive_one_sided_sell,one_sided_mm,0,0,0,0,11,0,11,0,sell_take1_16,take1,431342.5,hold,10.0,431332.5,10.0,passive_inside_sell,,,
queue05,round1-day-2,-2,935700,41,41,long_40_59,10003,10013,10,10008.0,10004.176470588236,8.0,rich,-0.7647058823529411,-3.823529411763957,sell_pressure,1.0,True,shock,1,passive_one_sided_sell,one_sided_mm,0,0,0,0,9,0,9,0,sell_take1_16,take1,411251.5,sell_take2_32,0.0,411245.5,6.0,passive_inside_sell,,,
queue05,round1-day-2,-2,936500,43,43,long_40_59,10003,10014,11,10008.5,10005.538461538461,8.5,rich,-0.5384615384615384,-2.9615384615390212,sell_pressure,2.5,True,shock,1,passive_one_sided_sell,one_sided_mm,0,0,0,0,11,0,11,0,sell_take1_16,take1,431237.5,hold,9.0,431228.5,9.0,passive_inside_sell,,,
queue05,round1-day-2,-2,940400,48,48,long_40_59,10004,10015,11,10009.5,10005.29411764706,9.5,rich,-0.7647058823529411,-4.2058823529405345,sell_pressure,1.0,True,shock,1,passive_one_sided_sell,one_sided_mm,0,0,0,0,11,0,11,0,sell_take1_16,take1,481132.5,sell_take2_32,0.0,481122.5,10.0,passive_inside_sell,,,
queue05,round1-day-2,-2,941600,51,47,long_40_59,10003,10013,10,10008.0,10005.105263157895,8.0,rich,-0.5789473684210527,-2.894736842104976,sell_pressure,-5.0,True,shock,2,clear_sell,take1,0,4,4,0,11,0,11,1,sell_take1_16,take1,511092.5,sell_take2_32,15.0,511092.5,0.0,take_b1,,,
queue05,round1-day-2,-2,943600,50,47,long_40_59,10004,10014,10,10009.0,10005.666666666666,9.0,rich,-0.6666666666666666,-3.3333333333339397,sell_pressure,3.0,True,shock,2,clear_sell,take1,0,3,3,0,11,0,11,1,sell_take1_16,take1,501060.5,hold,24.0,501060.5,0.0,take_b1,,,
queue05,round1-day-2,-2,943900,47,47,long_40_59,9998,10008,10,10003.0,10005.692307692309,3.0,rich,0.5384615384615384,2.692307692308532,buy_pressure,-3.0,False,steady,1,passive_one_sided_buy,one_sided_mm,0,0,0,9,0,0,0,0,hold,hold,471028.5,mm_join_12,0.0,471028.5,0.0,passive_inside_buy,,,
queue05,round1-day-2,-2,944800,47,47,long_40_59,10004,10017,13,10010.5,10006.09677419355,10.5,rich,-0.6774193548387096,-4.403225806450791,sell_pressure,4.5,True,shock,1,passive_one_sided_sell,one_sided_mm,0,0,0,0,11,0,11,0,sell_take1_16,take1,470991.5,sell_take2_32,0.0,470961.5,30.0,passive_inside_sell,,,
queue05,round1-day-2,-2,945100,47,47,long_40_59,10003,10014,11,10008.5,10004.692307692309,8.5,rich,-0.6923076923076923,-3.807692307691468,sell_pressure,-5.5,True,shock,1,passive_one_sided_sell,one_sided_mm,0,0,0,0,11,0,11,0,sell_take1_16,take1,470961.5,hold,10.0,470951.5,10.0,passive_inside_sell,,,
queue05,round1-day-2,-2,946800,49,49,long_40_59,10003,10016,13,10009.5,10004.695652173914,9.5,rich,-0.7391304347826086,-4.804347826086087,sell_pressure,3.0,True,shock,1,passive_one_sided_sell,one_sided_mm,0,0,0,0,11,0,11,0,sell_take2_32,take2,490894.5,sell_take1_16,13.0,490863.5,31.0,passive_inside_sell,,,
queue05,round1-day-2,-2,947400,49,49,long_40_59,10003,10016,13,10009.5,10004.344827586207,9.5,rich,-0.7931034482758621,-5.15517241379348,sell_pressure,4.0,True,shock,1,passive_one_sided_sell,one_sided_mm,0,0,0,0,11,0,11,0,sell_take2_32,take2,490828.5,sell_take1_16,24.0,490783.5,45.0,passive_inside_sell,,,
queue05,round1-day-2,-2,947600,49,49,long_40_59,9997,10006,9,10001.5,10003.6,1.5,neutral,0.4666666666666667,2.100000000000364,buy_pressure,-3.5,True,shock,2,passive_two_sided,mm_inside,0,0,0,6,11,6,11,0,sell_take1_16,take1,490773.5,sell_take2_32,0.0,490762.5,11.0,,,,
queue05,round1-day-2,-2,948700,44,44,long_40_59,10001,10012,11,10006.5,10003.75,6.5,rich,-0.5,-2.75,sell_pressure,2.5,True,shock,1,passive_one_sided_sell,one_sided_mm,0,0,0,0,11,0,11,0,sell_take2_32,take2,440648.5,sell_take1_16,12.0,440612.5,36.0,passive_inside_sell,,,
queue05,round1-day-2,-2,949300,44,44,long_40_59,10001,10011,10,10006.0,10003.105263157895,6.0,rich,-0.5789473684210527,-2.894736842104976,sell_pressure,3.0,True,shock,1,passive_one_sided_sell,one_sided_mm,0,0,0,0,11,0,11,0,sell_take1_16,take1,440590.5,sell_take2_32,0.0,440566.5,24.0,passive_inside_sell,,,
queue05,round1-day-2,-2,951000,44,44,long_40_59,9995,10005,10,10000.0,10003.125,0.0,neutral,0.625,3.125,buy_pressure,-2.5,False,steady,1,passive_one_sided_buy,one_sided_mm,0,0,0,9,0,9,0,0,sell_take1_16,take1,440543.5,hold,3.0,440540.5,3.0,passive_inside_buy,,,
queue05,round1-day-2,-2,954700,51,51,long_40_59,9993,10002,9,9997.5,10000.615384615385,-2.5,cheap,0.6923076923076923,3.1153846153847553,buy_pressure,-11.5,True,shock,1,passive_one_sided_buy,one_sided_mm,0,0,0,9,0,9,0,0,hold,hold,510354.0,mm_join_12,0.0,510354.0,0.0,passive_inside_buy,,,
queue05,round1-day-2,-2,956800,48,48,long_40_59,9987,9999,12,9993.0,9998.142857142857,-7.0,cheap,0.8571428571428571,5.142857142856883,buy_pressure,-5.0,True,shock,1,passive_one_sided_buy,one_sided_mm,0,0,0,7,0,7,0,0,hold,hold,480327.0,mm_join_12,0.0,480327.0,0.0,passive_inside_buy,,,
queue05,round1-day-2,-2,958500,46,46,long_40_59,9995,10005,10,10000.0,9996.176470588236,0.0,neutral,-0.7647058823529411,-3.823529411763957,sell_pressure,2.0,False,steady,1,passive_one_sided_sell,one_sided_mm,0,0,0,0,14,0,14,0,sell_take1_16,take1,460317.0,hold,3.0,460314.0,3.0,passive_inside_sell,,,
queue05,round1-day-2,-2,959300,46,46,long_40_59,9995,10006,11,10000.5,9997.933333333332,0.5,neutral,-0.4666666666666667,-2.5666666666675155,sell_pressure,2.5,False,steady,1,passive_one_sided_sell,one_sided_mm,0,0,0,0,14,0,14,0,sell_take1_16,take1,460314.0,hold,7.5,460306.5,7.5,passive_inside_sell,,,
queue05,round1-day-2,-2,963100,47,47,long_40_59,9995,10005,10,10000.0,9997.857142857143,0.0,neutral,-0.42857142857142855,-2.142857142856883,sell_pressure,2.0,False,steady,1,passive_one_sided_sell,one_sided_mm,0,0,0,0,14,0,14,0,sell_take1_16,take1,470266.5,hold,15.0,470251.5,15.0,passive_inside_sell,,,
queue05,round1-day-2,-2,965000,41,41,long_40_59,9987,9997,10,9992.0,9994.777777777777,-8.0,cheap,0.5555555555555556,2.7777777777773736,buy_pressure,-4.0,True,shock,1,passive_one_sided_buy,one_sided_mm,0,0,0,10,0,10,0,0,hold,hold,410245.0,mm_join_12,0.0,410245.0,0.0,passive_inside_buy,,,
queue05,round1-day-2,-2,967300,40,40,long_40_59,9986,9998,12,9992.0,9997.2,-8.0,cheap,0.8666666666666667,5.200000000000728,buy_pressure,-4.0,True,shock,1,passive_one_sided_buy,one_sided_mm,0,0,0,10,0,10,0,0,hold,hold,400197.0,mm_join_12,0.0,400197.0,0.0,passive_inside_buy,,,
queue05,round1-day-2,-2,968000,40,40,long_40_59,9989,9998,9,9993.5,9996.615384615385,-6.5,cheap,0.6923076923076923,3.1153846153847553,buy_pressure,-2.5,True,shock,1,passive_one_sided_buy,one_sided_mm,0,0,0,10,0,10,0,0,hold,hold,400197.0,mm_join_12,0.0,400197.0,0.0,passive_inside_buy,,,
queue05,round1-day-2,-2,977500,45,45,long_40_59,9989,10000,11,9994.5,9990.692307692309,-5.5,cheap,-0.6923076923076923,-3.807692307691468,sell_pressure,2.5,False,steady,1,passive_one_sided_sell,one_sided_mm,0,0,0,0,14,0,14,0,hold,hold,449992.5,mm_join_12,0.0,449992.5,0.0,passive_inside_sell,,,
queue05,round1-day-2,-2,978100,45,45,long_40_59,9984,9994,10,9989.0,9992.235294117647,-11.0,cheap,0.6470588235294118,3.235294117646845,buy_pressure,-2.0,True,shock,1,passive_one_sided_buy,one_sided_mm,0,0,0,7,0,7,0,0,hold,hold,449952.5,mm_join_12,0.0,449952.5,0.0,passive_inside_buy,,,
queue05,round1-day-2,-2,979300,62,62,long_60_plus,9987,9998,11,9992.5,9988.57142857143,-7.5,cheap,-0.7142857142857143,-3.928571428570649,sell_pressure,2.5,True,shock,2,passive_two_sided,mm_inside,0,0,0,6,11,6,11,0,hold,hold,619775.5,mm_join_12,0.0,619775.5,0.0,,,,
queue05,round1-day-2,-2,980000,62,62,long_60_plus,9988,9999,11,9993.5,9991.666666666666,-6.5,cheap,-0.3333333333333333,-1.8333333333339397,mixed_pressure,2.5,True,shock,2,passive_two_sided,mm_inside,0,0,0,6,11,6,11,0,hold,hold,619775.5,mm_join_12,0.0,619775.5,0.0,,,,
queue05,round1-day-2,-2,980900,60,60,long_60_plus,9989,9999,10,9994.0,9990.25,-6.0,cheap,-0.75,-3.75,sell_pressure,3.5,True,shock,2,passive_two_sided,mm_inside,0,0,0,6,11,0,11,0,hold,hold,599777.5,mm_join_12,0.0,599777.5,0.0,,,,
queue05,round1-day-2,-2,981400,60,60,long_60_plus,9989,10002,13,9995.5,9990.181818181818,-4.5,cheap,-0.8181818181818182,-5.3181818181819835,sell_pressure,4.5,True,shock,2,passive_two_sided,mm_inside,0,0,0,6,11,0,11,0,sell_take1_16,take1,599777.5,hold,0.5,599777.0,0.5,,,,
queue05,round1-day-2,-2,982400,60,60,long_60_plus,9989,9999,10,9994.0,9991.777777777777,-6.0,cheap,-0.4444444444444444,-2.2222222222226264,sell_pressure,3.0,True,shock,2,passive_two_sided,mm_inside,0,0,0,6,11,0,11,0,hold,hold,599777.0,mm_join_12,0.0,599777.0,0.0,,,,
queue05,round1-day-2,-2,983100,60,60,long_60_plus,9983,9992,9,9987.5,9990.07142857143,-12.5,cheap,0.5714285714285714,2.571428571429351,buy_pressure,-3.5,True,shock,1,passive_one_sided_buy,one_sided_mm,0,0,0,6,0,6,0,0,hold,hold,599777.0,mm_join_12,0.0,599777.0,0.0,passive_inside_buy,,,
queue05,round1-day-2,-2,983200,60,60,long_60_plus,9983,9992,9,9987.5,9990.3125,-12.5,cheap,0.625,2.8125,buy_pressure,0.0,True,shock,2,passive_two_sided,mm_inside,0,0,0,6,11,6,0,0,hold,hold,599777.0,mm_join_12,0.0,599777.0,0.0,,,,
queue05,round1-day-2,-2,986400,60,60,long_60_plus,9984,9993,9,9988.5,9990.923076923076,-11.5,cheap,0.5384615384615384,2.4230769230762235,buy_pressure,-3.5,True,shock,2,passive_two_sided,mm_inside,0,0,0,6,11,6,0,0,hold,hold,599777.0,mm_join_12,0.0,599777.0,0.0,,,,
queue05,round1-day-2,-2,987800,60,60,long_60_plus,9990,10001,11,9995.5,9993.142857142857,-4.5,cheap,-0.42857142857142855,-2.357142857143117,sell_pressure,2.5,False,steady,2,passive_two_sided,mm_inside,0,0,0,9,14,0,14,0,sell_take1_16,take1,599777.0,hold,8.0,599769.0,8.0,,,,
queue05,round1-day-2,-2,988900,69,69,long_60_plus,9988,9998,10,9993.0,9991.333333333334,-7.0,cheap,-0.3333333333333333,-1.6666666666660603,mixed_pressure,2.0,True,shock,2,passive_two_sided,mm_inside,0,0,0,6,11,0,11,0,hold,hold,689649.0,mm_join_12,0.0,689649.0,0.0,,,,
queue05,round1-day-2,-2,990500,80,80,long_60_plus,9982,9991,9,9986.5,9988.1875,-13.5,cheap,0.375,1.6875,buy_pressure,-3.0,True,shock,0,hold,hold,0,0,0,0,0,0,0,0,hold,hold,799514.5,mm_join_12,0.0,799514.5,0.0,,,,
queue05,round1-day-2,-2,993300,80,80,long_60_plus,9985,9994,9,9989.5,9992.5,-10.5,cheap,0.6666666666666666,3.0,buy_pressure,-2.5,True,shock,1,passive_one_sided_sell,one_sided_mm,0,0,0,0,11,0,0,0,hold,hold,799514.5,mm_join_12,0.0,799514.5,0.0,passive_inside_sell,,,
queue05,round1-day-2,-2,993900,80,80,long_60_plus,9991,10001,10,9996.0,9993.5,-4.0,cheap,-0.5,-2.5,sell_pressure,8.5,True,shock,1,passive_one_sided_sell,one_sided_mm,0,0,0,0,11,0,11,0,sell_take1_16,take1,799514.5,hold,2.5,799512.0,2.5,passive_inside_sell,,,
queue05,round1-day-2,-2,999100,77,77,long_60_plus,9989,10000,11,9994.5,9991.894736842105,-5.5,cheap,-0.47368421052631576,-2.605263157895024,sell_pressure,-5.5,True,shock,2,passive_two_sided,mm_inside,0,0,0,3,11,3,11,0,hold,hold,769499.5,mm_join_12,0.0,769499.5,0.0,,,,
worse,round1-day-0,0,300,0,0,flat_19,10000,10010,10,10005.0,10002.105263157895,5.0,rich,-0.5789473684210527,-2.894736842104976,sell_pressure,1.5,False,steady,1,passive_one_sided_sell,one_sided_mm,0,0,0,0,12,0,12,0,hold,hold,645.0,mm_join_12,0.0,645.0,0.0,passive_inside_sell,,,
worse,round1-day-0,0,4800,-6,-6,flat_19,9998,10009,11,10003.5,9999.941176470587,3.5,rich,-0.6470588235294118,-3.5588235294126207,sell_pressure,1.5,False,steady,1,passive_one_sided_sell,one_sided_mm,0,0,0,0,12,0,12,0,hold,hold,-59373.0,mm_join_12,0.0,-59373.0,0.0,passive_inside_sell,,,
worse,round1-day-0,0,8400,-7,-7,flat_19,9998,10008,10,10003.0,10000.142857142857,3.0,rich,-0.5714285714285714,-2.857142857143117,sell_pressure,2.5,False,steady,1,passive_one_sided_sell,one_sided_mm,0,0,0,0,12,0,12,0,hold,hold,-69407.0,mm_join_12,0.0,-69407.0,0.0,passive_inside_sell,,,
worse,round1-day-0,0,9400,-7,-7,flat_19,9992,10002,10,9997.0,9999.894736842105,-3.0,cheap,0.5789473684210527,2.894736842104976,buy_pressure,-3.0,False,steady,1,passive_one_sided_buy,one_sided_mm,0,0,0,13,0,13,0,0,hold,hold,-69407.0,mm_join_12,0.0,-69407.0,0.0,passive_inside_buy,,,
worse,round1-day-0,0,14200,-12,-12,flat_19,9999,10010,11,10004.5,10001.588235294117,4.5,rich,-0.5294117647058824,-2.911764705882888,sell_pressure,9.5,True,shock,1,passive_one_sided_sell,one_sided_mm,0,0,0,0,9,0,9,0,hold,hold,-119427.0,mm_join_12,0.0,-119427.0,0.0,passive_inside_sell,,,
worse,round1-day-0,0,14400,-12,-12,flat_19,9994,10003,9,9998.5,10000.42857142857,-1.5,neutral,0.42857142857142855,1.928571428570649,buy_pressure,-3.5,True,shock,2,passive_two_sided,mm_inside,0,0,0,9,9,9,0,0,hold,hold,-119427.0,mm_join_12,0.0,-119427.0,0.0,,,,
worse,round1-day-0,0,15900,-12,-12,flat_19,9993,10003,10,9998.0,10001.235294117647,-2.0,cheap,0.6470588235294118,3.235294117646845,buy_pressure,-1.5,False,steady,1,passive_one_sided_sell,one_sided_mm,0,0,0,0,12,0,0,0,hold,hold,-119427.0,mm_join_12,0.0,-119427.0,0.0,passive_inside_sell,,,
worse,round1-day-0,0,16100,-12,-12,flat_19,9994,10003,9,9998.5,10001.8,-1.5,neutral,0.7333333333333333,3.2999999999992724,buy_pressure,-1.5,False,steady,2,passive_two_sided,mm_inside,0,0,0,12,12,12,0,0,hold,hold,-119427.0,mm_join_12,0.0,-119427.0,0.0,,,,
worse,round1-day-0,0,18700,-19,-19,flat_19,9994,10003,9,9998.5,10001.875,-1.5,neutral,0.75,3.375,buy_pressure,-3.5,True,shock,2,passive_two_sided,mm_inside,0,0,0,9,9,9,0,0,hold,hold,-189441.0,mm_join_12,0.0,-189441.0,0.0,,,,
worse,round1-day-0,0,20500,-26,-26,short_20_39,9990,10002,12,9996.0,10001.111111111111,-4.0,cheap,0.8518518518518519,5.111111111111313,buy_pressure,-4.0,True,shock,1,passive_one_sided_buy,one_sided_mm,0,0,0,10,0,10,0,0,hold,hold,-259462.0,mm_join_12,0.0,-259462.0,0.0,passive_inside_buy,,,
worse,round1-day-0,0,21100,-26,-26,short_20_39,9998,10008,10,10003.0,9999.42857142857,3.0,rich,-0.7142857142857143,-3.571428571429351,sell_pressure,2.0,False,steady,1,passive_one_sided_sell,one_sided_mm,0,0,0,0,12,0,12,0,hold,hold,-259462.0,mm_join_12,0.0,-259462.0,0.0,passive_inside_sell,,,
worse,round1-day-0,0,25100,-32,-32,short_20_39,9999,10009,10,10004.0,10001.777777777777,4.0,rich,-0.4444444444444444,-2.2222222222226264,sell_pressure,-5.0,True,shock,1,passive_one_sided_sell,one_sided_mm,0,0,0,0,9,0,9,0,hold,hold,-319480.0,mm_join_12,0.0,-319480.0,0.0,passive_inside_sell,,,
worse,round1-day-0,0,29500,-17,-17,flat_19,9998,10011,13,10004.5,9999.181818181818,4.5,rich,-0.8181818181818182,-5.3181818181819835,sell_pressure,4.0,True,shock,1,passive_one_sided_sell,one_sided_mm,0,0,0,0,9,0,9,0,hold,hold,-169495.0,mm_join_12,0.0,-169495.0,0.0,passive_inside_sell,,,
worse,round1-day-0,0,31400,-17,-17,flat_19,9998,10011,13,10004.5,10000.407407407407,4.5,rich,-0.6296296296296297,-4.092592592593064,sell_pressure,3.5,True,shock,1,passive_one_sided_sell,one_sided_mm,0,0,0,0,9,0,9,0,hold,hold,-169495.0,mm_join_12,0.0,-169495.0,0.0,passive_inside_sell,,,
worse,round1-day-0,0,32200,-17,-17,flat_19,9999,10010,11,10004.5,10000.466666666667,4.5,rich,-0.7333333333333333,-4.033333333332848,sell_pressure,4.5,True,shock,1,passive_one_sided_sell,one_sided_mm,0,0,0,0,9,0,9,0,hold,hold,-169495.0,mm_join_12,0.0,-169495.0,0.0,passive_inside_sell,,,
worse,round1-day-0,0,32500,-17,-17,flat_19,9993,10002,9,9997.5,10000.5,-2.5,cheap,0.6666666666666666,3.0,buy_pressure,-3.5,True,shock,1,passive_one_sided_buy,one_sided_mm,0,0,0,10,0,10,0,0,hold,hold,-169495.0,mm_join_12,0.0,-169495.0,0.0,passive_inside_buy,,,
worse,round1-day-0,0,33600,-17,-17,flat_19,9999,10009,10,10004.0,10000.875,4.0,rich,-0.625,-3.125,sell_pressure,3.5,True,shock,1,passive_one_sided_sell,one_sided_mm,0,0,0,0,9,0,9,0,hold,hold,-169495.0,mm_join_12,0.0,-169495.0,0.0,passive_inside_sell,,,
worse,round1-day-0,0,36300,-17,-17,flat_19,9992,10002,10,9997.0,9999.222222222223,-3.0,cheap,0.4444444444444444,2.2222222222226264,buy_pressure,-4.0,True,shock,1,passive_one_sided_buy,one_sided_mm,0,0,0,10,0,10,0,0,hold,hold,-169495.0,mm_join_12,0.0,-169495.0,0.0,passive_inside_buy,,,
worse,round1-day-0,0,36400,-17,-17,flat_19,9992,10002,10,9997.0,9999.058823529413,-3.0,cheap,0.4117647058823529,2.0588235294126207,buy_pressure,0.0,False,steady,1,passive_one_sided_buy,one_sided_mm,0,0,0,13,0,13,0,0,hold,hold,-169495.0,mm_join_12,0.0,-169495.0,0.0,passive_inside_buy,,,
worse,round1-day-0,0,42400,-17,-17,flat_19,9993,10002,9,9997.5,9999.6,-2.5,cheap,0.4666666666666667,2.100000000000364,buy_pressure,-3.5,True,shock,1,passive_one_sided_buy,one_sided_mm,0,0,0,10,0,10,0,0,hold,hold,-169495.0,mm_join_12,0.0,-169495.0,0.0,passive_inside_buy,,,
worse,round1-day-0,0,46000,-7,-7,flat_19,9991,10001,10,9996.0,9998.64705882353,-4.0,cheap,0.5294117647058824,2.6470588235297328,buy_pressure,-4.0,True,shock,1,passive_one_sided_buy,one_sided_mm,0,0,0,10,0,10,0,0,buy_take1_16,take1,-69511.0,hold,4.0,-69515.0,4.0,passive_inside_buy,,,
worse,round1-day-0,0,47200,-7,-7,flat_19,9991,10001,10,9996.0,9999.823529411764,-4.0,cheap,0.7647058823529411,3.823529411763957,buy_pressure,-4.0,True,shock,1,passive_one_sided_buy,one_sided_mm,0,0,0,10,0,10,0,0,buy_take1_16,take1,-69515.0,hold,2.0,-69517.0,2.0,passive_inside_buy,,,
worse,round1-day-0,0,47700,-7,-7,flat_19,9990,10000,10,9995.0,9996.875,-5.0,cheap,0.375,1.875,buy_pressure,-4.5,True,shock,1,passive_one_sided_buy,one_sided_mm,0,0,0,10,0,10,0,0,buy_take1_16,take1,-69517.0,hold,10.0,-69527.0,10.0,passive_inside_buy,,,
worse,round1-day-0,0,52400,-7,-7,flat_19,9990,10000,10,9995.0,9998.75,-5.0,cheap,0.75,3.75,buy_pressure,-4.0,True,shock,1,passive_one_sided_buy,one_sided_mm,0,0,0,10,0,10,0,0,buy_take1_16,take1,-69527.0,hold,4.0,-69531.0,4.0,passive_inside_buy,,,
worse,round1-day-0,0,53700,-7,-7,flat_19,9999,10008,9,10003.5,10001.1,3.5,rich,-0.5333333333333333,-2.399999999999636,sell_pressure,5.5,True,shock,1,passive_one_sided_sell,one_sided_mm,0,0,0,0,9,0,9,0,hold,hold,-69531.0,mm_join_12,0.0,-69531.0,0.0,passive_inside_sell,,,
worse,round1-day-0,0,56000,-7,-7,flat_19,9988,9997,9,9992.5,9995.615384615385,-7.5,cheap,0.6923076923076923,3.1153846153847553,buy_pressure,-11.5,True,shock,1,passive_one_sided_buy,one_sided_mm,0,0,0,10,0,10,0,0,buy_take1_16,take1,-69531.0,hold,10.0,-69541.0,10.0,passive_inside_buy,,,
worse,round1-day-0,0,65600,2,2,flat_19,9995,10008,13,10001.5,9995.619047619048,1.5,neutral,-0.9047619047619048,-5.880952380952294,sell_pressure,4.5,True,shock,2,passive_two_sided,mm_inside,0,0,0,9,9,0,9,0,hold,hold,20373.0,mm_join_12,0.0,20373.0,0.0,,,,
worse,round1-day-0,0,66400,2,2,flat_19,9994,10005,11,9999.5,9996.588235294117,-0.5,neutral,-0.5294117647058824,-2.911764705882888,sell_pressure,2.5,False,steady,1,passive_one_sided_sell,one_sided_mm,0,0,0,0,12,0,12,0,hold,hold,20373.0,mm_join_12,0.0,20373.0,0.0,passive_inside_sell,,,
worse,round1-day-0,0,69600,15,15,flat_19,9994,10005,11,9999.5,9996.357142857143,-0.5,neutral,-0.5714285714285714,-3.142857142856883,sell_pressure,4.0,True,shock,1,passive_one_sided_sell,one_sided_mm,0,0,0,0,9,0,9,0,hold,hold,150295.0,mm_join_12,0.0,150295.0,0.0,passive_inside_sell,,,
worse,round1-day-0,0,71600,22,22,long_20_39,9990,9999,9,9994.5,9997.941176470587,-5.5,cheap,0.7647058823529411,3.4411764705873793,buy_pressure,-3.5,True,shock,1,passive_one_sided_buy,one_sided_mm,0,0,0,10,0,10,0,0,buy_take1_16,take1,220260.0,hold,8.0,220252.0,8.0,passive_inside_buy,,,
worse,round1-day-0,0,75900,22,22,long_20_39,9999,10009,10,10004.0,10002.333333333334,4.0,rich,-0.3333333333333333,-1.6666666666660603,mixed_pressure,3.0,False,steady,1,passive_one_sided_buy,one_sided_mm,0,0,0,12,0,0,0,0,hold,hold,220252.0,mm_join_12,0.0,220252.0,0.0,passive_inside_buy,,,
worse,round1-day-0,0,76100,22,22,long_20_39,9993,10002,9,9997.5,10000.2,-2.5,cheap,0.6,2.7000000000007276,buy_pressure,-11.5,True,shock,1,passive_one_sided_buy,one_sided_mm,0,0,0,13,0,13,0,0,buy_take1_16,take1,220252.0,hold,3.0,220249.0,3.0,passive_inside_buy,,,
worse,round1-day-0,0,79700,4,4,flat_19,9992,10004,12,9998.0,10003.111111111111,-2.0,cheap,0.8518518518518519,5.111111111111313,buy_pressure,-2.5,False,steady,1,passive_one_sided_sell,one_sided_mm,0,0,0,0,12,0,0,0,hold,hold,40165.0,mm_join_12,0.0,40165.0,0.0,passive_inside_sell,1,9,1.0
worse,round1-day-0,0,80500,4,4,flat_19,9992,10004,12,9998.0,10001.692307692309,-2.0,cheap,0.6153846153846154,3.692307692308532,buy_pressure,-3.0,False,steady,1,passive_one_sided_sell,one_sided_mm,0,0,0,0,12,0,0,0,hold,hold,40165.0,mm_join_12,0.0,40165.0,0.0,passive_inside_sell,1,9,1.0
worse,round1-day-0,0,84100,4,4,flat_19,9994,10005,11,9999.5,9996.357142857143,-0.5,neutral,-0.5714285714285714,-3.142857142856883,sell_pressure,3.5,True,shock,1,passive_one_sided_sell,one_sided_mm,0,0,0,0,9,0,9,0,hold,hold,40165.0,mm_join_12,0.0,40165.0,0.0,passive_inside_sell,,,
worse,round1-day-0,0,85300,14,14,flat_19,9994,10005,11,9999.5,9996.315789473685,-0.5,neutral,-0.5789473684210527,-3.184210526314928,sell_pressure,3.0,False,steady,1,passive_one_sided_sell,one_sided_mm,0,0,0,0,12,0,12,0,hold,hold,140115.0,mm_join_12,0.0,140115.0,0.0,passive_inside_sell,,,
worse,round1-day-0,0,87700,21,21,long_20_39,9988,10000,12,9994.0,9998.222222222223,-6.0,cheap,0.7037037037037037,4.222222222222626,buy_pressure,4.0,True,shock,1,passive_one_sided_buy,one_sided_mm,0,0,0,10,0,10,0,0,buy_take1_16,take1,210087.0,hold,12.0,210075.0,12.0,passive_inside_buy,,,
worse,round1-day-0,0,89800,17,17,flat_19,10000,10010,10,10005.0,10002.105263157895,5.0,rich,-0.5789473684210527,-2.894736842104976,sell_pressure,2.0,False,steady,1,passive_one_sided_sell,one_sided_mm,0,0,0,0,12,0,12,0,hold,hold,170063.0,mm_join_12,0.0,170063.0,0.0,passive_inside_sell,,,
worse,round1-day-0,0,91900,17,17,flat_19,10000,10011,11,10005.5,10003.055555555555,5.5,rich,-0.4444444444444444,-2.444444444445253,sell_pressure,2.0,False,steady,1,passive_one_sided_sell,one_sided_mm,0,0,0,0,12,0,12,0,hold,hold,170063.0,mm_join_12,0.0,170063.0,0.0,passive_inside_sell,,,
worse,round1-day-0,0,92100,17,17,flat_19,10000,10010,10,10005.0,10002.777777777777,5.0,rich,-0.4444444444444444,-2.2222222222226264,sell_pressure,2.0,False,steady,1,passive_one_sided_sell,one_sided_mm,0,0,0,0,12,0,12,0,hold,hold,170063.0,mm_join_12,0.0,170063.0,0.0,passive_inside_sell,,,
worse,round1-day-0,0,94000,17,17,flat_19,9994,10003,9,9998.5,10000.6,-1.5,neutral,0.4666666666666667,2.100000000000364,buy_pressure,-10.5,True,shock,2,passive_two_sided,mm_inside,0,0,0,12,12,12,12,0,hold,hold,170063.0,mm_join_12,0.0,170063.0,0.0,,,,
worse,round1-day-0,0,95900,17,17,flat_19,9992,10002,10,9997.0,9999.777777777777,-3.0,cheap,0.5555555555555556,2.7777777777773736,buy_pressure,-5.0,True,shock,1,passive_one_sided_buy,one_sided_mm,0,0,0,13,0,13,0,0,buy_take1_16,take1,170059.0,hold,4.0,170055.0,4.0,passive_inside_buy,,,
worse,round1-day-0,0,97600,17,17,flat_19,9992,10002,10,9997.0,9999.894736842105,-3.0,cheap,0.5789473684210527,2.894736842104976,buy_pressure,-3.0,False,steady,1,passive_one_sided_buy,one_sided_mm,0,0,0,13,0,13,0,0,buy_take1_16,take1,170055.0,hold,4.0,170051.0,4.0,passive_inside_buy,,,
worse,round1-day-0,0,97800,17,17,flat_19,10002,10011,9,10006.5,10004.5,6.5,rich,-0.4444444444444444,-2.0,sell_pressure,-3.5,True,shock,1,passive_one_sided_sell,one_sided_mm,0,0,0,0,9,0,9,0,hold,hold,170051.0,mm_join_12,0.0,170051.0,0.0,passive_inside_sell,,,
worse,round1-day-0,0,98400,10,10,flat_19,9998,10009,11,10003.5,9999.833333333334,3.5,rich,-0.6666666666666666,-3.6666666666660603,sell_pressure,3.5,True,shock,1,passive_one_sided_sell,one_sided_mm,0,0,0,0,9,0,9,0,hold,hold,100030.0,mm_join_12,0.0,100030.0,0.0,passive_inside_sell,,,
worse,round1-day-1,-1,3100,10,10,flat_19,9991,10002,11,9996.5,9992.57142857143,-3.5,cheap,-0.7142857142857143,-3.928571428570649,sell_pressure,2.5,False,steady,1,passive_one_sided_sell,one_sided_mm,0,0,0,0,12,0,12,0,hold,hold,121554.0,mm_join_12,0.0,121554.0,0.0,passive_inside_sell,,,
worse,round1-day-1,-1,3500,10,10,flat_19,9991,10004,13,9997.5,9992.733333333334,-2.5,cheap,-0.7333333333333333,-4.766666666666424,sell_pressure,5.5,True,shock,1,passive_one_sided_sell,one_sided_mm,0,0,0,0,9,0,9,0,hold,hold,121554.0,mm_join_12,0.0,121554.0,0.0,passive_inside_sell,,,
worse,round1-day-1,-1,3800,10,10,flat_19,9991,10004,13,9997.5,9992.04,-2.5,cheap,-0.84,-5.459999999999127,sell_pressure,4.5,True,shock,1,passive_one_sided_sell,one_sided_mm,0,0,0,0,9,0,9,0,hold,hold,121554.0,mm_join_12,0.0,121554.0,0.0,passive_inside_sell,,,
worse,round1-day-1,-1,6200,21,21,long_20_39,9986,9996,10,9991.0,9993.894736842105,-9.0,cheap,0.5789473684210527,2.894736842104976,buy_pressure,2.0,True,shock,1,passive_one_sided_buy,one_sided_mm,0,0,0,10,0,10,0,0,buy_take1_16,take1,231355.0,buy_take2_32,15.0,231335.0,20.0,passive_inside_buy,,,
worse,round1-day-1,-1,6400,21,21,long_20_39,9992,10002,10,9997.0,9994.5,-3.0,cheap,-0.5,-2.5,sell_pressure,3.0,False,steady,1,passive_one_sided_sell,one_sided_mm,0,0,0,0,12,0,12,0,hold,hold,231335.0,mm_join_12,0.0,231335.0,0.0,passive_inside_sell,,,
worse,round1-day-1,-1,9500,5,5,flat_19,9988,9998,10,9993.0,9995.142857142857,-7.0,cheap,0.42857142857142855,2.142857142856883,buy_pressure,-3.0,True,shock,1,passive_one_sided_buy,one_sided_mm,0,0,0,10,0,10,0,0,buy_take1_16,take1,71293.0,hold,12.0,71281.0,12.0,passive_inside_buy,,,
worse,round1-day-1,-1,12300,-1,-1,flat_19,9994,10005,11,9999.5,9997.666666666666,-0.5,neutral,-0.3333333333333333,-1.8333333333339397,mixed_pressure,-5.5,True,shock,1,passive_one_sided_sell,one_sided_mm,0,0,0,0,12,0,12,0,hold,hold,11275.0,mm_join_12,0.0,11275.0,0.0,passive_inside_sell,,,
worse,round1-day-1,-1,14700,-4,-4,flat_19,9991,10001,10,9996.0,9999.57142857143,-4.0,cheap,0.7142857142857143,3.571428571429351,buy_pressure,-3.0,False,steady,1,passive_one_sided_buy,one_sided_mm,0,0,0,13,0,13,0,0,hold,hold,-18783.0,mm_join_12,0.0,-18783.0,0.0,passive_inside_buy,,,
worse,round1-day-1,-1,17800,-2,-2,flat_19,9994,10003,9,9998.5,10000.882352941177,-1.5,neutral,0.5294117647058824,2.3823529411765776,buy_pressure,-11.5,True,shock,2,passive_two_sided,mm_inside,0,0,0,12,12,12,0,0,hold,hold,1148.0,mm_join_12,0.0,1148.0,0.0,,,,
worse,round1-day-1,-1,19800,-10,-10,flat_19,9998,10009,11,10003.5,10001.142857142857,3.5,rich,-0.42857142857142855,-2.357142857143117,sell_pressure,4.5,True,shock,1,passive_one_sided_sell,one_sided_mm,0,0,0,0,9,0,9,0,hold,hold,-78890.0,mm_join_12,0.0,-78890.0,0.0,passive_inside_sell,,,
worse,round1-day-1,-1,23300,-19,-19,flat_19,9991,10001,10,9996.0,9999.333333333334,-4.0,cheap,0.6666666666666666,3.3333333333339397,buy_pressure,-3.0,False,steady,1,passive_one_sided_buy,one_sided_mm,0,0,0,13,0,13,0,0,hold,hold,-168991.0,mm_join_12,0.0,-168991.0,0.0,passive_inside_buy,,,
worse,round1-day-1,-1,23700,-19,-19,flat_19,9991,10001,10,9996.0,9999.57142857143,-4.0,cheap,0.7142857142857143,3.571428571429351,buy_pressure,-2.5,False,steady,1,passive_one_sided_buy,one_sided_mm,0,0,0,13,0,13,0,0,hold,hold,-168991.0,mm_join_12,0.0,-168991.0,0.0,passive_inside_buy,,,
worse,round1-day-1,-1,24000,-19,-19,flat_19,9997,10007,10,10002.0,9998.333333333334,2.0,rich,-0.7333333333333333,-3.6666666666660603,sell_pressure,3.0,False,steady,1,passive_one_sided_buy,one_sided_mm,0,0,0,12,0,0,0,0,hold,hold,-168991.0,mm_join_12,0.0,-168991.0,0.0,passive_inside_buy,,,
worse,round1-day-1,-1,26500,-40,-40,short_40_59,9993,10002,9,9997.5,9999.5,-2.5,cheap,0.4444444444444444,2.0,buy_pressure,-2.5,False,steady,1,passive_one_sided_buy,one_sided_mm,0,0,0,13,0,13,0,0,hold,hold,-379144.0,mm_join_12,0.0,-379144.0,0.0,passive_inside_buy,,,
worse,round1-day-1,-1,28300,-48,-48,short_40_59,9999,10009,10,10004.0,10001.857142857143,4.0,rich,-0.42857142857142855,-2.142857142856883,sell_pressure,3.0,False,steady,1,passive_one_sided_sell,one_sided_mm,0,0,0,0,9,0,9,0,hold,hold,-459168.0,mm_join_12,0.0,-459168.0,0.0,passive_inside_sell,,,
worse,round1-day-1,-1,32500,-44,-44,short_40_59,9993,10003,10,9998.0,10001.333333333334,-2.0,cheap,0.6666666666666666,3.3333333333339397,buy_pressure,-3.0,False,steady,1,passive_one_sided_sell,one_sided_mm,0,0,0,0,9,0,0,0,hold,hold,-419168.0,mm_join_12,0.0,-419168.0,0.0,passive_inside_sell,,,
worse,round1-day-1,-1,34900,-44,-44,short_40_59,9994,10003,9,9998.5,10001.714285714286,-1.5,neutral,0.7142857142857143,3.214285714286234,buy_pressure,-4.0,True,shock,2,passive_two_sided,mm_inside,0,0,0,11,6,11,0,0,hold,hold,-419168.0,mm_join_12,0.0,-419168.0,0.0,,,,
worse,round1-day-1,-1,39900,-42,-42,short_40_59,9995,10004,9,9999.5,10002.615384615385,-0.5,neutral,0.6923076923076923,3.1153846153847553,buy_pressure,-4.5,True,shock,2,passive_two_sided,mm_inside,0,0,0,9,9,9,0,0,hold,hold,-399182.0,mm_join_12,0.0,-399182.0,0.0,,,,
worse,round1-day-1,-1,46600,-46,-46,short_40_59,9997,10008,11,10002.5,9998.375,2.5,rich,-0.75,-4.125,sell_pressure,3.5,True,shock,2,passive_two_sided,mm_inside,0,0,0,11,6,11,6,0,hold,hold,-439242.0,mm_join_12,0.0,-439242.0,0.0,,,,
worse,round1-day-1,-1,48600,-43,-43,short_40_59,9999,10010,11,10004.5,10002.4375,4.5,rich,-0.375,-2.0625,sell_pressure,2.5,False,steady,1,passive_one_sided_sell,one_sided_mm,0,0,0,0,9,0,9,0,hold,hold,-409315.0,mm_join_12,0.0,-409315.0,0.0,passive_inside_sell,,,
worse,round1-day-1,-1,49000,-43,-43,short_40_59,9994,10004,10,9999.0,10001.058823529413,-1.0,neutral,0.4117647058823529,2.0588235294126207,buy_pressure,-1.5,False,steady,2,passive_two_sided,mm_inside,0,0,0,14,9,14,0,0,hold,hold,-409315.0,mm_join_12,0.0,-409315.0,0.0,,,,
worse,round1-day-1,-1,51300,-54,-54,short_40_59,9995,10006,11,10000.5,9997.444444444445,0.5,neutral,-0.5555555555555556,-3.055555555554747,sell_pressure,3.5,True,shock,1,passive_one_sided_sell,one_sided_mm,0,0,0,0,6,0,6,0,hold,hold,-519378.0,mm_join_12,0.0,-519378.0,0.0,passive_inside_sell,,,
worse,round1-day-1,-1,53400,-55,-53,short_40_59,9989,9999,10,9994.0,9997.75,-6.0,cheap,0.75,3.75,buy_pressure,-2.0,True,shock,2,clear_buy,take1,2,0,2,12,0,12,0,1,buy_take1_16,take1,-529443.0,hold,6.0,-529443.0,0.0,take_a1,,,
worse,round1-day-1,-1,55400,-59,-56,short_40_59,9988,9998,10,9993.0,9996.0,-7.0,cheap,0.6,3.0,buy_pressure,-4.0,True,shock,2,clear_buy,take1,3,0,3,12,0,12,0,1,buy_take1_16,take1,-569463.0,hold,9.0,-569463.0,0.0,take_a1,,,
worse,round1-day-1,-1,55900,-56,-51,short_40_59,9989,9998,9,9993.5,9995.5,-6.5,cheap,0.4444444444444444,2.0,buy_pressure,-2.5,True,shock,2,clear_buy,take1,5,0,5,12,0,12,0,1,buy_take1_16,take1,-539469.0,hold,19.0,-539469.0,0.0,take_a1,,,
worse,round1-day-1,-1,57200,-57,-57,short_40_59,9991,10001,10,9996.0,9998.857142857143,-4.0,cheap,0.5714285714285714,2.857142857143117,buy_pressure,-3.0,False,steady,1,passive_one_sided_buy,one_sided_mm,0,0,0,15,0,15,0,0,hold,hold,-549503.0,mm_join_12,0.0,-549503.0,0.0,passive_inside_buy,,,
worse,round1-day-1,-1,60200,-52,-48,short_40_59,9991,10000,9,9995.5,9998.105263157895,-4.5,cheap,0.5789473684210527,2.605263157895024,buy_pressure,-2.5,False,steady,2,clear_buy,take1,4,0,4,15,0,15,0,1,buy_take1_16,take1,-499550.0,hold,8.0,-499550.0,0.0,take_a1,,,
worse,round1-day-1,-1,60500,-48,-48,short_40_59,9996,10006,10,10001.0,9998.631578947368,1.0,neutral,-0.47368421052631576,-2.3684210526316747,sell_pressure,3.0,False,steady,1,passive_one_sided_sell,one_sided_mm,0,0,0,0,9,0,9,0,hold,hold,-459550.0,mm_join_12,0.0,-459550.0,0.0,passive_inside_sell,,,
worse,round1-day-1,-1,63900,-43,-43,short_40_59,9999,10008,9,10003.5,10001.48275862069,3.5,rich,-0.4482758620689655,-2.0172413793097803,sell_pressure,5.5,True,shock,1,passive_one_sided_sell,one_sided_mm,0,0,0,0,6,0,6,0,hold,hold,-409596.0,mm_join_12,0.0,-409596.0,0.0,passive_inside_sell,,,
worse,round1-day-1,-1,65000,-35,-35,short_20_39,9994,10005,11,9999.5,9995.466666666667,-0.5,neutral,-0.7333333333333333,-4.033333333332848,sell_pressure,1.5,False,steady,2,passive_two_sided,mm_inside,0,0,0,12,12,12,12,0,hold,hold,-329644.0,mm_join_12,0.0,-329644.0,0.0,,,,
worse,round1-day-1,-1,65500,-35,-35,short_20_39,9994,10007,13,10000.5,9995.677419354839,0.5,neutral,-0.7419354838709677,-4.822580645160997,sell_pressure,3.5,True,shock,1,passive_one_sided_sell,one_sided_mm,0,0,0,0,9,0,9,0,hold,hold,-329644.0,mm_join_12,0.0,-329644.0,0.0,passive_inside_sell,,,
worse,round1-day-1,-1,67200,-35,-35,short_20_39,9995,10006,11,10000.5,9998.666666666666,0.5,neutral,-0.3333333333333333,-1.8333333333339397,mixed_pressure,-1.5,False,steady,2,passive_two_sided,mm_inside,0,0,0,12,12,12,12,0,hold,hold,-329644.0,mm_join_12,0.0,-329644.0,0.0,,,,
worse,round1-day-1,-1,67400,-35,-35,short_20_39,9995,10005,10,10000.0,9996.42857142857,0.0,neutral,-0.7142857142857143,-3.571428571429351,sell_pressure,2.0,False,steady,1,passive_one_sided_sell,one_sided_mm,0,0,0,0,12,0,12,0,hold,hold,-329644.0,mm_join_12,0.0,-329644.0,0.0,passive_inside_sell,,,
worse,round1-day-1,-1,69800,-35,-35,short_20_39,9991,10000,9,9995.5,9997.882352941177,-4.5,cheap,0.5294117647058824,2.3823529411765776,buy_pressure,-3.5,True,shock,1,passive_one_sided_buy,one_sided_mm,0,0,0,10,0,10,0,0,buy_take1_16,take1,-329644.0,hold,8.0,-329652.0,8.0,passive_inside_buy,,,
worse,round1-day-1,-1,70400,-27,-27,short_20_39,9997,10010,13,10003.5,9998.344827586207,3.5,rich,-0.7931034482758621,-5.15517241379348,sell_pressure,4.5,True,shock,1,passive_one_sided_sell,one_sided_mm,0,0,0,0,9,0,9,0,hold,hold,-249716.0,mm_join_12,0.0,-249716.0,0.0,passive_inside_sell,,,
worse,round1-day-1,-1,72500,-33,-33,short_20_39,9997,10007,10,10002.0,9998.42857142857,2.0,rich,-0.7142857142857143,-3.571428571429351,sell_pressure,2.0,False,steady,0,hold,hold,0,0,0,0,0,0,0,0,hold,hold,-309752.0,mm_join_12,0.0,-309752.0,0.0,,,,
worse,round1-day-1,-1,72900,-26,-26,short_20_39,9992,10002,10,9997.0,9999.5,-3.0,cheap,0.5,2.5,buy_pressure,-4.0,True,shock,1,passive_one_sided_buy,one_sided_mm,0,0,0,10,0,10,0,0,hold,hold,-239773.0,mm_join_12,0.0,-239773.0,0.0,passive_inside_buy,,,
worse,round1-day-1,-1,73800,-26,-26,short_20_39,9998,10009,11,10003.5,10000.444444444445,3.5,rich,-0.5555555555555556,-3.055555555554747,sell_pressure,-1.5,False,steady,1,passive_one_sided_sell,one_sided_mm,0,0,0,0,12,0,12,0,hold,hold,-239779.0,mm_join_12,0.0,-239779.0,0.0,passive_inside_sell,,,
worse,round1-day-1,-1,81400,-25,-25,short_20_39,9994,10003,9,9998.5,10000.6,-1.5,neutral,0.4666666666666667,2.100000000000364,buy_pressure,-3.5,True,shock,2,passive_two_sided,mm_inside,0,0,0,9,9,9,0,0,hold,hold,-229976.0,mm_join_12,0.0,-229976.0,0.0,,,,
worse,round1-day-1,-1,83200,-25,-29,short_20_39,10002,10011,9,10006.5,10003.241379310344,6.5,rich,-0.7241379310344828,-3.2586206896557997,sell_pressure,10006.5,True,shock,2,take_sell,take1,0,4,4,0,9,0,9,1,sell_take1_16,take1,-229976.0,hold,4.0,-229976.0,0.0,take_b1,,,
worse,round1-day-1,-1,84800,-29,-29,short_20_39,9996,10005,9,10000.5,10002.923076923076,0.5,neutral,0.5384615384615384,2.4230769230762235,buy_pressure,-2.5,False,steady,2,passive_two_sided,mm_inside,0,0,0,12,12,12,0,0,hold,hold,-269984.0,mm_join_12,0.0,-269984.0,0.0,,,,
worse,round1-day-1,-1,86400,-22,-22,short_20_39,10000,10011,11,10005.5,10002.933333333332,5.5,rich,-0.4666666666666667,-2.5666666666675155,sell_pressure,2.5,False,steady,1,passive_one_sided_sell,one_sided_mm,0,0,0,0,12,0,12,0,hold,hold,-199984.0,mm_join_12,0.0,-199984.0,0.0,passive_inside_sell,,,
worse,round1-day-1,-1,90500,-34,-34,short_20_39,10001,10012,11,10006.5,10003.933333333332,6.5,rich,-0.4666666666666667,-2.5666666666675155,sell_pressure,2.5,True,shock,1,passive_one_sided_sell,one_sided_mm,0,0,0,0,9,0,9,0,hold,hold,-320116.0,mm_join_12,0.0,-320116.0,0.0,passive_inside_sell,,,
worse,round1-day-1,-1,91900,-38,-38,short_20_39,10001,10011,10,10006.0,10002.875,6.0,rich,-0.625,-3.125,sell_pressure,-8.0,True,shock,1,passive_one_sided_sell,one_sided_mm,0,0,0,0,9,0,9,0,hold,hold,-360140.0,mm_join_12,0.0,-360140.0,0.0,passive_inside_sell,,,
worse,round1-day-1,-1,97800,-43,-43,short_40_59,9997,10010,13,10003.5,9998.3,3.5,rich,-0.8,-5.200000000000728,sell_pressure,3.5,True,shock,1,passive_one_sided_sell,one_sided_mm,0,0,0,0,6,0,6,0,hold,hold,-410200.0,mm_join_12,0.0,-410200.0,0.0,passive_inside_sell,,,
worse,round1-day-1,-1,108200,-14,-14,flat_19,9997,10008,11,10002.5,9998.29411764706,2.5,rich,-0.7647058823529411,-4.2058823529405345,sell_pressure,4.0,True,shock,1,passive_one_sided_sell,one_sided_mm,0,0,0,0,9,0,9,0,hold,hold,-120513.0,mm_join_12,0.0,-120513.0,0.0,passive_inside_sell,,,
worse,round1-day-1,-1,111900,-14,-14,flat_19,9999,10009,10,10004.0,10000.42857142857,4.0,rich,-0.7142857142857143,-3.571428571429351,sell_pressure,1.5,False,steady,1,passive_one_sided_sell,one_sided_mm,0,0,0,0,12,0,12,0,hold,hold,-120513.0,mm_join_12,0.0,-120513.0,0.0,passive_inside_sell,,,
worse,round1-day-1,-1,112400,-14,-14,flat_19,9993,10002,9,9997.5,9999.923076923076,-2.5,cheap,0.5384615384615384,2.4230769230762235,buy_pressure,-3.5,True,shock,1,passive_one_sided_buy,one_sided_mm,0,0,0,10,0,10,0,0,hold,hold,-120513.0,mm_join_12,0.0,-120513.0,0.0,passive_inside_buy,,,
worse,round1-day-1,-1,113600,-10,-19,flat_19,10002,10011,9,10006.5,10004.454545454546,6.5,rich,-0.45454545454545453,-2.0454545454540494,sell_pressure,6.5,True,shock,2,take_sell,take1,0,9,9,0,9,0,9,1,sell_take1_16,take1,-80521.0,hold,6.0,-80521.0,0.0,take_b1,,,
worse,round1-day-1,-1,120200,-20,-20,short_20_39,9992,10001,9,9996.5,9999.8,-3.5,cheap,0.7333333333333333,3.2999999999992724,buy_pressure,-2.5,False,steady,1,passive_one_sided_buy,one_sided_mm,0,0,0,13,0,13,0,0,buy_take1_16,take1,-180682.0,hold,2.0,-180684.0,2.0,passive_inside_buy,,,
worse,round1-day-1,-1,122500,-20,-20,short_20_39,9997,10007,10,10002.0,9999.307692307691,2.0,rich,-0.5384615384615384,-2.692307692308532,sell_pressure,4.0,True,shock,1,passive_one_sided_buy,one_sided_mm,0,0,0,9,0,0,0,0,hold,hold,-180684.0,mm_join_12,0.0,-180684.0,0.0,passive_inside_buy,,,
worse,round1-day-1,-1,122800,-20,-20,short_20_39,9991,10001,10,9996.0,9998.142857142857,-4.0,cheap,0.42857142857142855,2.142857142856883,buy_pressure,-1.5,False,steady,1,passive_one_sided_buy,one_sided_mm,0,0,0,13,0,13,0,0,buy_take1_16,take1,-180684.0,buy_take2_32,0.0,-180688.0,4.0,passive_inside_buy,,,
worse,round1-day-1,-1,127500,-15,-15,flat_19,9993,10006,13,9999.5,9994.575757575758,-0.5,neutral,-0.7575757575757576,-4.924242424242038,sell_pressure,3.5,True,shock,1,passive_one_sided_sell,one_sided_mm,0,0,0,0,9,0,9,0,hold,hold,-130916.0,mm_join_12,0.0,-130916.0,0.0,passive_inside_sell,,,
worse,round1-day-1,-1,128300,-15,-15,flat_19,9992,10003,11,9997.5,9993.57142857143,-2.5,cheap,-0.7142857142857143,-3.928571428570649,sell_pressure,3.5,True,shock,1,passive_one_sided_sell,one_sided_mm,0,0,0,0,9,0,9,0,hold,hold,-130916.0,mm_join_12,0.0,-130916.0,0.0,passive_inside_sell,,,
worse,round1-day-1,-1,128700,-15,-15,flat_19,9993,10003,10,9998.0,9995.777777777777,-2.0,cheap,-0.4444444444444444,-2.2222222222226264,sell_pressure,3.0,False,steady,1,passive_one_sided_sell,one_sided_mm,0,0,0,0,12,0,12,0,hold,hold,-130916.0,mm_join_12,0.0,-130916.0,0.0,passive_inside_sell,,,
worse,round1-day-1,-1,130000,-12,-12,flat_19,9992,10005,13,9998.5,9993.911764705883,-1.5,neutral,-0.7058823529411765,-4.588235294117112,sell_pressure,4.5,True,shock,1,passive_one_sided_sell,one_sided_mm,0,0,0,0,9,0,9,0,hold,hold,-100952.0,mm_join_12,0.0,-100952.0,0.0,passive_inside_sell,,,
worse,round1-day-1,-1,130200,-10,-10,flat_19,9992,10003,11,9997.5,9994.357142857143,-2.5,cheap,-0.5714285714285714,-3.142857142856883,sell_pressure,3.5,True,shock,1,passive_one_sided_sell,one_sided_mm,0,0,0,0,9,0,9,0,hold,hold,-80978.0,mm_join_12,0.0,-80978.0,0.0,passive_inside_sell,,,
worse,round1-day-1,-1,130600,-7,-7,flat_19,9984,9996,12,9990.0,9994.5,-10.0,cheap,0.75,4.5,buy_pressure,1.0,True,shock,1,passive_one_sided_buy,one_sided_mm,0,0,0,10,0,10,0,0,buy_take1_16,take1,-51062.0,buy_take2_32,0.0,-51080.0,18.0,passive_inside_buy,,,
worse,round1-day-1,-1,130700,-7,-7,flat_19,9992,10003,11,9997.5,9994.315789473685,-2.5,cheap,-0.5789473684210527,-3.184210526314928,sell_pressure,7.5,True,shock,1,passive_one_sided_sell,one_sided_mm,0,0,0,0,9,0,9,0,hold,hold,-51080.0,mm_join_12,0.0,-51080.0,0.0,passive_inside_sell,,,
worse,round1-day-1,-1,132600,-14,-14,flat_19,9994,10004,10,9999.0,9996.35294117647,-1.0,neutral,-0.5294117647058824,-2.6470588235297328,sell_pressure,3.0,False,steady,1,passive_one_sided_sell,one_sided_mm,0,0,0,0,12,0,12,0,hold,hold,-121133.0,mm_join_12,0.0,-121133.0,0.0,passive_inside_sell,,,
worse,round1-day-1,-1,135100,-10,-10,flat_19,9989,9999,10,9994.0,9997.666666666666,-6.0,cheap,0.7333333333333333,3.6666666666660603,buy_pressure,-4.0,True,shock,1,passive_one_sided_buy,one_sided_mm,0,0,0,10,0,10,0,0,buy_take1_16,take1,-81157.0,hold,6.0,-81163.0,6.0,passive_inside_buy,,,
worse,round1-day-1,-1,136400,-5,-5,flat_19,9989,9999,10,9994.0,9996.5,-6.0,cheap,0.5,2.5,buy_pressure,1.5,True,shock,1,passive_one_sided_buy,one_sided_mm,0,0,0,10,0,10,0,0,buy_take1_16,take1,-31188.0,hold,12.0,-31200.0,12.0,passive_inside_buy,,,
worse,round1-day-1,-1,141700,1,1,flat_19,9997,10010,13,10003.5,9999.407407407407,3.5,rich,-0.6296296296296297,-4.092592592593064,sell_pressure,3.5,True,shock,1,passive_one_sided_sell,one_sided_mm,0,0,0,0,9,0,9,0,hold,hold,28746.0,mm_join_12,0.0,28746.0,0.0,passive_inside_sell,,,
worse,round1-day-1,-1,147000,-23,-23,short_20_39,9998,10011,13,10004.5,10000.241379310344,4.5,rich,-0.6551724137931034,-4.2586206896558,sell_pressure,3.5,True,shock,1,passive_one_sided_sell,one_sided_mm,0,0,0,0,9,0,9,0,hold,hold,-211499.0,mm_join_12,0.0,-211499.0,0.0,passive_inside_sell,,,
worse,round1-day-1,-1,149300,-14,-14,flat_19,9998,10008,10,10003.0,10000.105263157895,3.0,rich,-0.5789473684210527,-2.894736842104976,sell_pressure,2.0,False,steady,1,passive_one_sided_sell,one_sided_mm,0,0,0,0,12,0,12,0,hold,hold,-121589.0,mm_join_12,0.0,-121589.0,0.0,passive_inside_sell,,,
worse,round1-day-1,-1,149600,-14,-14,flat_19,10003,10012,9,10007.5,10005.25,7.5,rich,-0.5,-2.25,sell_pressure,7.0,True,shock,1,passive_one_sided_sell,one_sided_mm,0,0,0,0,9,0,9,0,sell_take1_16,take1,-121589.0,hold,10.0,-121599.0,10.0,passive_inside_sell,,,
worse,round1-day-1,-1,154300,-1,-1,flat_19,9994,10003,9,9998.5,10000.6,-1.5,neutral,0.4666666666666667,2.100000000000364,buy_pressure,-1.5,False,steady,2,passive_two_sided,mm_inside,0,0,0,12,12,12,0,0,hold,hold,8297.0,mm_join_12,0.0,8297.0,0.0,,,,
worse,round1-day-1,-1,154800,-1,-1,flat_19,9999,10009,10,10004.0,10001.666666666666,4.0,rich,-0.4666666666666667,-2.3333333333339397,sell_pressure,3.0,False,steady,1,passive_one_sided_sell,one_sided_mm,0,0,0,0,12,0,12,0,hold,hold,8297.0,mm_join_12,0.0,8297.0,0.0,passive_inside_sell,,,
worse,round1-day-1,-1,156200,-1,-1,flat_19,9994,10004,10,9999.0,10002.75,-1.0,neutral,0.75,3.75,buy_pressure,-4.5,True,shock,1,passive_one_sided_buy,one_sided_mm,0,0,0,9,0,9,0,0,hold,hold,8297.0,mm_join_12,0.0,8297.0,0.0,passive_inside_buy,,,
worse,round1-day-1,-1,157500,-1,-1,flat_19,9994,10003,9,9998.5,10000.1875,-1.5,neutral,0.375,1.6875,buy_pressure,-3.5,True,shock,2,passive_two_sided,mm_inside,0,0,0,9,9,9,0,0,hold,hold,8297.0,mm_join_12,0.0,8297.0,0.0,,,,
worse,round1-day-1,-1,162500,-15,-15,flat_19,9992,10001,9,9996.5,9999.714285714286,-3.5,cheap,0.7142857142857143,3.214285714286234,buy_pressure,-3.5,True,shock,1,passive_one_sided_buy,one_sided_mm,0,0,0,10,0,10,0,0,buy_take1_16,take1,-131880.0,hold,2.0,-131882.0,2.0,passive_inside_buy,,,
worse,round1-day-1,-1,162700,-15,-15,flat_19,9997,10007,10,10002.0,9998.42857142857,2.0,rich,-0.7142857142857143,-3.571428571429351,sell_pressure,2.0,False,steady,1,passive_one_sided_buy,one_sided_mm,0,0,0,12,0,0,0,0,hold,hold,-131882.0,mm_join_12,0.0,-131882.0,0.0,passive_inside_buy,,,
worse,round1-day-1,-1,163100,-15,-15,flat_19,9992,10002,10,9997.0,10000.125,-3.0,cheap,0.625,3.125,buy_pressure,-3.0,False,steady,1,passive_one_sided_buy,one_sided_mm,0,0,0,13,0,13,0,0,hold,hold,-131882.0,mm_join_12,0.0,-131882.0,0.0,passive_inside_buy,,,
worse,round1-day-1,-1,167200,-7,-7,flat_19,10001,10010,9,10005.5,10002.8,5.5,rich,-0.6,-2.7000000000007276,sell_pressure,5.5,True,shock,1,passive_one_sided_sell,one_sided_mm,0,0,0,0,9,0,9,0,hold,hold,-51914.0,mm_join_12,0.0,-51914.0,0.0,passive_inside_sell,,,
worse,round1-day-1,-1,168900,-7,-7,flat_19,9996,10006,10,10001.0,9998.35294117647,1.0,neutral,-0.5294117647058824,-2.6470588235297328,sell_pressure,3.0,False,steady,2,passive_two_sided,mm_inside,0,0,0,12,12,12,12,0,hold,hold,-51914.0,mm_join_12,0.0,-51914.0,0.0,,,,
worse,round1-day-1,-1,172500,-1,-1,flat_19,9992,10001,9,9996.5,9999.714285714286,-3.5,cheap,0.7142857142857143,3.214285714286234,buy_pressure,-2.5,False,steady,1,passive_one_sided_buy,one_sided_mm,0,0,0,13,0,13,0,0,buy_take1_16,take1,8000.0,hold,2.0,7998.0,2.0,passive_inside_buy,,,
worse,round1-day-1,-1,173000,-1,-1,flat_19,9997,10008,11,10002.5,9999.75,2.5,rich,-0.5,-2.75,sell_pressure,2.5,False,steady,1,passive_one_sided_sell,one_sided_mm,0,0,0,0,12,0,12,0,hold,hold,7998.0,mm_join_12,0.0,7998.0,0.0,passive_inside_sell,,,
worse,round1-day-1,-1,177800,11,11,flat_19,9997,10007,10,10002.0,9999.105263157895,2.0,rich,-0.5789473684210527,-2.894736842104976,sell_pressure,11.0,True,shock,1,passive_one_sided_buy,one_sided_mm,0,0,0,12,0,0,0,0,hold,hold,127935.0,mm_join_12,0.0,127935.0,0.0,passive_inside_buy,,,
worse,round1-day-1,-1,179300,11,5,flat_19,10002,10011,9,10006.5,10003.5,6.5,rich,-0.6666666666666666,-3.0,sell_pressure,7.5,True,shock,2,clear_sell,take1,0,6,6,0,9,0,9,1,hold,hold,127935.0,mm_join_12,0.0,127935.0,0.0,take_b1,,,
worse,round1-day-1,-1,183800,-9,-9,flat_19,9995,10004,9,9999.5,10002.3125,-0.5,neutral,0.625,2.8125,buy_pressure,3.5,True,shock,2,passive_two_sided,mm_inside,0,0,0,9,9,9,0,0,hold,hold,-72213.0,mm_join_12,0.0,-72213.0,0.0,,,,
worse,round1-day-1,-1,184800,-15,-15,flat_19,10001,10011,10,10006.0,10002.333333333334,6.0,rich,-0.7333333333333333,-3.6666666666660603,sell_pressure,-6.0,True,shock,1,passive_one_sided_sell,one_sided_mm,0,0,0,0,9,0,9,0,hold,hold,-132273.0,mm_join_12,0.0,-132273.0,0.0,passive_inside_sell,,,
worse,round1-day-1,-1,187400,-15,-15,flat_19,10001,10012,11,10006.5,10003.75,6.5,rich,-0.5,-2.75,sell_pressure,3.5,True,shock,1,passive_one_sided_sell,one_sided_mm,0,0,0,0,9,0,9,0,hold,hold,-132273.0,mm_join_12,0.0,-132273.0,0.0,passive_inside_sell,,,
worse,round1-day-1,-1,187700,-15,-15,flat_19,10000,10013,13,10006.5,10001.677419354839,6.5,rich,-0.7419354838709677,-4.822580645160997,sell_pressure,3.5,True,shock,1,passive_one_sided_sell,one_sided_mm,0,0,0,0,9,0,9,0,hold,hold,-132273.0,mm_join_12,0.0,-132273.0,0.0,passive_inside_sell,,,
worse,round1-day-1,-1,189800,-20,-20,short_20_39,10000,10011,11,10005.5,10002.588235294117,5.5,rich,-0.5294117647058824,-2.911764705882888,sell_pressure,2.5,False,steady,1,passive_one_sided_sell,one_sided_mm,0,0,0,0,12,0,12,0,hold,hold,-182293.0,mm_join_12,0.0,-182293.0,0.0,passive_inside_sell,,,
worse,round1-day-1,-1,191300,-20,-20,short_20_39,10001,10012,11,10006.5,10004.235294117647,6.5,rich,-0.4117647058823529,-2.264705882353155,sell_pressure,2.5,True,shock,1,passive_one_sided_sell,one_sided_mm,0,0,0,0,9,0,9,0,hold,hold,-182293.0,mm_join_12,0.0,-182293.0,0.0,passive_inside_sell,,,
worse,round1-day-1,-1,191500,-14,-14,flat_19,9996,10005,9,10000.5,10003.714285714286,0.5,neutral,0.7142857142857143,3.214285714286234,buy_pressure,-3.5,True,shock,2,passive_two_sided,mm_inside,0,0,0,9,9,9,0,0,hold,hold,-122311.0,mm_join_12,0.0,-122311.0,0.0,,,,
worse,round1-day-1,-1,192300,-8,-8,flat_19,9997,10006,9,10001.5,10004.941176470587,1.5,neutral,0.7647058823529411,3.4411764705873793,buy_pressure,-3.5,True,shock,2,passive_two_sided,mm_inside,0,0,0,9,9,9,0,0,hold,hold,-62329.0,mm_join_12,0.0,-62329.0,0.0,,,,
worse,round1-day-1,-1,195800,-5,-5,flat_19,10001,10014,13,10007.5,10002.181818181818,7.5,rich,-0.8181818181818182,-5.3181818181819835,sell_pressure,3.5,True,shock,1,passive_one_sided_sell,one_sided_mm,0,0,0,0,9,0,9,0,hold,hold,-32345.0,mm_join_12,0.0,-32345.0,0.0,passive_inside_sell,,,
worse,round1-day-1,-1,200200,-35,-35,short_20_39,9994,10004,10,9999.0,10001.692307692309,-1.0,neutral,0.5384615384615384,2.692307692308532,buy_pressure,-3.0,False,steady,1,passive_one_sided_buy,one_sided_mm,0,0,0,12,0,12,0,0,hold,hold,-332485.0,mm_join_12,0.0,-332485.0,0.0,passive_inside_buy,,,
worse,round1-day-1,-1,200700,-35,-35,short_20_39,10000,10010,10,10005.0,10002.5,5.0,rich,-0.5,-2.5,sell_pressure,3.0,False,steady,1,passive_one_sided_sell,one_sided_mm,0,0,0,0,12,0,12,0,hold,hold,-332485.0,mm_join_12,0.0,-332485.0,0.0,passive_inside_sell,,,
worse,round1-day-1,-1,201900,-35,-35,short_20_39,9992,10002,10,9997.0,9999.894736842105,-3.0,cheap,0.5789473684210527,2.894736842104976,buy_pressure,-4.0,True,shock,1,passive_one_sided_buy,one_sided_mm,0,0,0,10,0,10,0,0,buy_take1_16,take1,-332485.0,hold,4.0,-332489.0,4.0,passive_inside_buy,,,
worse,round1-day-1,-1,202400,-35,-35,short_20_39,9998,10008,10,10003.0,9999.666666666666,3.0,rich,-0.6666666666666666,-3.3333333333339397,sell_pressure,1.5,False,steady,1,passive_one_sided_sell,one_sided_mm,0,0,0,0,12,0,12,0,hold,hold,-332489.0,mm_join_12,0.0,-332489.0,0.0,passive_inside_sell,,,
worse,round1-day-1,-1,204200,-29,-29,short_20_39,9991,10001,10,9996.0,9999.333333333334,-4.0,cheap,0.6666666666666666,3.3333333333339397,buy_pressure,-3.0,False,steady,1,passive_one_sided_buy,one_sided_mm,0,0,0,13,0,13,0,0,buy_take1_16,take1,-272537.0,hold,4.0,-272541.0,4.0,passive_inside_buy,,,
worse,round1-day-1,-1,204400,-29,-29,short_20_39,9991,10000,9,9995.5,9997.35294117647,-4.5,cheap,0.4117647058823529,1.8529411764702672,buy_pressure,-3.5,True,shock,1,passive_one_sided_buy,one_sided_mm,0,0,0,10,0,10,0,0,buy_take1_16,take1,-272541.0,hold,15.0,-272556.0,15.0,passive_inside_buy,,,
worse,round1-day-1,-1,204800,-19,-19,flat_19,9991,10001,10,9996.0,9998.894736842105,-4.0,cheap,0.5789473684210527,2.894736842104976,buy_pressure,-3.0,False,steady,1,passive_one_sided_buy,one_sided_mm,0,0,0,13,0,13,0,0,buy_take1_16,take1,-172596.0,hold,8.0,-172604.0,8.0,passive_inside_buy,,,
worse,round1-day-1,-1,204900,-19,-19,flat_19,10001,10010,9,10005.5,10002.161290322581,5.5,rich,-0.7419354838709677,-3.338709677418592,sell_pressure,9.5,True,shock,1,passive_one_sided_sell,one_sided_mm,0,0,0,0,9,0,9,0,hold,hold,-172604.0,mm_join_12,0.0,-172604.0,0.0,passive_inside_sell,,,
worse,round1-day-1,-1,211600,-22,-22,short_20_39,9991,10003,12,9997.0,10001.0,-3.0,cheap,0.6666666666666666,4.0,buy_pressure,-4.0,True,shock,1,passive_one_sided_buy,one_sided_mm,0,0,0,10,0,10,0,0,hold,hold,-202713.0,mm_join_12,0.0,-202713.0,0.0,passive_inside_buy,,,
worse,round1-day-1,-1,214400,-22,-22,short_20_39,9993,10003,10,9998.0,10001.75,-2.0,cheap,0.75,3.75,buy_pressure,-2.5,False,steady,1,passive_one_sided_sell,one_sided_mm,0,0,0,0,12,0,0,0,hold,hold,-202713.0,mm_join_12,0.0,-202713.0,0.0,passive_inside_sell,,,
worse,round1-day-1,-1,214800,-22,-22,short_20_39,9991,10003,12,9997.0,10001.222222222223,-3.0,cheap,0.7037037037037037,4.222222222222626,buy_pressure,-4.0,True,shock,1,passive_one_sided_buy,one_sided_mm,0,0,0,10,0,10,0,0,hold,hold,-202713.0,mm_join_12,0.0,-202713.0,0.0,passive_inside_buy,,,
worse,round1-day-1,-1,216500,-26,-26,short_20_39,9992,10002,10,9997.0,9999.5,-3.0,cheap,0.5,2.5,buy_pressure,-2.0,False,steady,1,passive_one_sided_buy,one_sided_mm,0,0,0,13,0,13,0,0,buy_take1_16,take1,-242741.0,hold,4.0,-242745.0,4.0,passive_inside_buy,,,
worse,round1-day-1,-1,216800,-26,-26,short_20_39,9993,10003,10,9998.0,10000.368421052632,-2.0,cheap,0.47368421052631576,2.3684210526316747,buy_pressure,-3.0,False,steady,0,hold,hold,0,0,0,0,0,0,0,0,hold,hold,-242745.0,mm_join_12,0.0,-242745.0,0.0,,,,
worse,round1-day-1,-1,221800,-29,-29,short_20_39,9992,10004,12,9998.0,10002.8,-2.0,cheap,0.8,4.799999999999272,buy_pressure,-5.0,True,shock,1,passive_one_sided_sell,one_sided_mm,0,0,0,0,9,0,0,0,hold,hold,-273003.0,mm_join_12,0.0,-273003.0,0.0,passive_inside_sell,1,9,1.0
worse,round1-day-1,-1,225800,-33,-33,short_20_39,10002,10013,11,10007.5,10004.0625,7.5,rich,-0.625,-3.4375,sell_pressure,4.0,True,shock,1,passive_one_sided_sell,one_sided_mm,0,0,0,0,9,0,9,0,hold,hold,-313043.0,mm_join_12,0.0,-313043.0,0.0,passive_inside_sell,,,
worse,round1-day-1,-1,226700,-25,-25,short_20_39,10002,10013,11,10007.5,10004.894736842105,7.5,rich,-0.47368421052631576,-2.605263157895024,sell_pressure,8.5,True,shock,1,passive_one_sided_sell,one_sided_mm,0,0,0,0,9,0,9,0,hold,hold,-233027.0,mm_join_12,0.0,-233027.0,0.0,passive_inside_sell,,,
worse,round1-day-1,-1,232600,-17,-17,flat_19,9999,10009,10,10004.0,10001.666666666666,4.0,rich,-0.4666666666666667,-2.3333333333339397,sell_pressure,-5.0,True,shock,1,passive_one_sided_sell,one_sided_mm,0,0,0,0,9,0,9,0,hold,hold,-153050.0,mm_join_12,0.0,-153050.0,0.0,passive_inside_sell,,,
worse,round1-day-1,-1,238200,-27,-27,short_20_39,9994,10004,10,9999.0,10002.0,-1.0,neutral,0.6,3.0,buy_pressure,-4.0,True,shock,1,passive_one_sided_buy,one_sided_mm,0,0,0,9,0,9,0,0,hold,hold,-253152.0,mm_join_12,0.0,-253152.0,0.0,passive_inside_buy,,,
worse,round1-day-1,-1,238400,-27,-27,short_20_39,10000,10011,11,10005.5,10001.941176470587,5.5,rich,-0.6470588235294118,-3.5588235294126207,sell_pressure,2.5,False,steady,1,passive_one_sided_sell,one_sided_mm,0,0,0,0,12,0,12,0,hold,hold,-253152.0,mm_join_12,0.0,-253152.0,0.0,passive_inside_sell,,,
worse,round1-day-1,-1,238700,-27,-27,short_20_39,9995,10005,10,10000.0,10003.333333333334,0.0,neutral,0.6666666666666666,3.3333333333339397,buy_pressure,-3.0,False,steady,1,passive_one_sided_buy,one_sided_mm,0,0,0,12,0,12,0,0,hold,hold,-253152.0,mm_join_12,0.0,-253152.0,0.0,passive_inside_buy,,,
worse,round1-day-1,-1,243500,-53,-53,short_40_59,9993,10003,10,9998.0,10000.777777777777,-2.0,cheap,0.5555555555555556,2.7777777777773736,buy_pressure,-3.0,False,steady,1,passive_one_sided_sell,one_sided_mm,0,0,0,0,9,0,0,0,hold,hold,-513350.0,mm_join_12,0.0,-513350.0,0.0,passive_inside_sell,,,
worse,round1-day-1,-1,249600,-71,-71,short_60_plus,9993,10003,10,9998.0,10000.333333333334,-2.0,cheap,0.4666666666666667,2.3333333333339397,buy_pressure,-4.5,True,shock,1,passive_one_sided_sell,one_sided_mm,0,0,0,0,6,0,0,0,hold,hold,-693602.0,mm_join_12,0.0,-693602.0,0.0,passive_inside_sell,,,
worse,round1-day-1,-1,249700,-71,-71,short_60_plus,9999,10012,13,10005.5,10000.793103448275,5.5,rich,-0.7241379310344828,-4.70689655172464,sell_pressure,7.5,True,shock,1,passive_one_sided_sell,one_sided_mm,0,0,0,0,6,0,6,0,hold,hold,-693602.0,mm_join_12,0.0,-693602.0,0.0,passive_inside_sell,,,
worse,round1-day-1,-1,255900,-72,-72,short_60_plus,9999,10009,10,10004.0,10002.333333333334,4.0,rich,-0.3333333333333333,-1.6666666666660603,mixed_pressure,4.0,True,shock,1,passive_one_sided_sell,one_sided_mm,0,0,0,0,6,0,6,0,hold,hold,-703828.0,mm_join_12,0.0,-703828.0,0.0,passive_inside_sell,,,
worse,round1-day-1,-1,261200,-72,-72,short_60_plus,10002,10012,10,10007.0,10003.666666666666,7.0,rich,-0.6666666666666666,-3.3333333333339397,sell_pressure,1.0,True,shock,2,passive_two_sided,mm_inside,0,0,0,11,6,0,6,0,hold,hold,-703856.0,mm_join_12,0.0,-703856.0,0.0,,,,
worse,round1-day-1,-1,261500,-72,-72,short_60_plus,9993,10005,12,9999.0,10002.6,-1.0,neutral,0.6,3.600000000000364,buy_pressure,6.0,True,shock,2,passive_two_sided,mm_inside,0,0,0,14,8,14,0,0,buy_take1_16,take1,-703856.0,hold,15.0,-703871.0,15.0,,,,
worse,round1-day-1,-1,263800,-79,-79,short_60_plus,9991,10003,12,9997.0,10002.172413793103,-3.0,cheap,0.8620689655172413,5.17241379310326,buy_pressure,-5.0,True,shock,1,passive_one_sided_buy,one_sided_mm,0,0,0,12,0,12,0,0,hold,hold,-773980.0,mm_join_12,0.0,-773980.0,0.0,passive_inside_buy,,,
worse,round1-day-1,-1,265900,-70,-70,short_60_plus,9992,10002,10,9997.0,9999.64705882353,-3.0,cheap,0.5294117647058824,2.6470588235297328,buy_pressure,-3.0,False,steady,1,passive_one_sided_buy,one_sided_mm,0,0,0,15,0,15,0,0,buy_take1_16,take1,-684003.0,hold,4.0,-684007.0,4.0,passive_inside_buy,,,
worse,round1-day-1,-1,266300,-70,-70,short_60_plus,9997,10007,10,10002.0,9999.35294117647,2.0,rich,-0.5294117647058824,-2.6470588235297328,sell_pressure,2.0,False,steady,1,passive_one_sided_sell,one_sided_mm,0,0,0,0,9,0,9,0,hold,hold,-684007.0,mm_join_12,0.0,-684007.0,0.0,passive_inside_sell,,,
worse,round1-day-1,-1,269500,-60,-56,short_60_plus,9988,10000,12,9994.0,9998.451612903225,-6.0,cheap,0.7419354838709677,4.451612903225396,buy_pressure,-5.0,True,shock,2,clear_buy,take1,4,0,4,12,0,12,0,1,buy_take1_16,take1,-584043.0,hold,12.0,-584043.0,0.0,take_a1,,,
worse,round1-day-1,-1,274000,-50,-50,short_40_59,9994,10007,13,10000.5,9995.575757575758,0.5,neutral,-0.7575757575757576,-4.924242424242038,sell_pressure,2.5,False,steady,1,passive_one_sided_sell,one_sided_mm,0,0,0,0,9,0,9,0,hold,hold,-484079.0,mm_join_12,0.0,-484079.0,0.0,passive_inside_sell,,,
worse,round1-day-1,-1,278700,-42,-42,short_40_59,9996,10007,11,10001.5,9997.833333333334,1.5,neutral,-0.6666666666666666,-3.6666666666660603,sell_pressure,2.5,False,steady,2,passive_two_sided,mm_inside,0,0,0,12,12,12,12,0,hold,hold,-404194.0,mm_join_12,0.0,-404194.0,0.0,,,,
worse,round1-day-1,-1,279700,-42,-42,short_40_59,9997,10008,11,10002.5,9999.0625,2.5,rich,-0.625,-3.4375,sell_pressure,3.5,True,shock,1,passive_one_sided_sell,one_sided_mm,0,0,0,0,9,0,9,0,hold,hold,-404194.0,mm_join_12,0.0,-404194.0,0.0,passive_inside_sell,,,
worse,round1-day-1,-1,283800,-39,-39,short_20_39,10000,10009,9,10004.5,10002.1,4.5,rich,-0.5333333333333333,-2.399999999999636,sell_pressure,7.5,True,shock,1,passive_one_sided_sell,one_sided_mm,0,0,0,0,9,0,9,0,hold,hold,-374345.0,mm_join_12,0.0,-374345.0,0.0,passive_inside_sell,,,
worse,round1-day-1,-1,285900,-45,-45,short_40_59,9996,10009,13,10002.5,9997.130434782608,2.5,rich,-0.8260869565217391,-5.369565217391937,sell_pressure,5.0,True,shock,1,passive_one_sided_sell,one_sided_mm,0,0,0,0,6,0,6,0,hold,hold,-434381.0,mm_join_12,0.0,-434381.0,0.0,passive_inside_sell,,,
worse,round1-day-1,-1,288600,-40,-40,short_40_59,9999,10008,9,10003.5,10001.4,3.5,rich,-0.4666666666666667,-2.100000000000364,sell_pressure,5.5,True,shock,1,passive_one_sided_sell,one_sided_mm,0,0,0,0,9,0,9,0,hold,hold,-384431.0,mm_join_12,0.0,-384431.0,0.0,passive_inside_sell,,,
worse,round1-day-1,-1,290100,-30,-30,short_20_39,9994,10005,11,9999.5,9996.538461538461,-0.5,neutral,-0.5384615384615384,-2.9615384615390212,sell_pressure,1.5,False,steady,1,passive_one_sided_sell,one_sided_mm,0,0,0,0,12,0,12,0,hold,hold,-284531.0,mm_join_12,0.0,-284531.0,0.0,passive_inside_sell,,,
worse,round1-day-1,-1,290600,-24,-24,short_20_39,9994,10004,10,9999.0,9996.666666666666,-1.0,neutral,-0.4666666666666667,-2.3333333333339397,sell_pressure,3.0,False,steady,1,passive_one_sided_sell,one_sided_mm,0,0,0,0,12,0,12,0,hold,hold,-224597.0,mm_join_12,0.0,-224597.0,0.0,passive_inside_sell,,,
worse,round1-day-1,-1,296900,-14,-14,flat_19,9995,10005,10,10000.0,9997.307692307691,0.0,neutral,-0.5384615384615384,-2.692307692308532,sell_pressure,3.0,False,steady,1,passive_one_sided_sell,one_sided_mm,0,0,0,0,12,0,12,0,hold,hold,-124706.0,mm_join_12,0.0,-124706.0,0.0,passive_inside_sell,,,
worse,round1-day-1,-1,297200,-14,-14,flat_19,9989,9998,9,9993.5,9996.714285714286,-6.5,cheap,0.7142857142857143,3.214285714286234,buy_pressure,-3.5,True,shock,1,passive_one_sided_buy,one_sided_mm,0,0,0,10,0,10,0,0,buy_take1_16,take1,-124706.0,hold,12.0,-124718.0,12.0,passive_inside_buy,,,
worse,round1-day-1,-1,301500,-14,-14,flat_19,9997,10007,10,10002.0,9998.875,2.0,rich,-0.625,-3.125,sell_pressure,3.0,False,steady,1,passive_one_sided_buy,one_sided_mm,0,0,0,12,0,0,0,0,hold,hold,-124718.0,mm_join_12,0.0,-124718.0,0.0,passive_inside_buy,,,
worse,round1-day-1,-1,301600,-14,-14,flat_19,9992,10001,9,9996.5,9999.3125,-3.5,cheap,0.625,2.8125,buy_pressure,-5.5,True,shock,1,passive_one_sided_buy,one_sided_mm,0,0,0,10,0,10,0,0,buy_take1_16,take1,-124718.0,buy_take2_32,0.0,-124727.0,9.0,passive_inside_buy,,,
worse,round1-day-1,-1,305200,-7,-7,flat_19,9991,10001,10,9996.0,9998.5,-4.0,cheap,0.5,2.5,buy_pressure,-13.0,True,shock,1,passive_one_sided_buy,one_sided_mm,0,0,0,10,0,10,0,0,buy_take1_16,take1,-54769.0,hold,12.0,-54781.0,12.0,passive_inside_buy,,,
worse,round1-day-1,-1,305400,-7,-7,flat_19,9998,10008,10,10003.0,9999.666666666666,3.0,rich,-0.6666666666666666,-3.3333333333339397,sell_pressure,3.0,False,steady,1,passive_one_sided_sell,one_sided_mm,0,0,0,0,12,0,12,0,hold,hold,-54781.0,mm_join_12,0.0,-54781.0,0.0,passive_inside_sell,,,
worse,round1-day-1,-1,307600,2,2,flat_19,9995,10004,9,9999.5,10002.07142857143,-0.5,neutral,0.5714285714285714,2.571428571429351,buy_pressure,-3.0,False,steady,2,passive_two_sided,mm_inside,0,0,0,12,12,12,0,0,hold,hold,35156.0,mm_join_12,0.0,35156.0,0.0,,,,
worse,round1-day-1,-1,308400,-1,-1,flat_19,9995,10004,9,9999.5,10001.75,-0.5,neutral,0.5,2.25,buy_pressure,-3.5,True,shock,2,passive_two_sided,mm_inside,0,0,0,9,9,9,0,0,hold,hold,5084.0,mm_join_12,0.0,5084.0,0.0,,,,
worse,round1-day-1,-1,309100,-1,-1,flat_19,9995,10005,10,10000.0,10002.333333333334,0.0,neutral,0.4666666666666667,2.3333333333339397,buy_pressure,-3.0,False,steady,1,passive_one_sided_buy,one_sided_mm,0,0,0,12,0,12,0,0,hold,hold,5084.0,mm_join_12,0.0,5084.0,0.0,passive_inside_buy,,,
worse,round1-day-1,-1,312300,13,13,flat_19,10001,10011,10,10006.0,10002.176470588236,6.0,rich,-0.7647058823529411,-3.823529411763957,sell_pressure,3.0,True,shock,1,passive_one_sided_sell,one_sided_mm,0,0,0,0,9,0,9,0,hold,hold,145032.0,mm_join_12,0.0,145032.0,0.0,passive_inside_sell,,,
worse,round1-day-1,-1,313200,11,11,flat_19,9996,10006,10,10001.0,10004.666666666666,1.0,neutral,0.7333333333333333,3.6666666666660603,buy_pressure,-4.5,True,shock,1,passive_one_sided_buy,one_sided_mm,0,0,0,9,0,9,0,0,hold,hold,124983.0,mm_join_12,0.0,124983.0,0.0,passive_inside_buy,,,
worse,round1-day-1,-1,316000,11,11,flat_19,10001,10011,10,10006.0,10003.857142857143,6.0,rich,-0.42857142857142855,-2.142857142856883,sell_pressure,2.0,True,shock,1,passive_one_sided_sell,one_sided_mm,0,0,0,0,9,0,9,0,hold,hold,124886.0,mm_join_12,0.0,124886.0,0.0,passive_inside_sell,,,
worse,round1-day-1,-1,316800,11,11,flat_19,10001,10012,11,10006.5,10004.055555555555,6.5,rich,-0.4444444444444444,-2.444444444445253,sell_pressure,2.5,True,shock,1,passive_one_sided_sell,one_sided_mm,0,0,0,0,9,0,9,0,hold,hold,124886.0,mm_join_12,0.0,124886.0,0.0,passive_inside_sell,,,
worse,round1-day-1,-1,316900,11,11,flat_19,9996,10005,9,10000.5,10003.2,0.5,neutral,0.6,2.7000000000007276,buy_pressure,-6.0,True,shock,2,passive_two_sided,mm_inside,0,0,0,9,9,9,0,0,hold,hold,124886.0,mm_join_12,0.0,124886.0,0.0,,,,
worse,round1-day-1,-1,317600,11,2,flat_19,10005,10014,9,10009.5,10007.382352941177,9.5,rich,-0.47058823529411764,-2.1176470588234224,sell_pressure,16.5,True,shock,2,clear_sell,take1,0,9,9,0,9,0,9,1,sell_take1_16,take1,124886.0,hold,6.0,124886.0,0.0,take_b1,,,
worse,round1-day-1,-1,318600,2,-6,flat_19,10006,10015,9,10010.5,10008.322580645161,10.5,rich,-0.4838709677419355,-2.177419354839003,sell_pressure,6.5,True,shock,2,clear_sell,take1,0,8,8,0,9,0,9,1,sell_take1_16,take1,34841.0,hold,13.0,34841.0,0.0,take_b1,,,
worse,round1-day-1,-1,321200,-16,-16,flat_19,10003,10014,11,10008.5,10005.588235294117,8.5,rich,-0.5294117647058824,-2.911764705882888,sell_pressure,4.0,True,shock,1,passive_one_sided_sell,one_sided_mm,0,0,0,0,9,0,9,0,hold,hold,-145327.0,mm_join_12,0.0,-145327.0,0.0,passive_inside_sell,,,
worse,round1-day-1,-1,321300,-16,-16,flat_19,10004,10014,10,10009.0,10006.777777777777,9.0,rich,-0.4444444444444444,-2.2222222222226264,sell_pressure,0.5,True,shock,1,passive_one_sided_sell,one_sided_mm,0,0,0,0,9,0,9,0,hold,hold,-145327.0,mm_join_12,0.0,-145327.0,0.0,passive_inside_sell,,,
worse,round1-day-1,-1,321600,-16,-16,flat_19,9998,10008,10,10003.0,10005.5,3.0,rich,0.5,2.5,buy_pressure,-3.0,False,steady,1,passive_one_sided_buy,one_sided_mm,0,0,0,12,0,12,0,0,hold,hold,-145327.0,mm_join_12,0.0,-145327.0,0.0,passive_inside_buy,,,
worse,round1-day-1,-1,322400,-16,-16,flat_19,10004,10015,11,10009.5,10006.0625,9.5,rich,-0.625,-3.4375,sell_pressure,2.5,True,shock,1,passive_one_sided_sell,one_sided_mm,0,0,0,0,9,0,9,0,hold,hold,-145327.0,mm_join_12,0.0,-145327.0,0.0,passive_inside_sell,,,
worse,round1-day-1,-1,325600,-12,-12,flat_19,10004,10017,13,10010.5,10005.911764705883,10.5,rich,-0.7058823529411765,-4.588235294117112,sell_pressure,4.0,True,shock,1,passive_one_sided_sell,one_sided_mm,0,0,0,0,9,0,9,0,hold,hold,-105364.0,mm_join_12,0.0,-105364.0,0.0,passive_inside_sell,,,
worse,round1-day-1,-1,326500,-15,-15,flat_19,9996,10008,12,10002.0,10007.172413793103,2.0,rich,0.8620689655172413,5.17241379310326,buy_pressure,-5.0,True,shock,1,passive_one_sided_buy,one_sided_mm,0,0,0,9,0,9,0,0,hold,hold,-135415.0,mm_join_12,0.0,-135415.0,0.0,passive_inside_buy,,,
worse,round1-day-1,-1,327600,-15,-25,flat_19,10008,10017,9,10012.5,10010.5,12.5,rich,-0.4444444444444444,-2.0,sell_pressure,7.5,True,shock,2,take_sell,take1,0,10,10,0,9,0,9,1,sell_take1_16,take1,-135415.0,hold,37.0,-135415.0,0.0,take_b1,,,
worse,round1-day-1,-1,328200,-25,-25,short_20_39,9997,10009,12,10003.0,10007.95652173913,3.0,rich,0.8260869565217391,4.956521739130039,buy_pressure,-3.5,True,shock,1,passive_one_sided_buy,one_sided_mm,0,0,0,9,0,9,0,0,hold,hold,-235495.0,mm_join_12,0.0,-235495.0,0.0,passive_inside_buy,,,
worse,round1-day-1,-1,329300,-25,-25,short_20_39,10001,10010,9,10005.5,10008.941176470587,5.5,rich,0.7647058823529411,3.4411764705873793,buy_pressure,-4.5,True,shock,2,passive_two_sided,mm_inside,0,0,0,9,9,9,0,0,hold,hold,-235495.0,mm_join_12,0.0,-235495.0,0.0,,,,
worse,round1-day-1,-1,329800,-30,-30,short_20_39,10005,10016,11,10010.5,10006.941176470587,10.5,rich,-0.6470588235294118,-3.5588235294126207,sell_pressure,-5.5,True,shock,1,passive_one_sided_sell,one_sided_mm,0,0,0,0,9,0,9,0,hold,hold,-285550.0,mm_join_12,0.0,-285550.0,0.0,passive_inside_sell,,,
worse,round1-day-1,-1,330300,-22,-22,short_20_39,10001,10010,9,10005.5,10008.411764705883,5.5,rich,0.6470588235294118,2.911764705882888,buy_pressure,-1.5,False,steady,2,passive_two_sided,mm_inside,0,0,0,12,12,12,0,0,hold,hold,-205542.0,mm_join_12,0.0,-205542.0,0.0,,,,
worse,round1-day-1,-1,333600,-22,-22,short_20_39,10005,10016,11,10010.5,10006.466666666667,10.5,rich,-0.7333333333333333,-4.033333333332848,sell_pressure,3.5,True,shock,1,passive_one_sided_sell,one_sided_mm,0,0,0,0,9,0,9,0,hold,hold,-205582.0,mm_join_12,0.0,-205582.0,0.0,passive_inside_sell,,,
worse,round1-day-1,-1,338400,-71,-71,short_60_plus,9998,10008,10,10003.0,10005.058823529413,3.0,rich,0.4117647058823529,2.0588235294126207,buy_pressure,-3.0,False,steady,2,passive_two_sided,mm_inside,0,0,0,14,9,14,0,0,hold,hold,-696181.0,mm_join_12,0.0,-696181.0,0.0,,,,
worse,round1-day-1,-1,338600,-71,-71,short_60_plus,9998,10008,10,10003.0,10005.058823529413,3.0,rich,0.4117647058823529,2.0588235294126207,buy_pressure,-4.0,True,shock,2,passive_two_sided,mm_inside,0,0,0,11,6,11,0,0,hold,hold,-696181.0,mm_join_12,0.0,-696181.0,0.0,,,,
worse,round1-day-1,-1,340200,-71,-71,short_60_plus,10004,10015,11,10009.5,10005.833333333334,9.5,rich,-0.6666666666666666,-3.6666666666660603,sell_pressure,2.5,True,shock,2,passive_two_sided,mm_inside,0,0,0,11,6,0,6,0,hold,hold,-696181.0,mm_join_12,0.0,-696181.0,0.0,,,,
worse,round1-day-1,-1,342600,-71,-71,short_60_plus,10004,10014,10,10009.0,10006.857142857143,9.0,rich,-0.42857142857142855,-2.142857142856883,sell_pressure,2.5,True,shock,2,passive_two_sided,mm_inside,0,0,0,11,6,0,6,0,hold,hold,-696181.0,mm_join_12,0.0,-696181.0,0.0,,,,
worse,round1-day-1,-1,343500,-71,-71,short_60_plus,10000,10009,9,10004.5,10007.5,4.5,rich,0.6666666666666666,3.0,buy_pressure,-11.5,True,shock,2,passive_two_sided,mm_inside,0,0,0,11,6,11,0,0,hold,hold,-696181.0,mm_join_12,0.0,-696181.0,0.0,,,,
worse,round1-day-1,-1,345200,-71,-71,short_60_plus,10004,10015,11,10009.5,10005.375,9.5,rich,-0.75,-4.125,sell_pressure,4.0,True,shock,2,passive_two_sided,mm_inside,0,0,0,11,6,0,6,0,hold,hold,-696181.0,mm_join_12,0.0,-696181.0,0.0,,,,
worse,round1-day-1,-1,350300,-73,-73,short_60_plus,9994,10004,10,9999.0,10001.777777777777,-1.0,neutral,0.5555555555555556,2.7777777777773736,buy_pressure,-4.0,True,shock,2,passive_two_sided,mm_inside,0,0,0,11,6,11,0,0,hold,hold,-716319.0,mm_join_12,0.0,-716319.0,0.0,,,,
worse,round1-day-1,-1,351700,-73,-78,short_60_plus,10003,10012,9,10007.5,10004.5,7.5,rich,-0.6666666666666666,-3.0,sell_pressure,5.5,True,shock,3,take_sell,take1,0,5,5,11,2,0,2,1,hold,hold,-716319.0,mm_join_12,0.0,-716347.0,28.0,take_b1,,,
worse,round1-day-1,-1,352800,-80,-80,short_60_plus,9999,10012,13,10005.5,10000.56,5.5,rich,-0.76,-4.940000000000509,sell_pressure,5.0,True,shock,1,passive_one_sided_buy,one_sided_mm,0,0,0,11,0,11,0,0,hold,hold,-786382.0,mm_join_12,0.0,-786382.0,0.0,passive_inside_buy,,,
worse,round1-day-1,-1,354900,-70,-67,short_60_plus,9991,10000,9,9995.5,9998.5,-4.5,cheap,0.6666666666666666,3.0,buy_pressure,-3.5,True,shock,2,clear_buy,take1,3,0,3,12,0,12,0,1,buy_take1_16,take1,-686462.0,hold,9.0,-686462.0,0.0,take_a1,,,
worse,round1-day-1,-1,356300,-74,-74,short_60_plus,9998,10011,13,10004.5,9999.625,4.5,rich,-0.75,-4.875,sell_pressure,12.5,True,shock,1,passive_one_sided_sell,one_sided_mm,0,0,0,0,6,0,6,0,mm_inside_12,mm_inside,-726504.0,mm_inside_20,0.0,-726504.0,0.0,passive_inside_sell,,,
worse,round1-day-1,-1,356500,-69,-66,short_60_plus,9992,10001,9,9996.5,9999.3125,-3.5,cheap,0.625,2.8125,buy_pressure,-3.5,True,shock,2,clear_buy,take1,3,0,3,12,0,12,0,1,buy_take1_16,take1,-676555.0,hold,6.0,-676555.0,0.0,take_a1,,,
worse,round1-day-1,-1,357300,-66,-63,short_60_plus,9991,10000,9,9995.5,9998.411764705883,-4.5,cheap,0.6470588235294118,2.911764705882888,buy_pressure,-2.5,False,steady,2,clear_buy,take1,3,0,3,15,0,15,0,1,buy_take1_16,take1,-646552.0,hold,9.0,-646552.0,0.0,take_a1,,,
worse,round1-day-1,-1,357700,-63,-63,short_60_plus,9996,10009,13,10002.5,9997.5,2.5,rich,-0.7692307692307693,-5.0,sell_pressure,2.5,False,steady,2,passive_two_sided,mm_inside,0,0,0,14,9,14,9,0,hold,hold,-616552.0,mm_join_12,0.0,-616552.0,0.0,,,,
worse,round1-day-1,-1,358000,-63,-59,short_60_plus,9997,10010,13,10003.5,9998.925925925925,3.5,rich,-0.7037037037037037,-4.574074074074815,sell_pressure,5.5,True,shock,2,passive_two_sided,mm_inside,0,0,0,11,6,11,6,0,mm_inside_12,mm_inside,-616552.0,mm_inside_20,0.0,-616552.0,0.0,,,,
worse,round1-day-1,-1,358900,-69,-69,short_60_plus,9997,10007,10,10002.0,9999.5,2.0,rich,-0.5,-2.5,sell_pressure,2.5,False,steady,2,passive_two_sided,mm_inside,0,0,0,14,9,14,9,0,hold,hold,-676620.0,mm_join_12,0.0,-676620.0,0.0,,,,
worse,round1-day-1,-1,361100,-55,-55,short_40_59,9998,10009,11,10003.5,10000.444444444445,3.5,rich,-0.5555555555555556,-3.055555555554747,sell_pressure,4.5,True,shock,1,passive_one_sided_sell,one_sided_mm,0,0,0,0,6,0,6,0,hold,hold,-536720.0,mm_join_12,0.0,-536720.0,0.0,passive_inside_sell,,,
worse,round1-day-1,-1,361800,-55,-64,short_40_59,10003,10012,9,10007.5,10005.53125,7.5,rich,-0.4375,-1.96875,sell_pressure,6.5,True,shock,3,take_sell,take1,0,9,9,11,6,0,6,1,hold,hold,-536720.0,mm_join_12,0.0,-536726.0,6.0,take_b1,,,
worse,round1-day-1,-1,362000,-64,-64,short_60_plus,9999,10010,11,10004.5,10000.57142857143,4.5,rich,-0.7142857142857143,-3.928571428570649,sell_pressure,3.5,True,shock,1,passive_one_sided_sell,one_sided_mm,0,0,0,0,6,0,6,0,hold,hold,-626753.0,mm_join_12,0.0,-626753.0,0.0,passive_inside_sell,,,
worse,round1-day-1,-1,367600,-71,-71,short_60_plus,9991,10003,12,9997.0,10001.153846153846,-3.0,cheap,0.6923076923076923,4.153846153845734,buy_pressure,-4.0,True,shock,1,passive_one_sided_buy,one_sided_mm,0,0,0,12,0,12,0,0,buy_take1_16,take1,-696790.0,hold,8.0,-696798.0,8.0,passive_inside_buy,,,
worse,round1-day-1,-1,371600,-61,-61,short_60_plus,9997,10008,11,10002.5,9999.444444444445,2.5,rich,-0.5555555555555556,-3.055555555554747,sell_pressure,3.5,True,shock,1,passive_one_sided_sell,one_sided_mm,0,0,0,0,6,0,6,0,hold,hold,-596816.0,mm_join_12,0.0,-596816.0,0.0,passive_inside_sell,,,
worse,round1-day-1,-1,372100,-61,-61,short_60_plus,9998,10008,10,10003.0,9999.875,3.0,rich,-0.625,-3.125,sell_pressure,-5.0,True,shock,1,passive_one_sided_sell,one_sided_mm,0,0,0,0,9,0,9,0,hold,hold,-596816.0,mm_join_12,0.0,-596816.0,0.0,passive_inside_sell,,,
worse,round1-day-1,-1,375200,-59,-59,short_40_59,9993,10003,10,9998.0,10001.823529411764,-2.0,cheap,0.7647058823529411,3.823529411763957,buy_pressure,-4.0,True,shock,1,passive_one_sided_sell,one_sided_mm,0,0,0,0,6,0,0,0,buy_take1_16,take1,-576940.0,hold,16.0,-576956.0,16.0,passive_inside_sell,,,
worse,round1-day-1,-1,381000,-76,-76,short_60_plus,10001,10012,11,10006.5,10002.833333333334,6.5,rich,-0.6666666666666666,-3.6666666666660603,sell_pressure,2.5,True,shock,1,passive_one_sided_sell,one_sided_mm,0,0,0,0,4,0,4,0,hold,hold,-747196.0,mm_join_12,0.0,-747196.0,0.0,passive_inside_sell,,,
worse,round1-day-1,-1,383800,-80,-80,short_60_plus,9998,10009,11,10003.5,10000.315789473685,3.5,rich,-0.5789473684210527,-3.184210526314928,sell_pressure,3.5,True,shock,0,hold,hold,0,0,0,0,0,0,0,0,hold,hold,-787208.0,mm_join_12,0.0,-787208.0,0.0,,,,
worse,round1-day-1,-1,384600,-80,-80,short_60_plus,10004,10013,9,10008.5,10006.076923076924,8.5,rich,-0.5384615384615384,-2.4230769230762235,sell_pressure,6.5,True,shock,1,passive_one_sided_buy,one_sided_mm,0,0,0,11,0,0,0,0,hold,hold,-787208.0,mm_join_12,0.0,-787208.0,0.0,passive_inside_buy,,,
worse,round1-day-1,-1,385500,-80,-80,short_60_plus,10000,10013,13,10006.5,10002.166666666666,6.5,rich,-0.6666666666666666,-4.33333333333394,sell_pressure,4.5,True,shock,0,hold,hold,0,0,0,0,0,0,0,0,hold,hold,-787208.0,mm_join_12,0.0,-787208.0,0.0,,,,
worse,round1-day-1,-1,388700,-65,-65,short_60_plus,9995,10004,9,9999.5,10001.75,-0.5,neutral,0.5,2.25,buy_pressure,-4.0,True,shock,2,passive_two_sided,mm_inside,0,0,0,11,6,11,0,0,hold,hold,-637262.0,mm_join_12,0.0,-637262.0,0.0,,,,
worse,round1-day-1,-1,396100,-47,-47,short_40_59,10004,10014,10,10009.0,10006.0,9.0,rich,-0.6,-3.0,sell_pressure,1.0,True,shock,2,passive_two_sided,mm_inside,0,0,0,11,6,0,6,0,sell_take1_16,take1,-457286.0,hold,6.0,-457292.0,6.0,,,,
worse,round1-day-1,-1,397200,-47,-47,short_40_59,9996,10008,12,10002.0,10006.125,2.0,rich,0.6875,4.125,buy_pressure,-4.0,True,shock,2,passive_two_sided,mm_inside,0,0,0,11,6,11,0,0,hold,hold,-457292.0,mm_join_12,0.0,-457292.0,0.0,,,,
worse,round1-day-1,-1,401600,-41,-41,short_40_59,10004,10014,10,10009.0,10006.777777777777,9.0,rich,-0.4444444444444444,-2.2222222222226264,sell_pressure,2.0,True,shock,1,passive_one_sided_sell,one_sided_mm,0,0,0,0,9,0,9,0,sell_take1_16,take1,-397336.0,hold,10.0,-397346.0,10.0,passive_inside_sell,,,
worse,round1-day-1,-1,402400,-41,-41,short_40_59,9998,10007,9,10002.5,10004.75,2.5,rich,0.5,2.25,buy_pressure,-4.5,True,shock,2,passive_two_sided,mm_inside,0,0,0,9,9,9,0,0,hold,hold,-397346.0,mm_join_12,0.0,-397346.0,0.0,,,,
worse,round1-day-1,-1,402600,-41,-41,short_40_59,9998,10007,9,10002.5,10004.6,2.5,rich,0.4666666666666667,2.100000000000364,buy_pressure,-3.5,True,shock,2,passive_two_sided,mm_inside,0,0,0,9,9,9,0,0,hold,hold,-397346.0,mm_join_12,0.0,-397346.0,0.0,,,,
worse,round1-day-1,-1,402900,-41,-41,short_40_59,9997,10007,10,10002.0,10004.5,2.0,rich,0.5,2.5,buy_pressure,-2.0,False,steady,1,passive_one_sided_buy,one_sided_mm,0,0,0,12,0,12,0,0,hold,hold,-397346.0,mm_join_12,0.0,-397346.0,0.0,passive_inside_buy,,,
worse,round1-day-1,-1,403600,-41,-41,short_40_59,10003,10013,10,10008.0,10004.875,8.0,rich,-0.625,-3.125,sell_pressure,1.5,True,shock,1,passive_one_sided_sell,one_sided_mm,0,0,0,0,9,0,9,0,sell_take1_16,take1,-397346.0,hold,3.0,-397349.0,3.0,passive_inside_sell,,,
worse,round1-day-1,-1,406900,-32,-32,short_20_39,9999,10010,11,10004.5,10000.833333333334,4.5,rich,-0.6666666666666666,-3.6666666666660603,sell_pressure,2.5,False,steady,1,passive_one_sided_sell,one_sided_mm,0,0,0,0,12,0,12,0,hold,hold,-307434.0,mm_join_12,0.0,-307434.0,0.0,passive_inside_sell,,,
worse,round1-day-1,-1,409600,-37,-37,short_20_39,9998,10009,11,10003.5,9999.833333333334,3.5,rich,-0.6666666666666666,-3.6666666666660603,sell_pressure,1.5,False,steady,1,passive_one_sided_sell,one_sided_mm,0,0,0,0,12,0,12,0,hold,hold,-357579.0,mm_join_12,0.0,-357579.0,0.0,passive_inside_sell,,,
worse,round1-day-1,-1,410800,-37,-37,short_20_39,9997,10008,11,10002.5,10000.235294117647,2.5,rich,-0.4117647058823529,-2.264705882353155,sell_pressure,2.5,False,steady,1,passive_one_sided_sell,one_sided_mm,0,0,0,0,12,0,12,0,hold,hold,-357579.0,mm_join_12,0.0,-357579.0,0.0,passive_inside_sell,,,
worse,round1-day-1,-1,414800,-34,-34,short_20_39,9994,10003,9,9998.5,10000.1875,-1.5,neutral,0.375,1.6875,buy_pressure,-3.5,True,shock,2,passive_two_sided,mm_inside,0,0,0,9,9,9,0,0,hold,hold,-327702.0,mm_join_12,0.0,-327702.0,0.0,,,,
worse,round1-day-1,-1,415800,-39,-39,short_20_39,10000,10010,10,10005.0,10001.25,5.0,rich,-0.75,-3.75,sell_pressure,5.0,True,shock,1,passive_one_sided_sell,one_sided_mm,0,0,0,0,9,0,9,0,hold,hold,-377757.0,mm_join_12,0.0,-377757.0,0.0,passive_inside_sell,,,
worse,round1-day-1,-1,418100,-39,-39,short_20_39,9999,10009,10,10004.0,10001.631578947368,4.0,rich,-0.47368421052631576,-2.3684210526316747,sell_pressure,3.0,False,steady,1,passive_one_sided_sell,one_sided_mm,0,0,0,0,12,0,12,0,hold,hold,-377757.0,mm_join_12,0.0,-377757.0,0.0,passive_inside_sell,,,
worse,round1-day-1,-1,420100,-44,-44,short_40_59,9991,10001,10,9996.0,9998.058823529413,-4.0,cheap,0.4117647058823529,2.0588235294126207,buy_pressure,-4.0,True,shock,1,passive_one_sided_buy,one_sided_mm,0,0,0,12,0,12,0,0,buy_take1_16,take1,-427797.0,hold,5.0,-427802.0,5.0,passive_inside_buy,,,
worse,round1-day-1,-1,420300,-44,-44,short_40_59,9988,10000,12,9994.0,9999.0,-6.0,cheap,0.8333333333333334,5.0,buy_pressure,-13.0,True,shock,1,passive_one_sided_buy,one_sided_mm,0,0,0,12,0,12,0,0,buy_take1_16,take1,-427802.0,hold,4.0,-427806.0,4.0,passive_inside_buy,,,
worse,round1-day-1,-1,422900,-40,-40,short_40_59,9998,10009,11,10003.5,10000.357142857143,3.5,rich,-0.5714285714285714,-3.142857142856883,sell_pressure,2.5,False,steady,1,passive_one_sided_sell,one_sided_mm,0,0,0,0,12,0,12,0,hold,hold,-387818.0,mm_join_12,0.0,-387818.0,0.0,passive_inside_sell,,,
worse,round1-day-1,-1,424400,-26,-20,short_20_39,9994,10004,10,9999.0,10002.666666666666,-1.0,neutral,0.7333333333333333,3.6666666666660603,buy_pressure,-3.0,False,steady,1,passive_one_sided_buy,one_sided_mm,0,0,0,12,0,12,0,0,mm_inside_12,mm_inside,-247886.0,mm_inside_20,0.0,-247886.0,0.0,passive_inside_buy,,,
worse,round1-day-1,-1,424700,-20,-20,short_20_39,9994,10003,9,9998.5,10000.35294117647,-1.5,neutral,0.4117647058823529,1.8529411764702672,buy_pressure,-5.0,True,shock,2,passive_two_sided,mm_inside,0,0,0,9,9,9,0,0,hold,hold,-187916.0,mm_join_12,0.0,-187916.0,0.0,,,,
worse,round1-day-1,-1,426300,-23,-19,short_20_39,9991,10003,12,9997.0,10002.076923076924,-3.0,cheap,0.8461538461538461,5.0769230769237765,buy_pressure,-5.0,True,shock,1,passive_one_sided_buy,one_sided_mm,0,0,0,10,0,10,0,0,mm_inside_12,mm_inside,-217940.0,mm_inside_20,0.0,-217940.0,0.0,passive_inside_buy,,,
worse,round1-day-1,-1,431400,-23,-23,short_20_39,9998,10007,9,10002.5,10005.411764705883,2.5,rich,0.6470588235294118,2.911764705882888,buy_pressure,-3.5,True,shock,2,passive_two_sided,mm_inside,0,0,0,9,9,9,0,0,hold,hold,-218092.0,mm_join_12,0.0,-218092.0,0.0,,,,
worse,round1-day-1,-1,433600,-19,-19,flat_19,9997,10006,9,10001.5,10003.35294117647,1.5,neutral,0.4117647058823529,1.8529411764702672,buy_pressure,-2.5,False,steady,2,passive_two_sided,mm_inside,0,0,0,12,12,12,0,0,hold,hold,-178104.0,mm_join_12,0.0,-178104.0,0.0,,,,
worse,round1-day-1,-1,434200,-19,-19,flat_19,9996,10006,10,10001.0,10003.058823529413,1.0,neutral,0.4117647058823529,2.0588235294126207,buy_pressure,-3.0,False,steady,1,passive_one_sided_buy,one_sided_mm,0,0,0,12,0,12,0,0,hold,hold,-178104.0,mm_join_12,0.0,-178104.0,0.0,passive_inside_buy,,,
worse,round1-day-1,-1,434300,-19,-19,flat_19,9996,10006,10,10001.0,10004.125,1.0,neutral,0.625,3.125,buy_pressure,0.0,False,steady,1,passive_one_sided_buy,one_sided_mm,0,0,0,12,0,12,0,0,hold,hold,-178104.0,mm_join_12,0.0,-178104.0,0.0,passive_inside_buy,,,
worse,round1-day-1,-1,438300,-21,-21,short_20_39,10003,10014,11,10008.5,10005.444444444445,8.5,rich,-0.5555555555555556,-3.055555555554747,sell_pressure,2.5,True,shock,1,passive_one_sided_sell,one_sided_mm,0,0,0,0,9,0,9,0,sell_take1_16,take1,-198168.0,hold,4.0,-198172.0,4.0,passive_inside_sell,,,
worse,round1-day-1,-1,438400,-21,-21,short_20_39,10003,10014,11,10008.5,10004.466666666667,8.5,rich,-0.7333333333333333,-4.033333333332848,sell_pressure,0.0,True,shock,1,passive_one_sided_sell,one_sided_mm,0,0,0,0,9,0,9,0,sell_take1_16,take1,-198172.0,hold,2.0,-198174.0,2.0,passive_inside_sell,,,
worse,round1-day-1,-1,441900,-20,-20,short_20_39,10004,10014,10,10009.0,10005.875,9.0,rich,-0.625,-3.125,sell_pressure,1.5,True,shock,1,passive_one_sided_sell,one_sided_mm,0,0,0,0,9,0,9,0,sell_take1_16,take1,-188245.0,hold,6.0,-188251.0,6.0,passive_inside_sell,,,
worse,round1-day-1,-1,443900,-20,-20,short_20_39,9997,10007,10,10002.0,10005.461538461539,2.0,rich,0.6923076923076923,3.4615384615390212,buy_pressure,-2.0,False,steady,1,passive_one_sided_buy,one_sided_mm,0,0,0,12,0,12,0,0,hold,hold,-188251.0,mm_join_12,0.0,-188251.0,0.0,passive_inside_buy,,,
worse,round1-day-1,-1,444600,-17,-17,flat_19,9998,10007,9,10002.5,10004.5,2.5,rich,0.4444444444444444,2.0,buy_pressure,-3.5,True,shock,2,passive_two_sided,mm_inside,0,0,0,9,9,9,0,0,hold,hold,-158257.0,mm_join_12,0.0,-158257.0,0.0,,,,
worse,round1-day-1,-1,444700,-17,-17,flat_19,9998,10007,9,10002.5,10004.35294117647,2.5,rich,0.4117647058823529,1.8529411764702672,buy_pressure,0.0,False,steady,2,passive_two_sided,mm_inside,0,0,0,12,12,12,0,0,hold,hold,-158257.0,mm_join_12,0.0,-158257.0,0.0,,,,
worse,round1-day-1,-1,447600,-17,-17,flat_19,9997,10007,10,10002.0,10004.777777777777,2.0,rich,0.5555555555555556,2.7777777777773736,buy_pressure,-2.5,False,steady,1,passive_one_sided_buy,one_sided_mm,0,0,0,12,0,12,0,0,hold,hold,-158257.0,mm_join_12,0.0,-158257.0,0.0,passive_inside_buy,,,
worse,round1-day-1,-1,448500,-17,-17,flat_19,9994,10006,12,10000.0,10003.931034482759,0.0,neutral,0.6551724137931034,3.9310344827590598,buy_pressure,3.0,False,steady,1,passive_one_sided_buy,one_sided_mm,0,0,0,12,0,12,0,0,hold,hold,-158257.0,mm_join_12,0.0,-158257.0,0.0,passive_inside_buy,,,
worse,round1-day-1,-1,451100,-17,-17,flat_19,10001,10012,11,10006.5,10002.833333333334,6.5,rich,-0.6666666666666666,-3.6666666666660603,sell_pressure,2.5,True,shock,1,passive_one_sided_sell,one_sided_mm,0,0,0,0,9,0,9,0,hold,hold,-158257.0,mm_join_12,0.0,-158257.0,0.0,passive_inside_sell,,,
worse,round1-day-1,-1,453300,-10,-10,flat_19,10002,10012,10,10007.0,10004.307692307691,7.0,rich,-0.5384615384615384,-2.692307692308532,sell_pressure,4.0,True,shock,1,passive_one_sided_sell,one_sided_mm,0,0,0,0,9,0,9,0,hold,hold,-88243.0,mm_join_12,0.0,-88243.0,0.0,passive_inside_sell,,,
worse,round1-day-1,-1,455900,-16,-16,flat_19,9991,10003,12,9997.0,10001.222222222223,-3.0,cheap,0.7037037037037037,4.222222222222626,buy_pressure,-5.0,True,shock,1,passive_one_sided_buy,one_sided_mm,0,0,0,10,0,10,0,0,hold,hold,-148321.0,mm_join_12,0.0,-148321.0,0.0,passive_inside_buy,,,
worse,round1-day-1,-1,457900,-16,-25,flat_19,10003,10012,9,10007.5,10005.53125,7.5,rich,-0.4375,-1.96875,sell_pressure,4.0,True,shock,2,take_sell,take1,0,9,9,0,9,0,9,1,sell_take1_16,take1,-148321.0,hold,9.0,-148321.0,0.0,take_b1,,,
worse,round1-day-1,-1,458400,-25,-25,short_20_39,9999,10010,11,10004.5,10001.2,4.5,rich,-0.6,-3.2999999999992724,sell_pressure,2.0,False,steady,1,passive_one_sided_sell,one_sided_mm,0,0,0,0,12,0,12,0,hold,hold,-238348.0,mm_join_12,0.0,-238348.0,0.0,passive_inside_sell,,,
worse,round1-day-1,-1,459800,-25,-25,short_20_39,10000,10013,13,10006.5,10001.392857142857,6.5,rich,-0.7857142857142857,-5.107142857143117,sell_pressure,3.5,True,shock,1,passive_one_sided_sell,one_sided_mm,0,0,0,0,9,0,9,0,hold,hold,-238348.0,mm_join_12,0.0,-238348.0,0.0,passive_inside_sell,,,
worse,round1-day-1,-1,460700,-25,-25,short_20_39,10001,10012,11,10006.5,10004.142857142857,6.5,rich,-0.42857142857142855,-2.357142857143117,sell_pressure,2.5,True,shock,1,passive_one_sided_sell,one_sided_mm,0,0,0,0,9,0,9,0,hold,hold,-238348.0,mm_join_12,0.0,-238348.0,0.0,passive_inside_sell,,,
worse,round1-day-1,-1,462600,-25,-25,short_20_39,10002,10012,10,10007.0,10003.538461538461,7.0,rich,-0.6923076923076923,-3.4615384615390212,sell_pressure,3.0,True,shock,1,passive_one_sided_sell,one_sided_mm,0,0,0,0,9,0,9,0,hold,hold,-238348.0,mm_join_12,0.0,-238348.0,0.0,passive_inside_sell,,,
worse,round1-day-1,-1,464700,-29,-29,short_20_39,10001,10011,10,10006.0,10003.0,6.0,rich,-0.6,-3.0,sell_pressure,3.0,True,shock,1,passive_one_sided_sell,one_sided_mm,0,0,0,0,9,0,9,0,hold,hold,-278368.0,mm_join_12,0.0,-278368.0,0.0,passive_inside_sell,,,
worse,round1-day-1,-1,469200,-34,-34,short_20_39,9999,10010,11,10004.5,10001.315789473685,4.5,rich,-0.5789473684210527,-3.184210526314928,sell_pressure,2.5,False,steady,1,passive_one_sided_sell,one_sided_mm,0,0,0,0,12,0,12,0,hold,hold,-328401.0,mm_join_12,0.0,-328401.0,0.0,passive_inside_sell,,,
worse,round1-day-1,-1,469900,-34,-34,short_20_39,9999,10010,11,10004.5,10000.692307692309,4.5,rich,-0.6923076923076923,-3.807692307691468,sell_pressure,3.5,True,shock,1,passive_one_sided_sell,one_sided_mm,0,0,0,0,9,0,9,0,hold,hold,-328401.0,mm_join_12,0.0,-328401.0,0.0,passive_inside_sell,,,
worse,round1-day-1,-1,471300,-34,-34,short_20_39,9999,10010,11,10004.5,10001.588235294117,4.5,rich,-0.5294117647058824,-2.911764705882888,sell_pressure,2.5,False,steady,1,passive_one_sided_sell,one_sided_mm,0,0,0,0,12,0,12,0,hold,hold,-328401.0,mm_join_12,0.0,-328401.0,0.0,passive_inside_sell,,,
worse,round1-day-1,-1,472800,-34,-34,short_20_39,9998,10009,11,10003.5,10000.75,3.5,rich,-0.5,-2.75,sell_pressure,3.5,True,shock,1,passive_one_sided_sell,one_sided_mm,0,0,0,0,9,0,9,0,hold,hold,-328401.0,mm_join_12,0.0,-328401.0,0.0,passive_inside_sell,,,
worse,round1-day-1,-1,473200,-34,-34,short_20_39,9993,10002,9,9997.5,9999.0,-2.5,cheap,0.3333333333333333,1.5,mixed_pressure,-11.5,True,shock,1,passive_one_sided_sell,one_sided_mm,0,0,0,0,12,0,0,0,hold,hold,-328401.0,mm_join_12,0.0,-328401.0,0.0,passive_inside_sell,,,
worse,round1-day-1,-1,477500,-43,-43,short_40_59,9993,10003,10,9998.0,10001.125,-2.0,cheap,0.625,3.125,buy_pressure,-2.0,False,steady,1,passive_one_sided_sell,one_sided_mm,0,0,0,0,9,0,0,0,hold,hold,-418482.0,mm_join_12,0.0,-418482.0,0.0,passive_inside_sell,,,
worse,round1-day-1,-1,480300,-33,-33,short_20_39,9989,10001,12,9995.0,9999.615384615385,-5.0,cheap,0.7692307692307693,4.615384615384755,buy_pressure,-5.0,True,shock,1,passive_one_sided_buy,one_sided_mm,0,0,0,10,0,10,0,0,buy_take1_16,take1,-318542.0,hold,3.0,-318545.0,3.0,passive_inside_buy,,,
worse,round1-day-1,-1,480400,-33,-33,short_20_39,9997,10007,10,10002.0,9998.25,2.0,rich,-0.75,-3.75,sell_pressure,7.0,True,shock,0,hold,hold,0,0,0,0,0,0,0,0,hold,hold,-318545.0,mm_join_12,0.0,-318545.0,0.0,,,,
worse,round1-day-1,-1,480700,-33,-33,short_20_39,9998,10011,13,10004.5,10000.407407407407,4.5,rich,-0.6296296296296297,-4.092592592593064,sell_pressure,4.5,True,shock,1,passive_one_sided_sell,one_sided_mm,0,0,0,0,9,0,9,0,hold,hold,-318545.0,mm_join_12,0.0,-318545.0,0.0,passive_inside_sell,,,
worse,round1-day-1,-1,481200,-33,-33,short_20_39,9999,10009,10,10004.0,10001.666666666666,4.0,rich,-0.4666666666666667,-2.3333333333339397,sell_pressure,3.0,False,steady,1,passive_one_sided_sell,one_sided_mm,0,0,0,0,12,0,12,0,hold,hold,-318545.0,mm_join_12,0.0,-318545.0,0.0,passive_inside_sell,,,
worse,round1-day-1,-1,481400,-33,-33,short_20_39,9994,10003,9,9998.5,10000.0,-1.5,neutral,0.3333333333333333,1.5,mixed_pressure,-3.5,True,shock,2,passive_two_sided,mm_inside,0,0,0,9,9,9,0,0,hold,hold,-318545.0,mm_join_12,0.0,-318545.0,0.0,,,,
worse,round1-day-1,-1,481500,-33,-33,short_20_39,9993,10003,10,9998.0,10000.5,-2.0,cheap,0.5,2.5,buy_pressure,-0.5,False,steady,1,passive_one_sided_sell,one_sided_mm,0,0,0,0,12,0,0,0,hold,hold,-318545.0,mm_join_12,0.0,-318545.0,0.0,passive_inside_sell,,,
worse,round1-day-1,-1,482100,-33,-33,short_20_39,9994,10003,9,9998.5,10001.615384615385,-1.5,neutral,0.6923076923076923,3.1153846153847553,buy_pressure,-2.5,False,steady,2,passive_two_sided,mm_inside,0,0,0,12,12,12,0,0,hold,hold,-318545.0,mm_join_12,0.0,-318545.0,0.0,,,,
worse,round1-day-1,-1,483500,-33,-33,short_20_39,9992,10002,10,9997.0,9999.857142857143,-3.0,cheap,0.5714285714285714,2.857142857143117,buy_pressure,-5.0,True,shock,1,passive_one_sided_buy,one_sided_mm,0,0,0,10,0,10,0,0,hold,hold,-318545.0,mm_join_12,0.0,-318545.0,0.0,passive_inside_buy,,,
worse,round1-day-1,-1,484900,-37,-37,short_20_39,9993,10002,9,9997.5,9999.75,-2.5,cheap,0.5,2.25,buy_pressure,-3.5,True,shock,1,passive_one_sided_buy,one_sided_mm,0,0,0,10,0,10,0,0,hold,hold,-358577.0,mm_join_12,0.0,-358577.0,0.0,passive_inside_buy,,,
worse,round1-day-1,-1,485100,-37,-37,short_20_39,9993,10003,10,9998.0,10001.75,-2.0,cheap,0.75,3.75,buy_pressure,-3.0,False,steady,1,passive_one_sided_sell,one_sided_mm,0,0,0,0,12,0,0,0,hold,hold,-358577.0,mm_join_12,0.0,-358577.0,0.0,passive_inside_sell,,,
worse,round1-day-1,-1,486600,-43,-43,short_40_59,9994,10003,9,9998.5,10000.75,-1.5,neutral,0.5,2.25,buy_pressure,-2.5,False,steady,2,passive_two_sided,mm_inside,0,0,0,14,9,14,0,0,hold,hold,-418595.0,mm_join_12,0.0,-418595.0,0.0,,,,
worse,round1-day-1,-1,488000,-59,-59,short_40_59,9995,10005,10,10000.0,10001.666666666666,0.0,neutral,0.3333333333333333,1.6666666666660603,mixed_pressure,-3.0,False,steady,2,passive_two_sided,mm_inside,0,0,0,14,9,14,0,0,hold,hold,-578677.0,mm_join_12,0.0,-578677.0,0.0,,,,
worse,round1-day-1,-1,492100,-52,-52,short_40_59,10000,10010,10,10005.0,10001.176470588236,5.0,rich,-0.7647058823529411,-3.823529411763957,sell_pressure,-5.0,True,shock,1,passive_one_sided_sell,one_sided_mm,0,0,0,0,6,0,6,0,hold,hold,-508758.0,mm_join_12,0.0,-508758.0,0.0,passive_inside_sell,,,
worse,round1-day-1,-1,492300,-52,-52,short_40_59,10000,10011,11,10005.5,10001.833333333334,5.5,rich,-0.6666666666666666,-3.6666666666660603,sell_pressure,2.5,False,steady,1,passive_one_sided_sell,one_sided_mm,0,0,0,0,9,0,9,0,hold,hold,-508758.0,mm_join_12,0.0,-508758.0,0.0,passive_inside_sell,,,
worse,round1-day-1,-1,493400,-47,-57,short_40_59,10006,10015,9,10010.5,10008.307692307691,10.5,rich,-0.48717948717948717,-2.192307692308532,sell_pressure,-1.5,True,shock,3,take_sell,take1,0,10,10,11,6,0,6,1,sell_take1_16,take1,-458778.0,hold,34.0,-458778.0,0.0,take_b1,,,
worse,round1-day-1,-1,494100,-57,-57,short_40_59,9998,10007,9,10002.5,10004.923076923076,2.5,rich,0.5384615384615384,2.4230769230762235,buy_pressure,-3.5,True,shock,2,passive_two_sided,mm_inside,0,0,0,11,6,11,0,0,hold,hold,-558838.0,mm_join_12,0.0,-558838.0,0.0,,,,
worse,round1-day-1,-1,495100,-57,-57,short_40_59,9997,10006,9,10001.5,10004.411764705883,1.5,neutral,0.6470588235294118,2.911764705882888,buy_pressure,3.5,True,shock,2,passive_two_sided,mm_inside,0,0,0,14,9,14,0,0,hold,hold,-558838.0,mm_join_12,0.0,-558838.0,0.0,,,,
worse,round1-day-1,-1,495500,-57,-57,short_40_59,10003,10013,10,10008.0,10006.125,8.0,rich,-0.375,-1.875,sell_pressure,4.0,True,shock,2,passive_two_sided,mm_inside,0,0,0,11,6,0,6,0,sell_take1_16,take1,-558838.0,hold,1.0,-558839.0,1.0,,,,
worse,round1-day-1,-1,497500,-51,-51,short_40_59,10001,10012,11,10006.5,10002.833333333334,6.5,rich,-0.6666666666666666,-3.6666666666660603,sell_pressure,3.0,True,shock,1,passive_one_sided_sell,one_sided_mm,0,0,0,0,6,0,6,0,hold,hold,-498935.0,mm_join_12,0.0,-498935.0,0.0,passive_inside_sell,,,
worse,round1-day-1,-1,498000,-42,-42,short_40_59,9994,10006,12,10000.0,10004.285714285714,0.0,neutral,0.7142857142857143,4.285714285713766,buy_pressure,-4.0,True,shock,1,passive_one_sided_buy,one_sided_mm,0,0,0,9,0,9,0,0,hold,hold,-408926.0,mm_join_12,0.0,-408926.0,0.0,passive_inside_buy,,,
worse,round1-day-1,-1,500600,-47,-47,short_40_59,10001,10011,10,10006.0,10003.857142857143,6.0,rich,-0.42857142857142855,-2.142857142856883,sell_pressure,3.0,True,shock,2,passive_two_sided,mm_inside,0,0,0,11,6,0,6,0,hold,hold,-458976.0,mm_join_12,0.0,-458976.0,0.0,,,,
worse,round1-day-1,-1,501100,-47,-47,short_40_59,10000,10013,13,10006.5,10001.625,6.5,rich,-0.75,-4.875,sell_pressure,3.5,True,shock,1,passive_one_sided_sell,one_sided_mm,0,0,0,0,6,0,6,0,hold,hold,-458976.0,mm_join_12,0.0,-458976.0,0.0,passive_inside_sell,,,
worse,round1-day-1,-1,506400,-34,-34,short_20_39,9998,10011,13,10004.5,9999.911764705883,4.5,rich,-0.7058823529411765,-4.588235294117112,sell_pressure,3.5,True,shock,1,passive_one_sided_sell,one_sided_mm,0,0,0,0,9,0,9,0,hold,hold,-329020.0,mm_join_12,0.0,-329020.0,0.0,passive_inside_sell,,,
worse,round1-day-1,-1,507300,-40,-40,short_40_59,9993,10003,10,9998.0,10001.57142857143,-2.0,cheap,0.7142857142857143,3.571428571429351,buy_pressure,-4.5,True,shock,1,passive_one_sided_sell,one_sided_mm,0,0,0,0,9,0,0,0,hold,hold,-389071.0,mm_join_12,0.0,-389071.0,0.0,passive_inside_sell,,,
worse,round1-day-1,-1,507600,-40,-40,short_40_59,9999,10012,13,10005.5,9999.866666666667,5.5,rich,-0.8666666666666667,-5.633333333333212,sell_pressure,3.5,True,shock,1,passive_one_sided_sell,one_sided_mm,0,0,0,0,9,0,9,0,hold,hold,-389071.0,mm_join_12,0.0,-389071.0,0.0,passive_inside_sell,,,
worse,round1-day-1,-1,507800,-40,-40,short_40_59,9992,10004,12,9998.0,10002.222222222223,-2.0,cheap,0.7037037037037037,4.222222222222626,buy_pressure,-4.0,True,shock,1,passive_one_sided_sell,one_sided_mm,0,0,0,0,9,0,0,0,hold,hold,-389071.0,mm_join_12,0.0,-389071.0,0.0,passive_inside_sell,1,9,1.0
worse,round1-day-1,-1,508100,-40,-40,short_40_59,10001,10011,10,10006.0,10002.333333333334,6.0,rich,-0.7333333333333333,-3.6666666666660603,sell_pressure,3.0,True,shock,1,passive_one_sided_sell,one_sided_mm,0,0,0,0,9,0,9,0,hold,hold,-389071.0,mm_join_12,0.0,-389071.0,0.0,passive_inside_sell,,,
worse,round1-day-1,-1,509300,-40,-40,short_40_59,9995,10004,9,9999.5,10002.0,-0.5,neutral,0.5555555555555556,2.5,buy_pressure,-2.0,False,steady,2,passive_two_sided,mm_inside,0,0,0,12,12,12,0,0,hold,hold,-389071.0,mm_join_12,0.0,-389071.0,0.0,,,,
worse,round1-day-1,-1,512400,-45,-45,short_40_59,9996,10005,9,10000.5,10002.5,0.5,neutral,0.4444444444444444,2.0,buy_pressure,-8.0,True,shock,2,passive_two_sided,mm_inside,0,0,0,11,6,11,0,0,hold,hold,-439164.0,mm_join_12,0.0,-439164.0,0.0,,,,
worse,round1-day-1,-1,512600,-45,-45,short_40_59,10002,10012,10,10007.0,10004.631578947368,7.0,rich,-0.47368421052631576,-2.3684210526316747,sell_pressure,3.0,True,shock,1,passive_one_sided_sell,one_sided_mm,0,0,0,0,6,0,6,0,hold,hold,-439164.0,mm_join_12,0.0,-439164.0,0.0,passive_inside_sell,,,
worse,round1-day-1,-1,513500,-45,-45,short_40_59,10002,10012,10,10007.0,10003.875,7.0,rich,-0.625,-3.125,sell_pressure,4.0,True,shock,1,passive_one_sided_sell,one_sided_mm,0,0,0,0,6,0,6,0,hold,hold,-439164.0,mm_join_12,0.0,-439164.0,0.0,passive_inside_sell,,,
worse,round1-day-1,-1,513900,-43,-48,short_40_59,10005,10014,9,10009.5,10006.73076923077,9.5,rich,-0.6153846153846154,-2.7692307692304894,sell_pressure,10.5,True,shock,3,take_sell,take1,0,5,5,11,6,0,6,1,sell_take1_16,take1,-419176.0,hold,15.0,-419176.0,0.0,take_b1,,,
worse,round1-day-1,-1,514800,-48,-48,short_40_59,9996,10006,10,10001.0,10003.368421052632,1.0,neutral,0.47368421052631576,2.3684210526316747,buy_pressure,-3.0,False,steady,2,passive_two_sided,mm_inside,0,0,0,14,9,14,0,0,hold,hold,-469201.0,mm_join_12,0.0,-469201.0,0.0,,,,
worse,round1-day-1,-1,515100,-48,-48,short_40_59,10002,10013,11,10007.5,10004.0625,7.5,rich,-0.625,-3.4375,sell_pressure,2.5,True,shock,1,passive_one_sided_sell,one_sided_mm,0,0,0,0,6,0,6,0,hold,hold,-469201.0,mm_join_12,0.0,-469201.0,0.0,passive_inside_sell,,,
worse,round1-day-1,-1,515300,-48,-48,short_40_59,9996,10006,10,10001.0,10003.058823529413,1.0,neutral,0.4117647058823529,2.0588235294126207,buy_pressure,-3.0,False,steady,2,passive_two_sided,mm_inside,0,0,0,14,9,14,0,0,hold,hold,-469201.0,mm_join_12,0.0,-469201.0,0.0,,,,
worse,round1-day-1,-1,515400,-48,-48,short_40_59,9996,10005,9,10000.5,10002.6,0.5,neutral,0.4666666666666667,2.100000000000364,buy_pressure,-0.5,False,steady,2,passive_two_sided,mm_inside,0,0,0,14,9,14,0,0,hold,hold,-469201.0,mm_join_12,0.0,-469201.0,0.0,,,,
worse,round1-day-1,-1,516400,-48,-48,short_40_59,10002,10012,10,10007.0,10003.333333333334,7.0,rich,-0.7333333333333333,-3.6666666666660603,sell_pressure,2.0,True,shock,1,passive_one_sided_sell,one_sided_mm,0,0,0,0,6,0,6,0,hold,hold,-469201.0,mm_join_12,0.0,-469201.0,0.0,passive_inside_sell,,,
worse,round1-day-1,-1,518200,-54,-54,short_40_59,9996,10006,10,10001.0,10004.333333333334,1.0,neutral,0.6666666666666666,3.3333333333339397,buy_pressure,-3.5,True,shock,2,passive_two_sided,mm_inside,0,0,0,11,6,11,0,0,hold,hold,-529273.0,mm_join_12,0.0,-529273.0,0.0,,,,
worse,round1-day-1,-1,523100,-49,-49,short_40_59,10002,10012,10,10007.0,10005.333333333334,7.0,rich,-0.3333333333333333,-1.6666666666660603,mixed_pressure,3.0,True,shock,2,passive_two_sided,mm_inside,0,0,0,11,6,0,6,0,hold,hold,-479343.0,mm_join_12,0.0,-479343.0,0.0,,,,
worse,round1-day-1,-1,523700,-49,-49,short_40_59,9993,10005,12,9999.0,10003.56,-1.0,neutral,0.76,4.559999999999491,buy_pressure,-12.0,True,shock,2,passive_two_sided,mm_inside,0,0,0,14,9,14,0,0,hold,hold,-479343.0,mm_join_12,0.0,-479343.0,0.0,,,,
worse,round1-day-1,-1,523800,-49,-49,short_40_59,10001,10014,13,10007.5,10002.969696969696,7.5,rich,-0.696969696969697,-4.530303030303912,sell_pressure,8.5,True,shock,1,passive_one_sided_sell,one_sided_mm,0,0,0,0,6,0,6,0,hold,hold,-479343.0,mm_join_12,0.0,-479343.0,0.0,passive_inside_sell,,,
worse,round1-day-1,-1,524700,-59,-59,short_40_59,9995,10005,10,10000.0,10002.142857142857,0.0,neutral,0.42857142857142855,2.142857142856883,buy_pressure,-3.0,False,steady,2,passive_two_sided,mm_inside,0,0,0,14,9,14,0,0,hold,hold,-579453.0,mm_join_12,0.0,-579453.0,0.0,,,,
worse,round1-day-1,-1,526300,-54,-54,short_40_59,9994,10004,10,9999.0,10002.333333333334,-1.0,neutral,0.6666666666666666,3.3333333333339397,buy_pressure,-4.0,True,shock,2,passive_two_sided,mm_inside,0,0,0,11,6,11,0,0,hold,hold,-529473.0,mm_join_12,0.0,-529473.0,0.0,,,,
worse,round1-day-1,-1,527500,-54,-54,short_40_59,9993,10005,12,9999.0,10003.615384615385,-1.0,neutral,0.7692307692307693,4.615384615384755,buy_pressure,-4.0,True,shock,2,passive_two_sided,mm_inside,0,0,0,11,6,11,0,0,hold,hold,-529473.0,mm_join_12,0.0,-529473.0,0.0,,,,
worse,round1-day-1,-1,528500,-59,-59,short_40_59,10000,10010,10,10005.0,10002.631578947368,5.0,rich,-0.47368421052631576,-2.3684210526316747,sell_pressure,3.0,False,steady,1,passive_one_sided_sell,one_sided_mm,0,0,0,0,9,0,9,0,hold,hold,-579523.0,mm_join_12,0.0,-579523.0,0.0,passive_inside_sell,,,
worse,round1-day-1,-1,533600,-76,-76,short_60_plus,9995,10004,9,9999.5,10001.0,-0.5,neutral,0.3333333333333333,1.5,mixed_pressure,-4.5,True,shock,2,passive_two_sided,mm_inside,0,0,0,11,4,11,0,0,hold,hold,-749625.0,mm_join_12,0.0,-749625.0,0.0,,,,
worse,round1-day-1,-1,535300,-74,-74,short_60_plus,9994,10004,10,9999.0,10001.058823529413,-1.0,neutral,0.4117647058823529,2.0588235294126207,buy_pressure,-3.0,False,steady,2,passive_two_sided,mm_inside,0,0,0,14,6,14,0,0,hold,hold,-729635.0,mm_join_12,0.0,-729635.0,0.0,,,,
worse,round1-day-1,-1,537300,-65,-65,short_60_plus,9993,10003,10,9998.0,10000.777777777777,-2.0,cheap,0.5555555555555556,2.7777777777773736,buy_pressure,-3.0,False,steady,1,passive_one_sided_sell,one_sided_mm,0,0,0,0,9,0,0,0,hold,hold,-639680.0,mm_join_12,0.0,-639680.0,0.0,passive_inside_sell,,,
worse,round1-day-1,-1,538300,-65,-63,short_60_plus,9991,10001,10,9996.0,9999.666666666666,-4.0,cheap,0.7333333333333333,3.6666666666660603,buy_pressure,-3.0,False,steady,2,clear_buy,take1,2,0,2,15,0,15,0,1,buy_take1_16,take1,-639680.0,hold,2.0,-639680.0,0.0,take_a1,,,
worse,round1-day-1,-1,546700,-52,-48,short_40_59,9986,9998,12,9992.0,9996.545454545454,-8.0,cheap,0.7575757575757576,4.545454545454049,buy_pressure,-5.0,True,shock,2,clear_buy,take1,4,0,4,12,0,12,0,1,buy_take1_16,take1,-509841.0,hold,16.0,-509841.0,0.0,take_a1,,,
worse,round1-day-1,-1,549100,-46,-46,short_40_59,9989,9999,10,9994.0,9996.5,-6.0,cheap,0.5,2.5,buy_pressure,-4.0,True,shock,1,passive_one_sided_buy,one_sided_mm,0,0,0,12,0,12,0,0,buy_take1_16,take1,-449923.0,hold,12.0,-449935.0,12.0,passive_inside_buy,,,
worse,round1-day-1,-1,552200,-56,-56,short_40_59,9996,10009,13,10002.5,9997.392857142857,2.5,rich,-0.7857142857142857,-5.107142857143117,sell_pressure,4.5,True,shock,2,passive_two_sided,mm_inside,0,0,0,11,6,11,6,0,hold,hold,-549975.0,mm_join_12,0.0,-549975.0,0.0,,,,
worse,round1-day-1,-1,553300,-56,-56,short_40_59,9996,10006,10,10001.0,9997.176470588236,1.0,neutral,-0.7647058823529411,-3.823529411763957,sell_pressure,3.0,False,steady,1,passive_one_sided_sell,one_sided_mm,0,0,0,0,9,0,9,0,hold,hold,-549975.0,mm_join_12,0.0,-549975.0,0.0,passive_inside_sell,,,
worse,round1-day-1,-1,555500,-56,-56,short_40_59,9997,10007,10,10002.0,9999.857142857143,2.0,rich,-0.42857142857142855,-2.142857142856883,sell_pressure,3.5,True,shock,1,passive_one_sided_sell,one_sided_mm,0,0,0,0,6,0,6,0,hold,hold,-549975.0,mm_join_12,0.0,-549975.0,0.0,passive_inside_sell,,,
worse,round1-day-1,-1,556800,-56,-51,short_40_59,9990,10000,10,9995.0,9997.368421052632,-5.0,cheap,0.47368421052631576,2.3684210526316747,buy_pressure,-12.0,True,shock,2,clear_buy,take1,5,0,5,12,0,12,0,1,buy_take1_16,take1,-549975.0,hold,10.0,-549975.0,0.0,take_a1,,,
worse,round1-day-1,-1,558100,-51,-49,short_40_59,9989,9999,10,9994.0,9997.333333333334,-6.0,cheap,0.6666666666666666,3.3333333333339397,buy_pressure,-3.0,True,shock,2,clear_buy,take1,2,0,2,12,0,12,0,1,buy_take1_16,take1,-499975.0,hold,6.0,-499975.0,0.0,take_a1,,,
worse,round1-day-1,-1,558700,-49,-45,short_40_59,9990,9999,9,9994.5,9996.882352941177,-5.5,cheap,0.5294117647058824,2.3823529411765776,buy_pressure,-2.5,False,steady,2,clear_buy,take1,4,0,4,15,0,15,0,1,buy_take1_16,take1,-479977.0,hold,12.0,-479977.0,0.0,take_a1,,,
worse,round1-day-1,-1,559500,-45,-45,short_40_59,9988,9998,10,9993.0,9995.777777777777,-7.0,cheap,0.5555555555555556,2.7777777777773736,buy_pressure,-5.0,True,shock,1,passive_one_sided_buy,one_sided_mm,0,0,0,12,0,12,0,0,buy_take1_16,take1,-439981.0,hold,16.0,-439997.0,16.0,passive_inside_buy,,,
worse,round1-day-1,-1,559700,-45,-45,short_40_59,9989,9998,9,9993.5,9995.923076923076,-6.5,cheap,0.5384615384615384,2.4230769230762235,buy_pressure,-3.5,True,shock,1,passive_one_sided_buy,one_sided_mm,0,0,0,12,0,12,0,0,buy_take1_16,take1,-439997.0,hold,12.0,-440009.0,12.0,passive_inside_buy,,,
worse,round1-day-1,-1,562800,-43,-43,short_40_59,9993,10006,13,9999.5,9994.5,-0.5,neutral,-0.7692307692307693,-5.0,sell_pressure,3.5,True,shock,1,passive_one_sided_sell,one_sided_mm,0,0,0,0,6,0,6,0,hold,hold,-420029.0,mm_join_12,0.0,-420029.0,0.0,passive_inside_sell,,,
worse,round1-day-1,-1,564200,-43,-43,short_40_59,9987,9997,10,9992.0,9993.875,-8.0,cheap,0.375,1.875,buy_pressure,-4.0,True,shock,1,passive_one_sided_buy,one_sided_mm,0,0,0,12,0,12,0,0,buy_take1_16,take1,-420029.0,hold,25.0,-420054.0,25.0,passive_inside_buy,,,
worse,round1-day-1,-1,565100,-39,-39,short_20_39,9993,10004,11,9998.5,9995.588235294117,-1.5,neutral,-0.5294117647058824,-2.911764705882888,sell_pressure,2.5,False,steady,1,passive_one_sided_sell,one_sided_mm,0,0,0,0,12,0,12,0,hold,hold,-380102.0,mm_join_12,0.0,-380102.0,0.0,passive_inside_sell,,,
worse,round1-day-1,-1,565300,-39,-39,short_20_39,9993,10004,11,9998.5,9995.357142857143,-1.5,neutral,-0.5714285714285714,-3.142857142856883,sell_pressure,4.0,True,shock,1,passive_one_sided_sell,one_sided_mm,0,0,0,0,9,0,9,0,hold,hold,-380102.0,mm_join_12,0.0,-380102.0,0.0,passive_inside_sell,,,
worse,round1-day-1,-1,566500,-33,-33,short_20_39,9993,10004,11,9998.5,9995.538461538461,-1.5,neutral,-0.5384615384615384,-2.9615384615390212,sell_pressure,-4.5,True,shock,1,passive_one_sided_sell,one_sided_mm,0,0,0,0,12,0,12,0,hold,hold,-320144.0,mm_join_12,0.0,-320144.0,0.0,passive_inside_sell,,,
worse,round1-day-1,-1,566900,-33,-33,short_20_39,9993,10004,11,9998.5,9996.4375,-1.5,neutral,-0.375,-2.0625,sell_pressure,4.0,True,shock,2,passive_two_sided,mm_inside,0,0,0,9,9,9,0,0,hold,hold,-320144.0,mm_join_12,0.0,-320144.0,0.0,,,,
worse,round1-day-1,-1,571100,-14,-14,flat_19,9993,10002,9,9997.5,10000.3125,-2.5,cheap,0.625,2.8125,buy_pressure,-2.5,False,steady,1,passive_one_sided_buy,one_sided_mm,0,0,0,13,0,13,0,0,hold,hold,-130250.0,mm_join_12,0.0,-130250.0,0.0,passive_inside_buy,,,
worse,round1-day-1,-1,572300,-19,-19,flat_19,9997,10007,10,10002.0,10000.333333333334,2.0,rich,-0.3333333333333333,-1.6666666666660603,mixed_pressure,-5.0,True,shock,1,passive_one_sided_buy,one_sided_mm,0,0,0,12,0,0,0,0,hold,hold,-180285.0,mm_join_12,0.0,-180285.0,0.0,passive_inside_buy,,,
worse,round1-day-1,-1,573700,-20,-20,short_20_39,9991,10001,10,9996.0,9999.333333333334,-4.0,cheap,0.6666666666666666,3.3333333333339397,buy_pressure,-3.0,False,steady,1,passive_one_sided_buy,one_sided_mm,0,0,0,13,0,13,0,0,buy_take1_16,take1,-190364.0,hold,3.0,-190367.0,3.0,passive_inside_buy,,,
worse,round1-day-1,-1,574200,-20,-20,short_20_39,9993,10002,9,9997.5,9999.923076923076,-2.5,cheap,0.5384615384615384,2.4230769230762235,buy_pressure,-4.0,True,shock,1,passive_one_sided_buy,one_sided_mm,0,0,0,10,0,10,0,0,hold,hold,-190367.0,mm_join_12,0.0,-190367.0,0.0,passive_inside_buy,,,
worse,round1-day-1,-1,577600,-19,-19,flat_19,9997,10010,13,10003.5,9998.695652173914,3.5,rich,-0.7391304347826086,-4.804347826086087,sell_pressure,5.0,True,shock,1,passive_one_sided_sell,one_sided_mm,0,0,0,0,9,0,9,0,hold,hold,-180400.0,mm_join_12,0.0,-180400.0,0.0,passive_inside_sell,,,
worse,round1-day-1,-1,580500,-13,-13,flat_19,9996,10006,10,10001.0,9998.666666666666,1.0,neutral,-0.4666666666666667,-2.3333333333339397,sell_pressure,3.5,True,shock,1,passive_one_sided_sell,one_sided_mm,0,0,0,0,9,0,9,0,hold,hold,-120418.0,mm_join_12,0.0,-120418.0,0.0,passive_inside_sell,,,
worse,round1-day-1,-1,580700,-13,-13,flat_19,9996,10007,11,10001.5,9997.833333333334,1.5,neutral,-0.6666666666666666,-3.6666666666660603,sell_pressure,2.5,False,steady,1,passive_one_sided_sell,one_sided_mm,0,0,0,0,12,0,12,0,hold,hold,-120418.0,mm_join_12,0.0,-120418.0,0.0,passive_inside_sell,,,
worse,round1-day-1,-1,581300,-7,-7,flat_19,9997,10007,10,10002.0,9999.105263157895,2.0,rich,-0.5789473684210527,-2.894736842104976,sell_pressure,-5.0,True,shock,1,passive_one_sided_buy,one_sided_mm,0,0,0,12,0,12,0,0,hold,hold,-60478.0,mm_join_12,0.0,-60478.0,0.0,passive_inside_buy,,,
worse,round1-day-1,-1,586900,-15,-15,flat_19,9998,10011,13,10004.5,9999.344827586207,4.5,rich,-0.7931034482758621,-5.15517241379348,sell_pressure,3.5,True,shock,1,passive_one_sided_sell,one_sided_mm,0,0,0,0,9,0,9,0,hold,hold,-140510.0,mm_join_12,0.0,-140510.0,0.0,passive_inside_sell,,,
worse,round1-day-1,-1,587400,-21,-21,short_20_39,9998,10008,10,10003.0,10000.0,3.0,rich,-0.6,-3.0,sell_pressure,3.0,False,steady,1,passive_one_sided_sell,one_sided_mm,0,0,0,0,12,0,12,0,hold,hold,-200552.0,mm_join_12,0.0,-200552.0,0.0,passive_inside_sell,,,
worse,round1-day-1,-1,588000,-21,-21,short_20_39,9997,10010,13,10003.5,9998.925925925925,3.5,rich,-0.7037037037037037,-4.574074074074815,sell_pressure,4.5,True,shock,1,passive_one_sided_sell,one_sided_mm,0,0,0,0,9,0,9,0,hold,hold,-200552.0,mm_join_12,0.0,-200552.0,0.0,passive_inside_sell,,,
worse,round1-day-1,-1,588200,-21,-21,short_20_39,9990,10002,12,9996.0,10001.454545454546,-4.0,cheap,0.9090909090909091,5.454545454545951,buy_pressure,-3.0,False,steady,1,passive_one_sided_buy,one_sided_mm,0,0,0,13,0,13,0,0,hold,hold,-200552.0,mm_join_12,0.0,-200552.0,0.0,passive_inside_buy,,,
worse,round1-day-1,-1,591900,-11,-11,flat_19,9993,10002,9,9997.5,10000.5,-2.5,cheap,0.6666666666666666,3.0,buy_pressure,-11.5,True,shock,1,passive_one_sided_buy,one_sided_mm,0,0,0,13,0,13,0,0,hold,hold,-100610.0,mm_join_12,0.0,-100610.0,0.0,passive_inside_buy,,,
worse,round1-day-1,-1,594500,0,0,flat_19,9994,10005,11,9999.5,9997.142857142857,-0.5,neutral,-0.42857142857142855,-2.357142857143117,sell_pressure,2.5,False,steady,1,passive_one_sided_sell,one_sided_mm,0,0,0,0,12,0,12,0,hold,hold,9295.0,mm_join_12,0.0,9295.0,0.0,passive_inside_sell,,,
worse,round1-day-1,-1,595300,0,0,flat_19,9995,10006,11,10000.5,9996.692307692309,0.5,neutral,-0.6923076923076923,-3.807692307691468,sell_pressure,3.5,True,shock,1,passive_one_sided_sell,one_sided_mm,0,0,0,0,9,0,9,0,hold,hold,9295.0,mm_join_12,0.0,9295.0,0.0,passive_inside_sell,,,
worse,round1-day-1,-1,596200,9,9,flat_19,9989,9999,10,9994.0,9996.894736842105,-6.0,cheap,0.5789473684210527,2.894736842104976,buy_pressure,-5.0,True,shock,1,passive_one_sided_buy,one_sided_mm,0,0,0,10,0,10,0,0,buy_take1_16,take1,99214.0,hold,12.0,99202.0,12.0,passive_inside_buy,,,
worse,round1-day-1,-1,597200,0,0,flat_19,9995,10006,11,10000.5,9996.941176470587,0.5,neutral,-0.6470588235294118,-3.5588235294126207,sell_pressure,2.5,False,steady,1,passive_one_sided_sell,one_sided_mm,0,0,0,0,12,0,12,0,hold,hold,9177.0,mm_join_12,0.0,9177.0,0.0,passive_inside_sell,,,
worse,round1-day-1,-1,600100,2,2,flat_19,9998,10008,10,10003.0,9999.666666666666,3.0,rich,-0.6666666666666666,-3.3333333333339397,sell_pressure,3.0,False,steady,1,passive_one_sided_sell,one_sided_mm,0,0,0,0,12,0,12,0,hold,hold,29053.0,mm_join_12,0.0,29053.0,0.0,passive_inside_sell,,,
worse,round1-day-1,-1,602100,2,2,flat_19,10001,10010,9,10005.5,10002.058823529413,5.5,rich,-0.7647058823529411,-3.4411764705873793,sell_pressure,4.5,True,shock,1,passive_one_sided_sell,one_sided_mm,0,0,0,0,9,0,9,0,hold,hold,29053.0,mm_join_12,0.0,29053.0,0.0,passive_inside_sell,,,
worse,round1-day-1,-1,602300,2,2,flat_19,9997,10008,11,10002.5,10000.666666666666,2.5,rich,-0.3333333333333333,-1.8333333333339397,mixed_pressure,4.0,True,shock,1,passive_one_sided_buy,one_sided_mm,0,0,0,9,0,0,0,0,hold,hold,29053.0,mm_join_12,0.0,29053.0,0.0,passive_inside_buy,,,
worse,round1-day-1,-1,602400,2,2,flat_19,9992,10001,9,9996.5,9999.615384615385,-3.5,cheap,0.6923076923076923,3.1153846153847553,buy_pressure,-6.0,True,shock,1,passive_one_sided_buy,one_sided_mm,0,0,0,10,0,10,0,0,buy_take1_16,take1,29053.0,hold,6.0,29047.0,6.0,passive_inside_buy,,,
worse,round1-day-1,-1,603100,2,2,flat_19,9997,10007,10,10002.0,9998.176470588236,2.0,rich,-0.7647058823529411,-3.823529411763957,sell_pressure,1.0,False,steady,1,passive_one_sided_buy,one_sided_mm,0,0,0,12,0,0,0,0,hold,hold,29047.0,mm_join_12,0.0,29047.0,0.0,passive_inside_buy,,,
worse,round1-day-1,-1,606400,3,3,flat_19,9997,10007,10,10002.0,9998.666666666666,2.0,rich,-0.6666666666666666,-3.3333333333339397,sell_pressure,3.0,False,steady,1,passive_one_sided_buy,one_sided_mm,0,0,0,12,0,0,0,0,hold,hold,38970.0,mm_join_12,0.0,38970.0,0.0,passive_inside_buy,,,
worse,round1-day-1,-1,606600,3,3,flat_19,9996,10007,11,10001.5,9999.4375,1.5,neutral,-0.375,-2.0625,sell_pressure,2.5,False,steady,1,passive_one_sided_sell,one_sided_mm,0,0,0,0,12,0,12,0,hold,hold,38970.0,mm_join_12,0.0,38970.0,0.0,passive_inside_sell,,,
worse,round1-day-1,-1,609900,1,1,flat_19,9994,10003,9,9998.5,10000.882352941177,-1.5,neutral,0.5294117647058824,2.3823529411765776,buy_pressure,-2.5,False,steady,2,passive_two_sided,mm_inside,0,0,0,12,12,12,0,0,buy_take1_16,take1,18956.0,hold,4.0,18952.0,4.0,,,,
worse,round1-day-1,-1,611900,5,5,flat_19,9995,10007,12,10001.0,10005.615384615385,1.0,neutral,0.7692307692307693,4.615384615384755,buy_pressure,10001.0,True,shock,1,passive_one_sided_buy,one_sided_mm,0,0,0,12,0,12,0,0,hold,hold,58844.0,mm_join_12,0.0,58844.0,0.0,passive_inside_buy,,,
worse,round1-day-1,-1,613700,5,5,flat_19,9996,10005,9,10000.5,10002.35294117647,0.5,neutral,0.4117647058823529,1.8529411764702672,buy_pressure,-3.5,True,shock,2,passive_two_sided,mm_inside,0,0,0,9,9,9,0,0,hold,hold,58844.0,mm_join_12,0.0,58844.0,0.0,,,,
worse,round1-day-1,-1,615600,10,10,flat_19,9995,10005,10,10000.0,10002.058823529413,0.0,neutral,0.4117647058823529,2.0588235294126207,buy_pressure,-2.5,False,steady,1,passive_one_sided_buy,one_sided_mm,0,0,0,12,0,12,0,0,hold,hold,108824.0,mm_join_12,0.0,108824.0,0.0,passive_inside_buy,,,
worse,round1-day-1,-1,615700,10,6,flat_19,10005,10014,9,10009.5,10006.44,9.5,rich,-0.68,-3.0599999999994907,sell_pressure,9.5,True,shock,2,clear_sell,take1,0,4,4,0,9,0,9,1,sell_take1_16,take1,108824.0,hold,4.0,108824.0,0.0,take_b1,,,
worse,round1-day-1,-1,617400,11,11,flat_19,9991,10003,12,9997.0,10001.588235294117,-3.0,cheap,0.7647058823529411,4.588235294117112,buy_pressure,-6.5,True,shock,1,passive_one_sided_buy,one_sided_mm,0,0,0,10,0,10,0,0,buy_take1_16,take1,118799.0,hold,4.0,118795.0,4.0,passive_inside_buy,,,
worse,round1-day-1,-1,617500,11,11,flat_19,9994,10003,9,9998.5,10000.5,-1.5,neutral,0.4444444444444444,2.0,buy_pressure,1.5,False,steady,2,passive_two_sided,mm_inside,0,0,0,12,12,12,0,0,buy_take1_16,take1,118795.0,hold,5.0,118790.0,5.0,,,,
worse,round1-day-1,-1,619200,5,5,flat_19,9999,10010,11,10004.5,10001.315789473685,4.5,rich,-0.5789473684210527,-3.184210526314928,sell_pressure,-4.5,True,shock,1,passive_one_sided_sell,one_sided_mm,0,0,0,0,9,0,9,0,hold,hold,58736.0,mm_join_12,0.0,58736.0,0.0,passive_inside_sell,,,
worse,round1-day-1,-1,622700,20,20,long_20_39,10001,10011,10,10006.0,10002.25,6.0,rich,-0.75,-3.75,sell_pressure,2.0,True,shock,1,passive_one_sided_sell,one_sided_mm,0,0,0,0,9,0,9,0,hold,hold,208697.0,mm_join_12,0.0,208697.0,0.0,passive_inside_sell,,,
worse,round1-day-1,-1,624000,18,18,flat_19,10002,10012,10,10007.0,10004.666666666666,7.0,rich,-0.4666666666666667,-2.3333333333339397,sell_pressure,-5.0,True,shock,1,passive_one_sided_sell,one_sided_mm,0,0,0,0,9,0,9,0,hold,hold,188689.0,mm_join_12,0.0,188689.0,0.0,passive_inside_sell,,,
worse,round1-day-1,-1,624900,18,18,flat_19,9996,10005,9,10000.5,10003.2,0.5,neutral,0.6,2.7000000000007276,buy_pressure,-3.0,False,steady,2,passive_two_sided,mm_inside,0,0,0,12,12,12,0,0,hold,hold,188689.0,mm_join_12,0.0,188689.0,0.0,,,,
worse,round1-day-1,-1,625500,18,18,flat_19,9994,10004,10,9999.0,10001.5,-1.0,neutral,0.5,2.5,buy_pressure,-3.0,False,steady,1,passive_one_sided_buy,one_sided_mm,0,0,0,12,0,12,0,0,hold,hold,188689.0,mm_join_12,0.0,188689.0,0.0,passive_inside_buy,,,
worse,round1-day-1,-1,628800,15,15,flat_19,9999,10010,11,10004.5,10001.933333333332,4.5,rich,-0.4666666666666667,-2.5666666666675155,sell_pressure,2.5,False,steady,1,passive_one_sided_sell,one_sided_mm,0,0,0,0,12,0,12,0,hold,hold,158601.0,mm_join_12,0.0,158601.0,0.0,passive_inside_sell,,,
worse,round1-day-1,-1,636500,20,14,long_20_39,10002,10013,11,10007.5,10003.29411764706,7.5,rich,-0.7647058823529411,-4.2058823529405345,sell_pressure,2.5,True,shock,1,passive_one_sided_sell,one_sided_mm,0,0,0,0,9,0,9,0,mm_inside_12,mm_inside,208606.0,mm_inside_20,0.0,208606.0,0.0,passive_inside_sell,,,
worse,round1-day-1,-1,636600,14,14,flat_19,9996,10006,10,10001.0,10004.57142857143,1.0,neutral,0.7142857142857143,3.571428571429351,buy_pressure,-6.5,True,shock,1,passive_one_sided_buy,one_sided_mm,0,0,0,9,0,9,0,0,hold,hold,148534.0,mm_join_12,0.0,148534.0,0.0,passive_inside_buy,,,
worse,round1-day-1,-1,638800,9,9,flat_19,9996,10005,9,10000.5,10003.07142857143,0.5,neutral,0.5714285714285714,2.571428571429351,buy_pressure,-3.0,False,steady,2,passive_two_sided,mm_inside,0,0,0,12,12,12,0,0,hold,hold,98448.0,mm_join_12,0.0,98448.0,0.0,,,,
worse,round1-day-1,-1,643000,16,16,flat_19,9995,10005,10,10000.0,10002.64705882353,0.0,neutral,0.5294117647058824,2.6470588235297328,buy_pressure,-12.0,True,shock,1,passive_one_sided_buy,one_sided_mm,0,0,0,12,0,12,0,0,buy_take1_16,take1,168455.0,hold,2.0,168453.0,2.0,passive_inside_buy,,,
worse,round1-day-1,-1,644700,8,8,flat_19,10002,10012,10,10007.0,10003.25,7.0,rich,-0.75,-3.75,sell_pressure,2.0,True,shock,1,passive_one_sided_sell,one_sided_mm,0,0,0,0,9,0,9,0,hold,hold,88267.0,mm_join_12,0.0,88267.0,0.0,passive_inside_sell,,,
worse,round1-day-1,-1,649200,-1,-1,flat_19,9998,10008,10,10003.0,10005.142857142857,3.0,rich,0.42857142857142855,2.142857142856883,buy_pressure,-5.0,True,shock,1,passive_one_sided_buy,one_sided_mm,0,0,0,9,0,9,0,0,hold,hold,-1855.0,mm_join_12,0.0,-1855.0,0.0,passive_inside_buy,,,
worse,round1-day-1,-1,654700,-9,-9,flat_19,10003,10014,11,10008.5,10005.933333333332,8.5,rich,-0.4666666666666667,-2.5666666666675155,sell_pressure,10.5,True,shock,1,passive_one_sided_sell,one_sided_mm,0,0,0,0,9,0,9,0,hold,hold,-82123.0,mm_join_12,0.0,-82123.0,0.0,passive_inside_sell,,,
worse,round1-day-1,-1,655700,-9,-9,flat_19,9997,10007,10,10002.0,10005.235294117647,2.0,rich,0.6470588235294118,3.235294117646845,buy_pressure,-3.0,False,steady,1,passive_one_sided_buy,one_sided_mm,0,0,0,12,0,12,0,0,hold,hold,-82123.0,mm_join_12,0.0,-82123.0,0.0,passive_inside_buy,,,
worse,round1-day-1,-1,658300,-14,-14,flat_19,10006,10016,10,10011.0,10009.333333333334,11.0,rich,-0.3333333333333333,-1.6666666666660603,mixed_pressure,3.0,True,shock,1,passive_one_sided_buy,one_sided_mm,0,0,0,9,0,0,0,0,sell_take1_16,take1,-132206.0,hold,2.0,-132208.0,2.0,passive_inside_buy,,,
worse,round1-day-1,-1,659600,-14,-10,flat_19,10001,10011,10,10006.0,10009.823529411764,6.0,rich,0.7647058823529411,3.823529411763957,buy_pressure,-3.0,True,shock,1,passive_one_sided_buy,one_sided_mm,0,0,0,9,0,9,0,0,mm_inside_12,mm_inside,-132208.0,mm_inside_20,0.0,-132208.0,0.0,passive_inside_buy,,,
worse,round1-day-1,-1,659800,-10,-10,flat_19,10001,10011,10,10006.0,10008.333333333334,6.0,rich,0.4666666666666667,2.3333333333339397,buy_pressure,-3.0,True,shock,1,passive_one_sided_buy,one_sided_mm,0,0,0,9,0,9,0,0,hold,hold,-92200.0,mm_join_12,0.0,-92200.0,0.0,passive_inside_buy,,,
worse,round1-day-1,-1,661500,-14,-14,flat_19,10006,10017,11,10011.5,10007.466666666667,11.5,rich,-0.7333333333333333,-4.033333333332848,sell_pressure,2.5,True,shock,1,passive_one_sided_sell,one_sided_mm,0,0,0,0,9,0,9,0,sell_take1_16,take1,-132308.0,hold,4.0,-132312.0,4.0,passive_inside_sell,,,
worse,round1-day-1,-1,664800,-22,-22,short_20_39,10000,10009,9,10004.5,10006.923076923076,4.5,rich,0.5384615384615384,2.4230769230762235,buy_pressure,-3.5,True,shock,2,passive_two_sided,mm_inside,0,0,0,9,9,9,0,0,hold,hold,-212503.0,mm_join_12,0.0,-212503.0,0.0,,,,
worse,round1-day-1,-1,665300,-22,-22,short_20_39,10001,10010,9,10005.5,10007.631578947368,5.5,rich,0.47368421052631576,2.1315789473683253,buy_pressure,-2.5,False,steady,2,passive_two_sided,mm_inside,0,0,0,12,12,12,0,0,hold,hold,-212503.0,mm_join_12,0.0,-212503.0,0.0,,,,
worse,round1-day-1,-1,666300,-14,-14,flat_19,10006,10017,11,10011.5,10008.894736842105,11.5,rich,-0.47368421052631576,-2.605263157895024,sell_pressure,4.0,True,shock,1,passive_one_sided_sell,one_sided_mm,0,0,0,0,9,0,9,0,sell_take1_16,take1,-132487.0,hold,4.0,-132491.0,4.0,passive_inside_sell,,,
worse,round1-day-1,-1,668100,-35,-35,short_20_39,10002,10011,9,10006.5,10008.42857142857,6.5,rich,0.42857142857142855,1.928571428570649,buy_pressure,-3.5,True,shock,2,passive_two_sided,mm_inside,0,0,0,9,9,9,0,0,hold,hold,-342646.0,mm_join_12,0.0,-342646.0,0.0,,,,
worse,round1-day-1,-1,672400,-79,-79,short_60_plus,10003,10012,9,10007.5,10010.8,7.5,rich,0.7333333333333333,3.2999999999992724,buy_pressure,-1.5,True,shock,2,passive_two_sided,mm_inside,0,0,0,11,1,11,0,0,hold,hold,-783056.0,mm_join_12,0.0,-783056.0,0.0,,,,
worse,round1-day-1,-1,673900,-80,-80,short_60_plus,10001,10011,10,10006.0,10009.666666666666,6.0,rich,0.7333333333333333,3.6666666666660603,buy_pressure,-12.0,True,shock,1,passive_one_sided_buy,one_sided_mm,0,0,0,11,0,11,0,0,hold,hold,-793073.0,mm_join_12,0.0,-793073.0,0.0,passive_inside_buy,,,
worse,round1-day-1,-1,675900,-80,-80,short_60_plus,10007,10018,11,10012.5,10010.055555555555,12.5,rich,-0.4444444444444444,-2.444444444445253,sell_pressure,3.0,True,shock,0,hold,hold,0,0,0,0,0,0,0,0,hold,hold,-793073.0,mm_join_12,0.0,-793073.0,0.0,,,,
worse,round1-day-1,-1,676500,-80,-80,short_60_plus,10007,10017,10,10012.0,10010.333333333334,12.0,rich,-0.3333333333333333,-1.6666666666660603,mixed_pressure,3.0,True,shock,0,hold,hold,0,0,0,0,0,0,0,0,hold,hold,-793073.0,mm_join_12,0.0,-793073.0,0.0,,,,
worse,round1-day-1,-1,677200,-80,-80,short_60_plus,9997,10009,12,10003.0,10007.4,3.0,rich,0.7333333333333333,4.399999999999636,buy_pressure,-5.0,True,shock,1,passive_one_sided_buy,one_sided_mm,0,0,0,11,0,11,0,0,buy_take1_16,take1,-793073.0,hold,3.0,-793076.0,3.0,passive_inside_buy,,,
worse,round1-day-1,-1,677600,-72,-72,short_60_plus,10000,10009,9,10004.5,10007.07142857143,4.5,rich,0.5714285714285714,2.571428571429351,buy_pressure,-2.5,False,steady,2,passive_two_sided,mm_inside,0,0,0,14,8,14,0,0,hold,hold,-713076.0,mm_join_12,0.0,-713076.0,0.0,,,,
worse,round1-day-1,-1,678000,-72,-72,short_60_plus,10006,10016,10,10011.0,10008.307692307691,11.0,rich,-0.5384615384615384,-2.692307692308532,sell_pressure,3.0,True,shock,1,passive_one_sided_sell,one_sided_mm,0,0,0,0,6,0,6,0,hold,hold,-713076.0,mm_join_12,0.0,-713076.0,0.0,passive_inside_sell,,,
worse,round1-day-1,-1,679700,-63,-63,short_60_plus,9998,10008,10,10003.0,10005.5,3.0,rich,0.5,2.5,buy_pressure,1.5,False,steady,2,passive_two_sided,mm_inside,0,0,0,14,9,14,0,0,buy_take1_16,take1,-623040.0,hold,16.0,-623056.0,16.0,,,,
worse,round1-day-1,-1,680600,-69,-69,short_60_plus,9999,10009,10,10004.0,10005.875,4.0,rich,0.375,1.875,buy_pressure,-2.0,False,steady,2,passive_two_sided,mm_inside,0,0,0,14,9,14,0,0,buy_take1_16,take1,-683152.0,hold,19.0,-683171.0,19.0,,,,
worse,round1-day-1,-1,681600,-69,-69,short_60_plus,10005,10015,10,10010.0,10008.333333333334,10.0,rich,-0.3333333333333333,-1.6666666666660603,mixed_pressure,3.0,True,shock,2,passive_two_sided,mm_inside,0,0,0,11,6,0,6,0,hold,hold,-683171.0,mm_join_12,0.0,-683171.0,0.0,,,,
worse,round1-day-1,-1,683100,-69,-69,short_60_plus,10000,10009,9,10004.5,10007.411764705883,4.5,rich,0.6470588235294118,2.911764705882888,buy_pressure,-3.5,True,shock,2,passive_two_sided,mm_inside,0,0,0,11,6,11,0,0,buy_take1_16,take1,-683171.0,hold,7.0,-683178.0,7.0,,,,
worse,round1-day-1,-1,685600,-75,-75,short_60_plus,10006,10016,10,10011.0,10008.0,11.0,rich,-0.6,-3.0,sell_pressure,3.0,True,shock,1,passive_one_sided_sell,one_sided_mm,0,0,0,0,5,0,5,0,hold,hold,-743268.0,mm_join_12,0.0,-743268.0,0.0,passive_inside_sell,,,
worse,round1-day-1,-1,686800,-80,-80,short_60_plus,10005,10016,11,10010.5,10006.375,10.5,rich,-0.75,-4.125,sell_pressure,2.5,True,shock,0,hold,hold,0,0,0,0,0,0,0,0,hold,hold,-793316.0,mm_join_12,0.0,-793316.0,0.0,,,,
worse,round1-day-1,-1,688200,-80,-80,short_60_plus,10005,10015,10,10010.0,10008.125,10.0,rich,-0.375,-1.875,sell_pressure,3.0,True,shock,1,passive_one_sided_buy,one_sided_mm,0,0,0,11,0,0,0,0,hold,hold,-793316.0,mm_join_12,0.0,-793316.0,0.0,passive_inside_buy,,,
worse,round1-day-1,-1,689600,-80,-80,short_60_plus,10004,10015,11,10009.5,10005.833333333334,9.5,rich,-0.6666666666666666,-3.6666666666660603,sell_pressure,2.5,True,shock,1,passive_one_sided_buy,one_sided_mm,0,0,0,11,0,0,0,0,hold,hold,-793345.0,mm_join_12,0.0,-793345.0,0.0,passive_inside_buy,,,
worse,round1-day-1,-1,690700,-74,-74,short_60_plus,10004,10014,10,10009.0,10005.25,9.0,rich,-0.75,-3.75,sell_pressure,1.5,True,shock,2,passive_two_sided,mm_inside,0,0,0,11,6,0,6,0,hold,hold,-733351.0,mm_join_12,0.0,-733351.0,0.0,,,,
worse,round1-day-1,-1,691400,-80,-80,short_60_plus,9998,10007,9,10002.5,10005.8,2.5,rich,0.7333333333333333,3.2999999999992724,buy_pressure,-3.5,True,shock,1,passive_one_sided_buy,one_sided_mm,0,0,0,11,0,11,0,0,buy_take1_16,take1,-793413.0,hold,11.0,-793424.0,11.0,passive_inside_buy,,,
worse,round1-day-1,-1,694700,-78,-78,short_60_plus,9995,10007,12,10001.0,10006.2,1.0,neutral,0.8666666666666667,5.200000000000728,buy_pressure,-4.0,True,shock,2,passive_two_sided,mm_inside,0,0,0,11,2,11,0,0,hold,hold,-773465.0,mm_join_12,0.0,-773465.0,0.0,,,,
worse,round1-day-1,-1,698800,-78,-78,short_60_plus,10001,10012,11,10006.5,10002.57142857143,6.5,rich,-0.7142857142857143,-3.928571428570649,sell_pressure,-5.5,True,shock,2,passive_two_sided,mm_inside,0,0,0,11,2,0,2,0,hold,hold,-773465.0,mm_join_12,0.0,-773465.0,0.0,,,,
worse,round1-day-1,-1,701200,-72,-72,short_60_plus,9997,10007,10,10002.0,10004.894736842105,2.0,rich,0.5789473684210527,2.894736842104976,buy_pressure,-2.0,False,steady,2,passive_two_sided,mm_inside,0,0,0,14,8,14,0,0,hold,hold,-713483.0,mm_join_12,0.0,-713483.0,0.0,,,,
worse,round1-day-1,-1,703400,-72,-72,short_60_plus,9995,10005,10,10000.0,10002.64705882353,0.0,neutral,0.5294117647058824,2.6470588235297328,buy_pressure,-4.0,True,shock,2,passive_two_sided,mm_inside,0,0,0,11,6,11,0,0,hold,hold,-713483.0,mm_join_12,0.0,-713483.0,0.0,,,,
worse,round1-day-1,-1,705000,-72,-72,short_60_plus,9995,10005,10,10000.0,10003.57142857143,0.0,neutral,0.7142857142857143,3.571428571429351,buy_pressure,-3.0,False,steady,2,passive_two_sided,mm_inside,0,0,0,14,8,14,0,0,buy_take1_16,take1,-713483.0,mm_inside_12,2.0,-713485.0,2.0,,,,
worse,round1-day-1,-1,706100,-75,-75,short_60_plus,9996,10005,9,10000.5,10002.882352941177,0.5,neutral,0.5294117647058824,2.3823529411765776,buy_pressure,-4.5,True,shock,2,passive_two_sided,mm_inside,0,0,0,11,5,11,0,0,buy_take1_16,take1,-743523.0,hold,38.0,-743561.0,38.0,,,,
worse,round1-day-1,-1,706900,-80,-80,short_60_plus,10001,10012,11,10006.5,10003.75,6.5,rich,-0.5,-2.75,sell_pressure,2.5,True,shock,0,hold,hold,0,0,0,0,0,0,0,0,hold,hold,-793567.0,mm_join_12,0.0,-793567.0,0.0,,,,
worse,round1-day-1,-1,708800,-62,-62,short_60_plus,9995,10004,9,9999.5,10001.882352941177,-0.5,neutral,0.5294117647058824,2.3823529411765776,buy_pressure,4.5,True,shock,2,passive_two_sided,mm_inside,0,0,0,14,9,14,0,0,hold,hold,-613599.0,mm_join_12,0.0,-613599.0,0.0,,,,
worse,round1-day-1,-1,712200,-76,-76,short_60_plus,9996,10006,10,10001.0,9997.333333333334,1.0,neutral,-0.7333333333333333,-3.6666666666660603,sell_pressure,1.5,False,steady,2,passive_two_sided,mm_inside,0,0,0,14,4,14,4,0,hold,hold,-753741.0,mm_join_12,0.0,-753741.0,0.0,,,,
worse,round1-day-1,-1,712300,-76,-72,short_60_plus,9990,10000,10,9995.0,9997.894736842105,-5.0,cheap,0.5789473684210527,2.894736842104976,buy_pressure,-6.0,True,shock,2,clear_buy,take1,4,0,4,12,0,12,0,1,buy_take1_16,take1,-753741.0,hold,33.0,-753741.0,0.0,take_a1,,,
worse,round1-day-1,-1,712600,-72,-72,short_60_plus,9997,10010,13,10003.5,9998.181818181818,3.5,rich,-0.8181818181818182,-5.3181818181819835,sell_pressure,4.5,True,shock,1,passive_one_sided_sell,one_sided_mm,0,0,0,0,6,0,6,0,hold,hold,-713741.0,mm_join_12,0.0,-713741.0,0.0,passive_inside_sell,,,
worse,round1-day-1,-1,715000,-78,-78,short_60_plus,9999,10009,10,10004.0,10000.25,4.0,rich,-0.75,-3.75,sell_pressure,3.0,False,steady,1,passive_one_sided_sell,one_sided_mm,0,0,0,0,2,0,2,0,sell_take1_16,take1,-773789.0,hold,2.0,-773791.0,2.0,passive_inside_sell,,,
worse,round1-day-1,-1,719200,-71,-71,short_60_plus,9999,10009,10,10004.0,10001.5,4.0,rich,-0.5,-2.5,sell_pressure,4.0,True,shock,1,passive_one_sided_sell,one_sided_mm,0,0,0,0,6,0,6,0,hold,hold,-703778.0,mm_join_12,0.0,-703778.0,0.0,passive_inside_sell,,,
worse,round1-day-1,-1,720500,-71,-71,short_60_plus,9994,10004,10,9999.0,10001.5,-1.0,neutral,0.5,2.5,buy_pressure,-3.0,False,steady,2,passive_two_sided,mm_inside,0,0,0,14,9,14,0,0,hold,hold,-703778.0,mm_join_12,0.0,-703778.0,0.0,,,,
worse,round1-day-1,-1,722100,-71,-71,short_60_plus,9997,10010,13,10003.5,9999.03125,3.5,rich,-0.6875,-4.46875,sell_pressure,12.5,True,shock,2,passive_two_sided,mm_inside,0,0,0,11,6,11,6,0,hold,hold,-703778.0,mm_join_12,0.0,-703778.0,0.0,,,,
worse,round1-day-1,-1,725200,-75,-75,short_60_plus,9996,10007,11,10001.5,9998.444444444445,1.5,neutral,-0.5555555555555556,-3.055555555554747,sell_pressure,2.5,False,steady,2,passive_two_sided,mm_inside,0,0,0,14,5,14,5,0,hold,hold,-743812.0,mm_join_12,0.0,-743812.0,0.0,,,,
worse,round1-day-1,-1,725500,-75,-73,short_60_plus,9992,10001,9,9996.5,9999.714285714286,-3.5,cheap,0.7142857142857143,3.214285714286234,buy_pressure,-3.5,True,shock,2,clear_buy,take1,2,0,2,12,0,12,0,1,hold,hold,-743812.0,mm_join_12,0.0,-743818.0,6.0,take_a1,,,
worse,round1-day-1,-1,727700,-71,-71,short_60_plus,9997,10008,11,10002.5,9998.57142857143,2.5,rich,-0.7142857142857143,-3.928571428570649,sell_pressure,2.5,False,steady,2,passive_two_sided,mm_inside,0,0,0,14,9,14,9,0,hold,hold,-703954.0,mm_join_12,0.0,-703954.0,0.0,,,,
worse,round1-day-1,-1,729200,-71,-71,short_60_plus,9997,10007,10,10002.0,9999.0,2.0,rich,-0.6,-3.0,sell_pressure,3.5,True,shock,1,passive_one_sided_sell,one_sided_mm,0,0,0,0,6,0,6,0,hold,hold,-703954.0,mm_join_12,0.0,-703954.0,0.0,passive_inside_sell,,,
worse,round1-day-1,-1,730700,-70,-68,short_60_plus,9990,9999,9,9994.5,9997.941176470587,-5.5,cheap,0.7647058823529411,3.4411764705873793,buy_pressure,-3.5,True,shock,2,clear_buy,take1,2,0,2,12,0,12,0,1,hold,hold,-694016.0,mm_join_12,0.0,-694018.0,2.0,take_a1,,,
worse,round1-day-1,-1,731800,-68,-68,short_60_plus,9993,10002,9,9997.5,9999.1875,-2.5,cheap,0.375,1.6875,buy_pressure,-10.5,True,shock,1,passive_one_sided_buy,one_sided_mm,0,0,0,15,0,15,0,0,hold,hold,-674020.0,mm_join_12,0.0,-674020.0,0.0,passive_inside_buy,,,
worse,round1-day-1,-1,732100,-73,-73,short_60_plus,9997,10008,11,10002.5,9999.933333333332,2.5,rich,-0.4666666666666667,-2.5666666666675155,sell_pressure,1.0,False,steady,2,passive_two_sided,mm_inside,0,0,0,14,7,14,7,0,hold,hold,-724055.0,mm_join_12,0.0,-724055.0,0.0,,,,
worse,round1-day-1,-1,734400,-75,-75,short_60_plus,9995,10005,10,10000.0,9996.538461538461,0.0,neutral,-0.6923076923076923,-3.4615384615390212,sell_pressure,2.0,False,steady,1,passive_one_sided_sell,one_sided_mm,0,0,0,0,5,0,5,0,hold,hold,-744069.0,mm_join_12,0.0,-744069.0,0.0,passive_inside_sell,,,
worse,round1-day-1,-1,735000,-75,-70,short_60_plus,9989,9998,9,9993.5,9995.631578947368,-6.5,cheap,0.47368421052631576,2.1315789473683253,buy_pressure,-3.5,True,shock,3,clear_buy,take1,10,0,10,12,0,12,0,1,hold,hold,-744069.0,mm_join_12,0.0,-744069.0,0.0,take_a1,,,
worse,round1-day-1,-1,735600,-70,-65,short_60_plus,9989,9999,10,9994.0,9996.5,-6.0,cheap,0.5,2.5,buy_pressure,-4.0,True,shock,2,clear_buy,take1,5,0,5,12,0,12,0,1,hold,hold,-694079.0,mm_join_12,0.0,-694084.0,5.0,take_a1,,,
worse,round1-day-1,-1,736400,-55,-50,short_40_59,9989,9998,9,9993.5,9995.35294117647,-6.5,cheap,0.4117647058823529,1.8529411764702672,buy_pressure,-2.0,True,shock,2,clear_buy,take1,5,0,5,12,0,12,0,1,hold,hold,-544219.0,mm_join_12,0.0,-544219.0,0.0,take_a1,,,
worse,round1-day-1,-1,737500,-40,-40,short_40_59,9994,10005,11,9999.5,9995.833333333334,-0.5,neutral,-0.6666666666666666,-3.6666666666660603,sell_pressure,4.5,True,shock,1,passive_one_sided_sell,one_sided_mm,0,0,0,0,9,0,9,0,hold,hold,-394289.0,mm_join_12,0.0,-394289.0,0.0,passive_inside_sell,,,
worse,round1-day-1,-1,741600,-53,-53,short_40_59,9994,10005,11,9999.5,9995.29411764706,-0.5,neutral,-0.7647058823529411,-4.2058823529405345,sell_pressure,2.5,False,steady,1,passive_one_sided_sell,one_sided_mm,0,0,0,0,9,0,9,0,hold,hold,-524341.0,mm_join_12,0.0,-524341.0,0.0,passive_inside_sell,,,
worse,round1-day-1,-1,743400,-38,-38,short_20_39,9992,10005,13,9998.5,9993.695652173914,-1.5,neutral,-0.7391304347826086,-4.804347826086087,sell_pressure,11.5,True,shock,1,passive_one_sided_sell,one_sided_mm,0,0,0,0,12,0,12,0,hold,hold,-374485.0,mm_join_12,0.0,-374485.0,0.0,passive_inside_sell,,,
worse,round1-day-1,-1,744200,-38,-38,short_20_39,9986,9995,9,9990.5,9992.42857142857,-9.5,cheap,0.42857142857142855,1.928571428570649,buy_pressure,-2.5,True,shock,1,passive_one_sided_buy,one_sided_mm,0,0,0,10,0,10,0,0,buy_take1_16,take1,-374485.0,hold,12.0,-374497.0,12.0,passive_inside_buy,,,
worse,round1-day-1,-1,745300,-43,-43,short_40_59,9984,9994,10,9989.0,9991.058823529413,-11.0,cheap,0.4117647058823529,2.0588235294126207,buy_pressure,-3.0,True,shock,1,passive_one_sided_buy,one_sided_mm,0,0,0,12,0,12,0,0,buy_take1_16,take1,-424525.0,buy_take2_32,0.0,-424545.0,20.0,passive_inside_buy,,,
worse,round1-day-1,-1,748600,-33,-33,short_20_39,9991,10004,13,9997.5,9991.962962962964,-2.5,cheap,-0.8518518518518519,-5.537037037036498,sell_pressure,4.0,True,shock,1,passive_one_sided_sell,one_sided_mm,0,0,0,0,9,0,9,0,hold,hold,-324685.0,mm_join_12,0.0,-324685.0,0.0,passive_inside_sell,,,
worse,round1-day-1,-1,748900,-33,-33,short_20_39,9991,10004,13,9997.5,9992.3,-2.5,cheap,-0.8,-5.200000000000728,sell_pressure,3.5,True,shock,1,passive_one_sided_sell,one_sided_mm,0,0,0,0,9,0,9,0,hold,hold,-324685.0,mm_join_12,0.0,-324685.0,0.0,passive_inside_sell,,,
worse,round1-day-1,-1,753700,-19,-19,flat_19,9990,10001,11,9995.5,9992.444444444445,-4.5,cheap,-0.5555555555555556,-3.055555555554747,sell_pressure,-6.5,True,shock,1,passive_one_sided_sell,one_sided_mm,0,0,0,0,9,0,9,0,hold,hold,-184821.0,mm_join_12,0.0,-184821.0,0.0,passive_inside_sell,,,
worse,round1-day-1,-1,753800,-19,-19,flat_19,9990,10003,13,9996.5,9990.92857142857,-3.5,cheap,-0.8571428571428571,-5.571428571429351,sell_pressure,1.0,False,steady,1,passive_one_sided_sell,one_sided_mm,0,0,0,0,12,0,12,0,hold,hold,-184821.0,mm_join_12,0.0,-184821.0,0.0,passive_inside_sell,,,
worse,round1-day-1,-1,753900,-19,-19,flat_19,9990,10000,10,9995.0,9991.666666666666,-5.0,cheap,-0.6666666666666666,-3.3333333333339397,sell_pressure,-1.5,False,steady,1,passive_one_sided_sell,one_sided_mm,0,0,0,0,12,0,12,0,hold,hold,-184821.0,mm_join_12,0.0,-184821.0,0.0,passive_inside_sell,,,
worse,round1-day-1,-1,755100,-19,-19,flat_19,9989,10000,11,9994.5,9990.57142857143,-5.5,cheap,-0.7142857142857143,-3.928571428570649,sell_pressure,2.5,False,steady,1,passive_one_sided_sell,one_sided_mm,0,0,0,0,12,0,12,0,hold,hold,-184821.0,mm_join_12,0.0,-184821.0,0.0,passive_inside_sell,,,
worse,round1-day-1,-1,756000,-19,-19,flat_19,9985,9995,10,9990.0,9992.058823529413,-10.0,cheap,0.4117647058823529,2.0588235294126207,buy_pressure,-1.5,True,shock,1,passive_one_sided_buy,one_sided_mm,0,0,0,10,0,10,0,0,buy_take1_16,take1,-184821.0,hold,15.0,-184836.0,15.0,passive_inside_buy,,,
worse,round1-day-1,-1,756700,-19,-19,flat_19,9986,9995,9,9990.5,9993.2,-9.5,cheap,0.6,2.7000000000007276,buy_pressure,-3.5,True,shock,1,passive_one_sided_buy,one_sided_mm,0,0,0,10,0,10,0,0,buy_take1_16,take1,-184836.0,hold,9.0,-184845.0,9.0,passive_inside_buy,,,
worse,round1-day-1,-1,756900,-19,-19,flat_19,9991,10001,10,9996.0,9994.333333333334,-4.0,cheap,-0.3333333333333333,-1.6666666666660603,mixed_pressure,3.0,False,steady,1,passive_one_sided_sell,one_sided_mm,0,0,0,0,12,0,12,0,hold,hold,-184845.0,mm_join_12,0.0,-184845.0,0.0,passive_inside_sell,,,
worse,round1-day-1,-1,757400,-19,-19,flat_19,9991,10001,10,9996.0,9993.941176470587,-4.0,cheap,-0.4117647058823529,-2.0588235294126207,sell_pressure,3.0,False,steady,1,passive_one_sided_sell,one_sided_mm,0,0,0,0,12,0,12,0,hold,hold,-184845.0,mm_join_12,0.0,-184845.0,0.0,passive_inside_sell,,,
worse,round1-day-1,-1,758400,-19,-19,flat_19,9993,10002,9,9997.5,9994.75,-2.5,cheap,-0.6111111111111112,-2.75,sell_pressure,5.5,True,shock,1,passive_one_sided_sell,one_sided_mm,0,0,0,0,9,0,9,0,hold,hold,-184845.0,mm_join_12,0.0,-184845.0,0.0,passive_inside_sell,,,
worse,round1-day-1,-1,758600,-19,-19,flat_19,9984,9994,10,9989.0,9991.857142857143,-11.0,cheap,0.5714285714285714,2.857142857143117,buy_pressure,-2.0,True,shock,1,passive_one_sided_buy,one_sided_mm,0,0,0,10,0,10,0,0,buy_take1_16,take1,-184845.0,hold,12.0,-184857.0,12.0,passive_inside_buy,,,
worse,round1-day-1,-1,758700,-19,-19,flat_19,9990,10003,13,9996.5,9991.344827586207,-3.5,cheap,-0.7931034482758621,-5.15517241379348,sell_pressure,7.5,True,shock,1,passive_one_sided_sell,one_sided_mm,0,0,0,0,9,0,9,0,hold,hold,-184857.0,mm_join_12,0.0,-184857.0,0.0,passive_inside_sell,,,
worse,round1-day-1,-1,762800,-34,-34,short_20_39,9997,10006,9,10001.5,9999.181818181818,1.5,neutral,-0.5151515151515151,-2.3181818181819835,sell_pressure,6.5,True,shock,1,passive_one_sided_sell,one_sided_mm,0,0,0,0,9,0,9,0,hold,hold,-334866.0,mm_join_12,0.0,-334866.0,0.0,passive_inside_sell,,,
worse,round1-day-1,-1,763400,-34,-34,short_20_39,9988,9998,10,9993.0,9995.5,-7.0,cheap,0.5,2.5,buy_pressure,-4.0,True,shock,1,passive_one_sided_buy,one_sided_mm,0,0,0,10,0,10,0,0,hold,hold,-334866.0,mm_join_12,0.0,-334866.0,0.0,passive_inside_buy,,,
worse,round1-day-1,-1,763800,-34,-34,short_20_39,9994,10004,10,9999.0,9996.307692307691,-1.0,neutral,-0.5384615384615384,-2.692307692308532,sell_pressure,-5.0,True,shock,1,passive_one_sided_sell,one_sided_mm,0,0,0,0,12,0,12,0,hold,hold,-334866.0,mm_join_12,0.0,-334866.0,0.0,passive_inside_sell,,,
worse,round1-day-1,-1,764400,-34,-34,short_20_39,9988,9998,10,9993.0,9995.64705882353,-7.0,cheap,0.5294117647058824,2.6470588235297328,buy_pressure,-3.5,True,shock,1,passive_one_sided_buy,one_sided_mm,0,0,0,10,0,10,0,0,hold,hold,-334866.0,mm_join_12,0.0,-334866.0,0.0,passive_inside_buy,,,
worse,round1-day-1,-1,765800,-34,-34,short_20_39,9994,10005,11,9999.5,9996.75,-0.5,neutral,-0.5,-2.75,sell_pressure,2.5,False,steady,1,passive_one_sided_sell,one_sided_mm,0,0,0,0,12,0,12,0,mm_inside_12,mm_inside,-334866.0,mm_inside_20,0.0,-334866.0,0.0,passive_inside_sell,,,
worse,round1-day-1,-1,766000,-34,-34,short_20_39,9994,10004,10,9999.0,9996.222222222223,-1.0,neutral,-0.5555555555555556,-2.7777777777773736,sell_pressure,1.0,False,steady,1,passive_one_sided_sell,one_sided_mm,0,0,0,0,12,0,12,0,hold,hold,-334878.0,mm_join_12,0.0,-334878.0,0.0,passive_inside_sell,,,
worse,round1-day-1,-1,768900,-26,-26,short_20_39,9993,10003,10,9998.0,10000.058823529413,-2.0,cheap,0.4117647058823529,2.0588235294126207,buy_pressure,-3.5,True,shock,1,passive_one_sided_sell,one_sided_mm,0,0,0,0,9,0,0,0,hold,hold,-254914.0,mm_join_12,0.0,-254914.0,0.0,passive_inside_sell,,,
worse,round1-day-1,-1,775500,-16,-23,flat_19,10003,10012,9,10007.5,10005.333333333334,7.5,rich,-0.48148148148148145,-2.1666666666660603,sell_pressure,5.5,True,shock,2,take_sell,take1,0,7,7,0,9,0,9,1,sell_take1_16,take1,-155004.0,hold,35.0,-155004.0,0.0,take_b1,,,
worse,round1-day-1,-1,775900,-23,-23,short_20_39,9994,10003,9,9998.5,10001.714285714286,-1.5,neutral,0.7142857142857143,3.214285714286234,buy_pressure,-3.5,True,shock,2,passive_two_sided,mm_inside,0,0,0,9,9,9,0,0,hold,hold,-225025.0,mm_join_12,0.0,-225025.0,0.0,,,,
worse,round1-day-1,-1,777300,-27,-27,short_20_39,9999,10010,11,10004.5,10000.692307692309,4.5,rich,-0.6923076923076923,-3.807692307691468,sell_pressure,3.0,False,steady,1,passive_one_sided_sell,one_sided_mm,0,0,0,0,12,0,12,0,sell_take1_16,take1,-265061.0,hold,2.0,-265063.0,2.0,passive_inside_sell,,,
worse,round1-day-1,-1,780100,-29,-29,short_20_39,9993,10002,9,9997.5,9999.882352941177,-2.5,cheap,0.5294117647058824,2.3823529411765776,buy_pressure,-2.5,False,steady,1,passive_one_sided_buy,one_sided_mm,0,0,0,13,0,13,0,0,hold,hold,-285144.0,mm_join_12,0.0,-285144.0,0.0,passive_inside_buy,,,
worse,round1-day-1,-1,780600,-29,-29,short_20_39,9998,10011,13,10004.5,9998.962962962964,4.5,rich,-0.8518518518518519,-5.537037037036498,sell_pressure,-6.5,True,shock,1,passive_one_sided_sell,one_sided_mm,0,0,0,0,9,0,9,0,hold,hold,-285144.0,mm_join_12,0.0,-285144.0,0.0,passive_inside_sell,,,
worse,round1-day-1,-1,781100,-29,-29,short_20_39,9998,10008,10,10003.0,9999.176470588236,3.0,rich,-0.7647058823529411,-3.823529411763957,sell_pressure,3.0,False,steady,1,passive_one_sided_sell,one_sided_mm,0,0,0,0,12,0,12,0,hold,hold,-285144.0,mm_join_12,0.0,-285144.0,0.0,passive_inside_sell,,,
worse,round1-day-1,-1,782200,-38,-38,short_20_39,9990,10002,12,9996.0,10001.0,-4.0,cheap,0.8333333333333334,5.0,buy_pressure,-5.0,True,shock,1,passive_one_sided_buy,one_sided_mm,0,0,0,10,0,10,0,0,hold,hold,-375162.0,mm_join_12,0.0,-375162.0,0.0,passive_inside_buy,,,
worse,round1-day-1,-1,784000,-38,-38,short_20_39,9998,10011,13,10004.5,9999.0,4.5,rich,-0.8461538461538461,-5.5,sell_pressure,3.5,True,shock,1,passive_one_sided_sell,one_sided_mm,0,0,0,0,9,0,9,0,sell_take1_16,take1,-375162.0,hold,2.0,-375164.0,2.0,passive_inside_sell,,,
worse,round1-day-1,-1,784900,-42,-42,short_40_59,9998,10008,10,10003.0,9999.666666666666,3.0,rich,-0.6666666666666666,-3.3333333333339397,sell_pressure,3.0,False,steady,1,passive_one_sided_sell,one_sided_mm,0,0,0,0,12,0,12,0,hold,hold,-415172.0,mm_join_12,0.0,-415172.0,0.0,passive_inside_sell,,,
worse,round1-day-1,-1,787200,-42,-42,short_40_59,9992,10001,9,9996.5,9999.5,-3.5,cheap,0.6666666666666666,3.0,buy_pressure,-3.0,False,steady,1,passive_one_sided_buy,one_sided_mm,0,0,0,13,0,13,0,0,hold,hold,-415217.0,mm_join_12,0.0,-415217.0,0.0,passive_inside_buy,,,
worse,round1-day-1,-1,787700,-42,-42,short_40_59,9992,10001,9,9996.5,9998.882352941177,-3.5,cheap,0.5294117647058824,2.3823529411765776,buy_pressure,-2.5,False,steady,1,passive_one_sided_buy,one_sided_mm,0,0,0,13,0,13,0,0,hold,hold,-415217.0,mm_join_12,0.0,-415217.0,0.0,passive_inside_buy,,,
worse,round1-day-1,-1,788200,-39,-39,short_20_39,9998,10008,10,10003.0,10000.222222222223,3.0,rich,-0.5555555555555556,-2.7777777777773736,sell_pressure,3.0,False,steady,1,passive_one_sided_sell,one_sided_mm,0,0,0,0,12,0,12,0,sell_take1_16,take1,-385238.0,hold,4.0,-385242.0,4.0,passive_inside_sell,,,
worse,round1-day-1,-1,788900,-35,-35,short_20_39,9998,10009,11,10003.5,10001.4375,3.5,rich,-0.375,-2.0625,sell_pressure,2.0,False,steady,1,passive_one_sided_sell,one_sided_mm,0,0,0,0,12,0,12,0,sell_take1_16,take1,-345254.0,sell_take2_32,0.0,-345259.0,5.0,passive_inside_sell,,,
worse,round1-day-1,-1,792400,-26,-26,short_20_39,9994,10005,11,9999.5,9995.833333333334,-0.5,neutral,-0.6666666666666666,-3.6666666666660603,sell_pressure,1.0,False,steady,1,passive_one_sided_sell,one_sided_mm,0,0,0,0,12,0,12,0,hold,hold,-255379.0,mm_join_12,0.0,-255379.0,0.0,passive_inside_sell,,,
worse,round1-day-1,-1,796700,-19,-19,flat_19,9988,9997,9,9992.5,9995.411764705883,-7.5,cheap,0.6470588235294118,2.911764705882888,buy_pressure,-3.5,True,shock,1,passive_one_sided_buy,one_sided_mm,0,0,0,10,0,10,0,0,hold,hold,-185421.0,mm_join_12,0.0,-185421.0,0.0,passive_inside_buy,,,
worse,round1-day-1,-1,797500,-21,-21,short_20_39,9984,9996,12,9990.0,9994.451612903225,-10.0,cheap,0.7419354838709677,4.451612903225396,buy_pressure,-5.5,True,shock,1,passive_one_sided_buy,one_sided_mm,0,0,0,10,0,10,0,0,buy_take1_16,take1,-205425.0,hold,4.0,-205429.0,4.0,passive_inside_buy,,,
worse,round1-day-1,-1,799700,-19,-19,flat_19,9993,10004,11,9998.5,9996.055555555555,-1.5,neutral,-0.4444444444444444,-2.444444444445253,sell_pressure,2.5,False,steady,1,passive_one_sided_sell,one_sided_mm,0,0,0,0,12,0,12,0,hold,hold,-185455.0,mm_join_12,0.0,-185455.0,0.0,passive_inside_sell,,,
worse,round1-day-1,-1,804600,-13,-13,flat_19,9992,10005,13,9998.5,9994.03125,-1.5,neutral,-0.6875,-4.46875,sell_pressure,3.5,True,shock,1,passive_one_sided_sell,one_sided_mm,0,0,0,0,9,0,9,0,hold,hold,-125533.0,mm_join_12,0.0,-125533.0,0.0,passive_inside_sell,,,
worse,round1-day-1,-1,809500,18,18,flat_19,9987,9997,10,9992.0,9995.75,-8.0,cheap,0.75,3.75,buy_pressure,-3.0,True,shock,1,passive_one_sided_buy,one_sided_mm,0,0,0,10,0,10,0,0,hold,hold,184176.0,mm_join_12,0.0,184176.0,0.0,passive_inside_buy,,,
worse,round1-day-1,-1,812300,23,23,long_20_39,9987,9996,9,9991.5,9994.615384615385,-8.5,cheap,0.6923076923076923,3.1153846153847553,buy_pressure,-2.5,True,shock,1,passive_one_sided_buy,one_sided_mm,0,0,0,10,0,10,0,0,hold,hold,234141.0,mm_join_12,0.0,234141.0,0.0,passive_inside_buy,,,
worse,round1-day-1,-1,814400,23,23,long_20_39,9994,10004,10,9999.0,9996.142857142857,-1.0,neutral,-0.5714285714285714,-2.857142857143117,sell_pressure,3.0,False,steady,1,passive_one_sided_sell,one_sided_mm,0,0,0,0,12,0,12,0,hold,hold,234141.0,mm_join_12,0.0,234141.0,0.0,passive_inside_sell,,,
worse,round1-day-1,-1,819900,35,35,long_20_39,9987,9996,9,9991.5,9994.8,-8.5,cheap,0.7333333333333333,3.2999999999992724,buy_pressure,-3.5,True,shock,1,passive_one_sided_buy,one_sided_mm,0,0,0,10,0,10,0,0,hold,hold,354049.0,mm_join_12,0.0,354049.0,0.0,passive_inside_buy,,,
worse,round1-day-1,-1,823900,20,20,long_20_39,9986,9996,10,9991.0,9992.875,-9.0,cheap,0.375,1.875,buy_pressure,-4.0,True,shock,1,passive_one_sided_buy,one_sided_mm,0,0,0,10,0,10,0,0,buy_take1_16,take1,204049.0,hold,7.0,204042.0,7.0,passive_inside_buy,,,
worse,round1-day-1,-1,824500,20,20,long_20_39,9991,10002,11,9996.5,9993.2,-3.5,cheap,-0.6,-3.2999999999992724,sell_pressure,1.0,False,steady,1,passive_one_sided_sell,one_sided_mm,0,0,0,0,12,0,12,0,hold,hold,204042.0,mm_join_12,0.0,204042.0,0.0,passive_inside_sell,,,
worse,round1-day-1,-1,828000,33,33,long_20_39,9984,9993,9,9988.5,9991.714285714286,-11.5,cheap,0.7142857142857143,3.214285714286234,buy_pressure,-2.5,True,shock,1,passive_one_sided_buy,one_sided_mm,0,0,0,10,0,10,0,0,buy_take1_16,take1,333861.0,hold,6.0,333855.0,6.0,passive_inside_buy,,,
worse,round1-day-1,-1,828500,33,33,long_20_39,9989,9999,10,9994.0,9991.0,-6.0,cheap,-0.6,-3.0,sell_pressure,3.5,True,shock,1,passive_one_sided_sell,one_sided_mm,0,0,0,0,9,0,9,0,hold,hold,333855.0,mm_join_12,0.0,333855.0,0.0,passive_inside_sell,,,
worse,round1-day-1,-1,830800,23,23,long_20_39,9983,9993,10,9988.0,9991.57142857143,-12.0,cheap,0.7142857142857143,3.571428571429351,buy_pressure,-3.0,True,shock,1,passive_one_sided_buy,one_sided_mm,0,0,0,10,0,10,0,0,buy_take1_16,take1,233885.0,hold,10.0,233875.0,10.0,passive_inside_buy,,,
worse,round1-day-1,-1,831100,23,23,long_20_39,9988,10001,13,9994.5,9990.09677419355,-5.5,cheap,-0.6774193548387096,-4.403225806450791,sell_pressure,2.0,False,steady,1,passive_one_sided_sell,one_sided_mm,0,0,0,0,12,0,12,0,hold,hold,233875.0,mm_join_12,0.0,233875.0,0.0,passive_inside_sell,,,
worse,round1-day-1,-1,832600,30,30,long_20_39,9994,10003,9,9998.5,9995.741935483871,-1.5,neutral,-0.6129032258064516,-2.7580645161287975,sell_pressure,6.5,True,shock,1,passive_one_sided_sell,one_sided_mm,0,0,0,0,9,0,9,0,hold,hold,303798.0,mm_join_12,0.0,303798.0,0.0,passive_inside_sell,,,
worse,round1-day-1,-1,834000,30,30,long_20_39,9992,10003,11,9997.5,9993.833333333334,-2.5,cheap,-0.6666666666666666,-3.6666666666660603,sell_pressure,1.5,False,steady,1,passive_one_sided_sell,one_sided_mm,0,0,0,0,12,0,12,0,mm_inside_12,mm_inside,303798.0,mm_inside_20,0.0,303798.0,0.0,passive_inside_sell,,,
worse,round1-day-1,-1,835400,27,27,long_20_39,9987,9997,10,9992.0,9995.125,-8.0,cheap,0.625,3.125,buy_pressure,-3.0,True,shock,1,passive_one_sided_buy,one_sided_mm,0,0,0,10,0,10,0,0,buy_take1_16,take1,273771.0,hold,3.0,273768.0,3.0,passive_inside_buy,,,
worse,round1-day-1,-1,836600,35,35,long_20_39,9987,9996,9,9991.5,9993.5,-8.5,cheap,0.4444444444444444,2.0,buy_pressure,4.5,True,shock,1,passive_one_sided_buy,one_sided_mm,0,0,0,10,0,10,0,0,buy_take1_16,take1,353712.0,hold,10.0,353702.0,10.0,passive_inside_buy,,,
worse,round1-day-1,-1,839400,35,35,long_20_39,9995,10004,9,9999.5,9996.161290322581,-0.5,neutral,-0.7419354838709677,-3.338709677418592,sell_pressure,6.5,True,shock,1,passive_one_sided_sell,one_sided_mm,0,0,0,0,9,0,9,0,hold,hold,353702.0,mm_join_12,0.0,353702.0,0.0,passive_inside_sell,,,
worse,round1-day-1,-1,839800,35,35,long_20_39,9986,9995,9,9990.5,9992.923076923076,-9.5,cheap,0.5384615384615384,2.4230769230762235,buy_pressure,-3.5,True,shock,1,passive_one_sided_buy,one_sided_mm,0,0,0,10,0,10,0,0,buy_take1_16,take1,353702.0,hold,9.0,353693.0,9.0,passive_inside_buy,,,
worse,round1-day-1,-1,841900,36,36,long_20_39,9993,10004,11,9998.5,9994.375,-1.5,neutral,-0.75,-4.125,sell_pressure,2.5,False,steady,1,passive_one_sided_sell,one_sided_mm,0,0,0,0,12,0,12,0,hold,hold,363643.0,mm_join_12,0.0,363643.0,0.0,passive_inside_sell,,,
worse,round1-day-1,-1,842800,33,33,long_20_39,9988,9998,10,9993.0,9996.333333333334,-7.0,cheap,0.6666666666666666,3.3333333333339397,buy_pressure,-3.0,True,shock,1,passive_one_sided_buy,one_sided_mm,0,0,0,10,0,10,0,0,hold,hold,333634.0,mm_join_12,0.0,333634.0,0.0,passive_inside_buy,,,
worse,round1-day-1,-1,843200,33,33,long_20_39,9994,10004,10,9999.0,9996.142857142857,-1.0,neutral,-0.5714285714285714,-2.857142857143117,sell_pressure,3.0,False,steady,1,passive_one_sided_sell,one_sided_mm,0,0,0,0,12,0,12,0,hold,hold,333634.0,mm_join_12,0.0,333634.0,0.0,passive_inside_sell,,,
worse,round1-day-1,-1,845400,33,33,long_20_39,9994,10004,10,9999.0,9997.333333333334,-1.0,neutral,-0.3333333333333333,-1.6666666666660603,mixed_pressure,1.5,False,steady,1,passive_one_sided_sell,one_sided_mm,0,0,0,0,12,0,12,0,hold,hold,333634.0,mm_join_12,0.0,333634.0,0.0,passive_inside_sell,,,
worse,round1-day-1,-1,846700,42,42,long_40_59,9999,10008,9,10003.5,10001.382352941177,3.5,rich,-0.47058823529411764,-2.1176470588234224,sell_pressure,5.0,True,shock,1,passive_one_sided_sell,one_sided_mm,0,0,0,0,9,0,9,0,sell_take1_16,take1,423544.0,hold,12.0,423532.0,12.0,passive_inside_sell,,,
worse,round1-day-1,-1,851100,40,40,long_40_59,9994,10005,11,9999.5,9996.75,-0.5,neutral,-0.5,-2.75,sell_pressure,1.5,False,steady,1,passive_one_sided_sell,one_sided_mm,0,0,0,0,12,0,12,0,hold,hold,403487.0,mm_join_12,0.0,403487.0,0.0,passive_inside_sell,,,
worse,round1-day-1,-1,855800,73,73,long_60_plus,9995,10006,11,10000.5,9998.235294117647,0.5,neutral,-0.4117647058823529,-2.264705882353155,sell_pressure,2.0,False,steady,2,passive_two_sided,mm_inside,0,0,0,7,14,0,14,0,hold,hold,733238.0,mm_join_12,0.0,733238.0,0.0,,,,
worse,round1-day-1,-1,863800,76,76,long_60_plus,9997,10007,10,10002.0,9998.764705882353,2.0,rich,-0.6470588235294118,-3.235294117646845,sell_pressure,3.0,False,steady,1,passive_one_sided_buy,one_sided_mm,0,0,0,4,0,0,0,0,sell_take1_16,take1,763211.0,hold,3.0,763208.0,3.0,passive_inside_buy,,,
worse,round1-day-1,-1,865100,70,70,long_60_plus,9997,10007,10,10002.0,9999.105263157895,2.0,rich,-0.5789473684210527,-2.894736842104976,sell_pressure,-5.0,True,shock,1,passive_one_sided_buy,one_sided_mm,0,0,0,9,0,0,0,0,sell_take1_16,take1,703166.0,hold,6.0,703160.0,6.0,passive_inside_buy,,,
worse,round1-day-1,-1,866100,60,60,long_60_plus,9989,9998,9,9993.5,9996.411764705883,-6.5,cheap,0.6470588235294118,2.911764705882888,buy_pressure,-8.0,True,shock,2,passive_two_sided,mm_inside,0,0,0,6,11,6,0,0,hold,hold,603145.0,mm_join_12,0.0,603145.0,0.0,,,,
worse,round1-day-1,-1,867000,60,60,long_60_plus,9994,10004,10,9999.0,9995.25,-1.0,neutral,-0.75,-3.75,sell_pressure,3.0,False,steady,2,passive_two_sided,mm_inside,0,0,0,9,14,0,14,0,sell_take1_16,take1,603145.0,hold,6.0,603139.0,6.0,,,,
worse,round1-day-1,-1,873500,69,69,long_60_plus,9998,10011,13,10004.5,9999.56,4.5,rich,-0.76,-4.940000000000509,sell_pressure,4.5,True,shock,1,passive_one_sided_sell,one_sided_mm,0,0,0,0,11,0,11,0,sell_take1_16,take1,693051.0,hold,23.0,693028.0,23.0,passive_inside_sell,,,
worse,round1-day-1,-1,874500,74,74,long_60_plus,9989,10001,12,9995.0,9999.153846153846,-5.0,cheap,0.6923076923076923,4.153846153845734,buy_pressure,-6.5,True,shock,1,passive_one_sided_buy,one_sided_mm,0,0,0,6,0,6,0,0,hold,hold,742990.0,mm_join_12,0.0,742990.0,0.0,passive_inside_buy,,,
worse,round1-day-1,-1,874800,74,74,long_60_plus,9992,10001,9,9996.5,9998.42857142857,-3.5,cheap,0.42857142857142855,1.928571428570649,buy_pressure,-11.5,True,shock,1,passive_one_sided_buy,one_sided_mm,0,0,0,6,0,6,0,0,sell_take1_16,take1,742990.0,hold,5.0,742985.0,5.0,passive_inside_buy,,,
worse,round1-day-1,-1,876500,80,80,long_60_plus,9992,10002,10,9997.0,10000.333333333334,-3.0,cheap,0.6666666666666666,3.3333333333339397,buy_pressure,-4.5,True,shock,0,hold,hold,0,0,0,0,0,0,0,0,hold,hold,802927.0,mm_join_12,0.0,802927.0,0.0,,,,
worse,round1-day-1,-1,877300,80,76,long_60_plus,10000,10013,13,10006.5,10001.733333333334,6.5,rich,-0.7333333333333333,-4.766666666666424,sell_pressure,4.5,True,shock,2,clear_sell,take1,0,4,4,0,11,0,11,1,sell_take1_16,take1,802927.0,hold,9.0,802927.0,0.0,take_b1,,,
worse,round1-day-1,-1,880500,76,76,long_60_plus,9995,10004,9,9999.5,10001.923076923076,-0.5,neutral,0.5384615384615384,2.4230769230762235,buy_pressure,-3.5,True,shock,1,passive_one_sided_buy,one_sided_mm,0,0,0,4,0,4,0,0,hold,hold,762927.0,mm_join_12,0.0,762927.0,0.0,passive_inside_buy,,,
worse,round1-day-1,-1,882100,66,66,long_60_plus,9994,10004,10,9999.0,10002.333333333334,-1.0,neutral,0.6666666666666666,3.3333333333339397,buy_pressure,-3.0,False,steady,1,passive_one_sided_buy,one_sided_mm,0,0,0,9,0,9,0,0,hold,hold,662817.0,mm_join_12,0.0,662817.0,0.0,passive_inside_buy,,,
worse,round1-day-1,-1,883200,64,64,long_60_plus,9994,10003,9,9998.5,10001.5,-1.5,neutral,0.6666666666666666,3.0,buy_pressure,-3.5,True,shock,1,passive_one_sided_buy,one_sided_mm,0,0,0,6,0,6,0,0,hold,hold,642794.0,mm_join_12,0.0,642794.0,0.0,passive_inside_buy,,,
worse,round1-day-1,-1,885700,56,54,long_40_59,10000,10010,10,10005.0,10001.333333333334,5.0,rich,-0.7333333333333333,-3.6666666666660603,sell_pressure,4.0,True,shock,2,clear_sell,take1,0,2,2,0,11,0,11,1,sell_take1_16,take1,562722.0,hold,6.0,562722.0,0.0,take_b1,,,
worse,round1-day-1,-1,886700,54,54,long_40_59,9999,10009,10,10004.0,10000.42857142857,4.0,rich,-0.7142857142857143,-3.571428571429351,sell_pressure,5.0,True,shock,1,passive_one_sided_sell,one_sided_mm,0,0,0,0,11,0,11,0,sell_take1_16,take1,542722.0,hold,4.0,542718.0,4.0,passive_inside_sell,,,
worse,round1-day-1,-1,888400,65,65,long_60_plus,9993,10003,10,9998.0,10000.142857142857,-2.0,cheap,0.42857142857142855,2.142857142856883,buy_pressure,-3.0,False,steady,1,passive_one_sided_buy,one_sided_mm,0,0,0,9,0,9,0,0,hold,hold,652645.0,mm_join_12,0.0,652645.0,0.0,passive_inside_buy,,,
worse,round1-day-1,-1,890900,63,63,long_60_plus,9993,10003,10,9998.0,10000.777777777777,-2.0,cheap,0.5555555555555556,2.7777777777773736,buy_pressure,-4.0,True,shock,1,passive_one_sided_buy,one_sided_mm,0,0,0,6,0,6,0,0,hold,hold,632627.0,mm_join_12,0.0,632627.0,0.0,passive_inside_buy,,,
worse,round1-day-1,-1,891300,63,63,long_60_plus,9993,10003,10,9998.0,10001.333333333334,-2.0,cheap,0.6666666666666666,3.3333333333339397,buy_pressure,-1.5,False,steady,1,passive_one_sided_buy,one_sided_mm,0,0,0,9,0,9,0,0,mm_inside_12,mm_inside,632627.0,mm_inside_20,0.0,632627.0,0.0,passive_inside_buy,,,
worse,round1-day-1,-1,891600,63,63,long_60_plus,9999,10010,11,10004.5,10000.833333333334,4.5,rich,-0.6666666666666666,-3.6666666666660603,sell_pressure,-5.5,True,shock,1,passive_one_sided_sell,one_sided_mm,0,0,0,0,11,0,11,0,sell_take1_16,take1,632612.0,hold,9.0,632603.0,9.0,passive_inside_sell,,,
worse,round1-day-1,-1,897300,60,60,long_60_plus,9997,10010,13,10003.5,9998.969696969696,3.5,rich,-0.696969696969697,-4.530303030303912,sell_pressure,3.5,True,shock,1,passive_one_sided_sell,one_sided_mm,0,0,0,0,11,0,11,0,sell_take1_16,take1,602445.0,hold,5.0,602440.0,5.0,passive_inside_sell,,,
worse,round1-day-1,-1,899000,46,46,long_40_59,9998,10011,13,10004.5,9999.04,4.5,rich,-0.84,-5.459999999999127,sell_pressure,4.5,True,shock,1,passive_one_sided_sell,one_sided_mm,0,0,0,0,11,0,11,0,sell_take1_16,take1,462332.0,hold,4.0,462328.0,4.0,passive_inside_sell,,,
worse,round1-day-1,-1,899400,55,55,long_40_59,9998,10009,11,10003.5,10000.75,3.5,rich,-0.5,-2.75,sell_pressure,2.5,False,steady,1,passive_one_sided_sell,one_sided_mm,0,0,0,0,14,0,14,0,sell_take1_16,take1,552265.0,hold,8.0,552257.0,8.0,passive_inside_sell,,,
worse,round1-day-1,-1,899800,50,50,long_40_59,9992,10002,10,9997.0,10000.333333333334,-3.0,cheap,0.6666666666666666,3.3333333333339397,buy_pressure,-3.0,False,steady,1,passive_one_sided_buy,one_sided_mm,0,0,0,9,0,9,0,0,hold,hold,502222.0,mm_join_12,0.0,502222.0,0.0,passive_inside_buy,,,
worse,round1-day-1,-1,901900,56,56,long_40_59,9991,10000,9,9995.5,9998.615384615385,-4.5,cheap,0.6923076923076923,3.1153846153847553,buy_pressure,-0.5,False,steady,1,passive_one_sided_buy,one_sided_mm,0,0,0,6,0,6,0,0,hold,hold,562198.0,mm_join_12,0.0,562198.0,0.0,passive_inside_buy,,,
worse,round1-day-1,-1,902000,56,56,long_40_59,9996,10006,10,10001.0,9997.666666666666,1.0,neutral,-0.6666666666666666,-3.3333333333339397,sell_pressure,5.5,True,shock,2,passive_two_sided,mm_inside,0,0,0,6,11,0,11,0,hold,hold,562198.0,mm_join_12,0.0,562198.0,0.0,,,,
worse,round1-day-1,-1,903200,65,65,long_60_plus,9996,10007,11,10001.5,9999.666666666666,1.5,neutral,-0.3333333333333333,-1.8333333333339397,mixed_pressure,2.5,False,steady,2,passive_two_sided,mm_inside,0,0,0,9,14,0,14,0,hold,hold,652125.0,mm_join_12,0.0,652125.0,0.0,,,,
worse,round1-day-1,-1,903300,65,65,long_60_plus,9991,10000,9,9995.5,9998.8,-4.5,cheap,0.7333333333333333,3.2999999999992724,buy_pressure,-6.0,True,shock,1,passive_one_sided_buy,one_sided_mm,0,0,0,6,0,6,0,0,hold,hold,652125.0,mm_join_12,0.0,652125.0,0.0,passive_inside_buy,,,
worse,round1-day-1,-1,906900,62,62,long_60_plus,9996,10007,11,10001.5,9997.941176470587,1.5,neutral,-0.6470588235294118,-3.5588235294126207,sell_pressure,2.5,False,steady,2,passive_two_sided,mm_inside,0,0,0,9,14,0,14,0,sell_take1_16,take1,622077.0,hold,2.0,622075.0,2.0,,,,
worse,round1-day-1,-1,909500,57,57,long_40_59,9996,10009,13,10002.5,9998.5,2.5,rich,-0.6153846153846154,-4.0,sell_pressure,4.5,True,shock,1,passive_one_sided_sell,one_sided_mm,0,0,0,0,11,0,11,0,sell_take1_16,take1,572045.0,hold,5.0,572040.0,5.0,passive_inside_sell,,,
worse,round1-day-1,-1,909800,57,51,long_40_59,10000,10009,9,10004.5,10002.076923076924,4.5,rich,-0.5384615384615384,-2.4230769230762235,sell_pressure,5.5,True,shock,2,clear_sell,take1,0,6,6,0,11,0,11,1,sell_take1_16,take1,572040.0,hold,30.0,572040.0,0.0,take_b1,,,
worse,round1-day-1,-1,910100,51,51,long_40_59,9991,10000,9,9995.5,9998.714285714286,-4.5,cheap,0.7142857142857143,3.214285714286234,buy_pressure,-3.5,True,shock,1,passive_one_sided_buy,one_sided_mm,0,0,0,6,0,6,0,0,hold,hold,512040.0,mm_join_12,0.0,512040.0,0.0,passive_inside_buy,,,
worse,round1-day-1,-1,911500,57,57,long_40_59,9986,9998,12,9992.0,9996.285714285714,-8.0,cheap,0.7142857142857143,4.285714285713766,buy_pressure,-4.0,True,shock,2,passive_two_sided,mm_inside,0,0,0,6,11,6,0,0,hold,hold,571986.0,mm_join_12,0.0,571986.0,0.0,,,,
worse,round1-day-1,-1,912300,57,57,long_40_59,9989,9999,10,9994.0,9995.875,-6.0,cheap,0.375,1.875,buy_pressure,-3.0,True,shock,2,passive_two_sided,mm_inside,0,0,0,6,11,6,0,0,hold,hold,571986.0,mm_join_12,0.0,571986.0,0.0,,,,
worse,round1-day-1,-1,913700,59,59,long_40_59,9992,10003,11,9997.5,9995.4375,-2.5,cheap,-0.375,-2.0625,sell_pressure,2.5,False,steady,2,passive_two_sided,mm_inside,0,0,0,9,14,0,14,0,hold,hold,591921.0,mm_join_12,0.0,591921.0,0.0,,,,
worse,round1-day-1,-1,913800,59,59,long_40_59,9987,9997,10,9992.0,9995.75,-8.0,cheap,0.75,3.75,buy_pressure,-5.5,True,shock,2,passive_two_sided,mm_inside,0,0,0,6,11,6,0,0,hold,hold,591921.0,mm_join_12,0.0,591921.0,0.0,,,,
worse,round1-day-1,-1,917400,78,78,long_60_plus,9995,10006,11,10000.5,9997.357142857143,0.5,neutral,-0.5714285714285714,-3.142857142856883,sell_pressure,2.5,False,steady,2,passive_two_sided,mm_inside,0,0,0,2,14,0,14,0,hold,hold,781625.0,mm_join_12,0.0,781625.0,0.0,,,,
worse,round1-day-1,-1,918500,78,78,long_60_plus,9990,9999,9,9994.5,9996.0,-5.5,cheap,0.3333333333333333,1.5,mixed_pressure,-3.5,True,shock,2,passive_two_sided,mm_inside,0,0,0,2,11,2,0,0,hold,hold,781625.0,mm_join_12,0.0,781625.0,0.0,,,,
worse,round1-day-1,-1,919200,75,75,long_60_plus,9989,9998,9,9993.5,9995.75,-6.5,cheap,0.5,2.25,buy_pressure,-3.5,True,shock,2,passive_two_sided,mm_inside,0,0,0,5,11,5,0,0,hold,hold,751613.0,mm_join_12,0.0,751613.0,0.0,,,,
worse,round1-day-1,-1,919400,75,75,long_60_plus,9994,10005,11,9999.5,9997.666666666666,-0.5,neutral,-0.3333333333333333,-1.8333333333339397,mixed_pressure,2.5,False,steady,2,passive_two_sided,mm_inside,0,0,0,5,14,0,14,0,hold,hold,751613.0,mm_join_12,0.0,751613.0,0.0,,,,
worse,round1-day-1,-1,922800,76,76,long_60_plus,9995,10005,10,10000.0,9997.777777777777,0.0,neutral,-0.4444444444444444,-2.2222222222226264,sell_pressure,3.5,True,shock,2,passive_two_sided,mm_inside,0,0,0,4,11,0,11,0,hold,hold,761472.0,mm_join_12,0.0,761472.0,0.0,,,,
worse,round1-day-1,-1,923200,76,76,long_60_plus,9995,10006,11,10000.5,9998.666666666666,0.5,neutral,-0.3333333333333333,-1.8333333333339397,mixed_pressure,2.5,False,steady,2,passive_two_sided,mm_inside,0,0,0,4,14,0,14,0,hold,hold,761472.0,mm_join_12,0.0,761472.0,0.0,,,,
worse,round1-day-1,-1,923500,76,76,long_60_plus,9989,9998,9,9993.5,9996.875,-6.5,cheap,0.75,3.375,buy_pressure,-3.5,True,shock,2,passive_two_sided,mm_inside,0,0,0,4,11,4,0,0,hold,hold,761472.0,mm_join_12,0.0,761472.0,0.0,,,,
worse,round1-day-1,-1,923700,76,76,long_60_plus,9995,10008,13,10001.5,9995.962962962964,1.5,neutral,-0.8518518518518519,-5.537037037036498,sell_pressure,5.5,True,shock,2,passive_two_sided,mm_inside,0,0,0,4,11,0,11,0,hold,hold,761472.0,mm_join_12,0.0,761472.0,0.0,,,,
worse,round1-day-1,-1,923900,76,76,long_60_plus,9989,9999,10,9994.0,9996.894736842105,-6.0,cheap,0.5789473684210527,2.894736842104976,buy_pressure,-2.5,True,shock,1,passive_one_sided_buy,one_sided_mm,0,0,0,4,0,4,0,0,hold,hold,761472.0,mm_join_12,0.0,761472.0,0.0,passive_inside_buy,,,
worse,round1-day-1,-1,926600,78,78,long_60_plus,9987,9999,12,9993.0,9997.714285714286,-7.0,cheap,0.7857142857142857,4.714285714286234,buy_pressure,-4.0,True,shock,2,passive_two_sided,mm_inside,0,0,0,2,11,2,0,0,hold,hold,781452.0,mm_join_12,0.0,781452.0,0.0,,,,
worse,round1-day-1,-1,926900,78,78,long_60_plus,9994,10005,11,9999.5,9995.692307692309,-0.5,neutral,-0.6923076923076923,-3.807692307691468,sell_pressure,-5.5,True,shock,2,passive_two_sided,mm_inside,0,0,0,2,14,0,14,0,hold,hold,781452.0,mm_join_12,0.0,781452.0,0.0,,,,
worse,round1-day-1,-1,927400,78,78,long_60_plus,9993,10004,11,9998.5,9996.235294117647,-1.5,neutral,-0.4117647058823529,-2.264705882353155,sell_pressure,2.5,False,steady,2,passive_two_sided,mm_inside,0,0,0,2,14,0,14,0,hold,hold,781452.0,mm_join_12,0.0,781452.0,0.0,,,,
worse,round1-day-1,-1,928600,78,78,long_60_plus,9995,10005,10,10000.0,9997.5,0.0,neutral,-0.5,-2.5,sell_pressure,3.0,False,steady,2,passive_two_sided,mm_inside,0,0,0,2,14,0,14,0,sell_take1_16,take1,781452.0,hold,3.0,781449.0,3.0,,,,
worse,round1-day-1,-1,929300,78,78,long_60_plus,9994,10005,11,9999.5,9995.833333333334,-0.5,neutral,-0.6666666666666666,-3.6666666666660603,sell_pressure,10.5,True,shock,2,passive_two_sided,mm_inside,0,0,0,2,14,0,14,0,hold,hold,781449.0,mm_join_12,0.0,781449.0,0.0,,,,
worse,round1-day-1,-1,929700,78,78,long_60_plus,9994,10004,10,9999.0,9995.333333333334,-1.0,neutral,-0.7333333333333333,-3.6666666666660603,sell_pressure,2.0,False,steady,2,passive_two_sided,mm_inside,0,0,0,2,14,0,14,0,hold,hold,781449.0,mm_join_12,0.0,781449.0,0.0,,,,
worse,round1-day-1,-1,931700,79,79,long_60_plus,9990,9999,9,9994.5,9997.615384615385,-5.5,cheap,0.6923076923076923,3.1153846153847553,buy_pressure,-3.5,True,shock,2,passive_two_sided,mm_inside,0,0,0,1,11,1,0,0,hold,hold,791398.0,mm_join_12,0.0,791398.0,0.0,,,,
worse,round1-day-1,-1,935800,72,72,long_60_plus,9995,10006,11,10000.5,9996.29411764706,0.5,neutral,-0.7647058823529411,-4.2058823529405345,sell_pressure,2.5,False,steady,2,passive_two_sided,mm_inside,0,0,0,8,14,0,14,0,sell_take1_16,take1,721386.0,hold,2.0,721384.0,2.0,,,,
worse,round1-day-1,-1,936100,72,72,long_60_plus,9990,9999,9,9994.5,9997.3125,-5.5,cheap,0.625,2.8125,buy_pressure,-3.0,False,steady,2,passive_two_sided,mm_inside,0,0,0,8,14,8,0,0,hold,hold,721384.0,mm_join_12,0.0,721384.0,0.0,,,,
worse,round1-day-1,-1,936700,74,74,long_60_plus,9987,9999,12,9993.0,9997.285714285714,-7.0,cheap,0.7142857142857143,4.285714285713766,buy_pressure,-12.0,True,shock,1,passive_one_sided_buy,one_sided_mm,0,0,0,6,0,6,0,0,hold,hold,741292.0,mm_join_12,0.0,741292.0,0.0,passive_inside_buy,,,
worse,round1-day-1,-1,940700,77,77,long_60_plus,9997,10010,13,10003.5,9998.0,3.5,rich,-0.8461538461538461,-5.5,sell_pressure,4.5,True,shock,1,passive_one_sided_sell,one_sided_mm,0,0,0,0,11,0,11,0,sell_take1_16,take1,771081.0,sell_take2_32,7.0,771069.0,12.0,passive_inside_sell,,,
worse,round1-day-1,-1,943000,80,80,long_60_plus,9993,10002,9,9997.5,9999.882352941177,-2.5,cheap,0.5294117647058824,2.3823529411765776,buy_pressure,-2.5,False,steady,0,hold,hold,0,0,0,0,0,0,0,0,hold,hold,801067.0,mm_join_12,0.0,801067.0,0.0,,,,
worse,round1-day-1,-1,949100,76,72,long_60_plus,10001,10011,10,10006.0,10003.35294117647,6.0,rich,-0.5294117647058824,-2.6470588235297328,sell_pressure,3.0,True,shock,2,clear_sell,take1,0,4,4,0,11,0,11,1,sell_take1_16,take1,761043.0,hold,20.0,761043.0,0.0,take_b1,,,
worse,round1-day-1,-1,949200,72,70,long_60_plus,10001,10012,11,10006.5,10002.833333333334,6.5,rich,-0.6666666666666666,-3.6666666666660603,sell_pressure,0.5,True,shock,2,clear_sell,take1,0,2,2,0,11,0,11,1,sell_take2_32,take2,721039.0,sell_take1_16,6.0,721033.0,6.0,take_b1,,,
worse,round1-day-1,-1,950800,70,68,long_60_plus,10001,10011,10,10006.0,10002.333333333334,6.0,rich,-0.7333333333333333,-3.6666666666660603,sell_pressure,4.0,True,shock,2,clear_sell,take1,0,2,2,0,11,0,11,1,sell_take1_16,take1,701031.0,hold,16.0,701031.0,0.0,take_b1,,,
worse,round1-day-1,-1,952700,80,80,long_60_plus,9994,10004,10,9999.0,10001.5,-1.0,neutral,0.5,2.5,buy_pressure,-1.5,False,steady,1,passive_one_sided_sell,one_sided_mm,0,0,0,0,14,0,14,0,hold,hold,800945.0,mm_join_12,0.0,800945.0,0.0,passive_inside_sell,,,
worse,round1-day-1,-1,956400,75,75,long_60_plus,10000,10011,11,10005.5,10001.57142857143,5.5,rich,-0.7142857142857143,-3.928571428570649,sell_pressure,3.5,True,shock,1,passive_one_sided_sell,one_sided_mm,0,0,0,0,11,0,11,0,hold,hold,750804.0,mm_join_12,0.0,750804.0,0.0,passive_inside_sell,,,
worse,round1-day-1,-1,960200,75,75,long_60_plus,9997,10007,10,10002.0,10005.235294117647,2.0,rich,0.6470588235294118,3.235294117646845,buy_pressure,-3.0,False,steady,1,passive_one_sided_buy,one_sided_mm,0,0,0,5,0,5,0,0,hold,hold,750804.0,mm_join_12,0.0,750804.0,0.0,passive_inside_buy,,,
worse,round1-day-1,-1,961500,75,75,long_60_plus,9999,10008,9,10003.5,10005.75,3.5,rich,0.5,2.25,buy_pressure,-1.5,False,steady,2,passive_two_sided,mm_inside,0,0,0,5,14,0,14,0,hold,hold,750804.0,mm_join_12,0.0,750804.0,0.0,,,,
worse,round1-day-1,-1,963600,70,66,long_60_plus,10003,10016,13,10009.5,10005.08,9.5,rich,-0.68,-4.420000000000073,sell_pressure,4.5,True,shock,2,clear_sell,take1,0,4,4,0,11,0,11,1,sell_take1_16,take1,700734.0,hold,8.0,700734.0,0.0,take_b1,,,
worse,round1-day-1,-1,964700,59,56,long_40_59,10002,10013,11,10007.5,10004.2,7.5,rich,-0.6,-3.2999999999992724,sell_pressure,3.5,True,shock,2,clear_sell,take1,0,3,3,0,11,0,11,1,sell_take1_16,take1,590680.0,hold,4.0,590680.0,0.0,take_b1,,,
worse,round1-day-1,-1,966900,56,56,long_40_59,9995,10005,10,10000.0,10003.125,0.0,neutral,0.625,3.125,buy_pressure,-4.0,True,shock,1,passive_one_sided_buy,one_sided_mm,0,0,0,6,0,6,0,0,hold,hold,560674.0,mm_join_12,0.0,560674.0,0.0,passive_inside_buy,,,
worse,round1-day-1,-1,967500,56,56,long_40_59,9993,10005,12,9999.0,10003.153846153846,-1.0,neutral,0.6923076923076923,4.153846153845734,buy_pressure,4.0,True,shock,2,passive_two_sided,mm_inside,0,0,0,9,14,9,14,0,hold,hold,560674.0,mm_join_12,0.0,560674.0,0.0,,,,
worse,round1-day-1,-1,969700,68,68,long_60_plus,10000,10011,11,10005.5,10002.75,5.5,rich,-0.5,-2.75,sell_pressure,2.5,False,steady,1,passive_one_sided_sell,one_sided_mm,0,0,0,0,14,0,14,0,hold,hold,680620.0,mm_join_12,0.0,680620.0,0.0,passive_inside_sell,,,
worse,round1-day-1,-1,970500,68,68,long_60_plus,10000,10011,11,10005.5,10001.941176470587,5.5,rich,-0.6470588235294118,-3.5588235294126207,sell_pressure,3.0,False,steady,1,passive_one_sided_sell,one_sided_mm,0,0,0,0,14,0,14,0,hold,hold,680620.0,mm_join_12,0.0,680620.0,0.0,passive_inside_sell,,,
worse,round1-day-1,-1,971700,68,68,long_60_plus,9994,10004,10,9999.0,10001.857142857143,-1.0,neutral,0.5714285714285714,2.857142857143117,buy_pressure,-4.0,True,shock,1,passive_one_sided_buy,one_sided_mm,0,0,0,6,0,6,0,0,hold,hold,680620.0,mm_join_12,0.0,680620.0,0.0,passive_inside_buy,,,
worse,round1-day-1,-1,973000,63,63,long_60_plus,9994,10004,10,9999.0,10002.57142857143,-1.0,neutral,0.7142857142857143,3.571428571429351,buy_pressure,-11.0,True,shock,2,passive_two_sided,mm_inside,0,0,0,9,14,9,14,0,hold,hold,630605.0,mm_join_12,0.0,630605.0,0.0,,,,
worse,round1-day-1,-1,974800,65,65,long_60_plus,9993,10002,9,9997.5,9999.35294117647,-2.5,cheap,0.4117647058823529,1.8529411764702672,buy_pressure,-2.0,False,steady,1,passive_one_sided_buy,one_sided_mm,0,0,0,9,0,9,0,0,hold,hold,650595.0,mm_join_12,0.0,650595.0,0.0,passive_inside_buy,,,
worse,round1-day-1,-1,974900,65,65,long_60_plus,9993,10002,9,9997.5,9999.35294117647,-2.5,cheap,0.4117647058823529,1.8529411764702672,buy_pressure,0.0,False,steady,1,passive_one_sided_buy,one_sided_mm,0,0,0,9,0,9,0,0,hold,hold,650595.0,mm_join_12,0.0,650595.0,0.0,passive_inside_buy,,,
worse,round1-day-1,-1,976000,65,65,long_60_plus,9993,10003,10,9998.0,10000.333333333334,-2.0,cheap,0.4666666666666667,2.3333333333339397,buy_pressure,-5.0,True,shock,1,passive_one_sided_buy,one_sided_mm,0,0,0,6,0,6,0,0,hold,hold,650595.0,mm_join_12,0.0,650595.0,0.0,passive_inside_buy,,,
worse,round1-day-1,-1,978100,65,65,long_60_plus,9991,10003,12,9997.0,10002.172413793103,-3.0,cheap,0.8620689655172413,5.17241379310326,buy_pressure,-5.0,True,shock,1,passive_one_sided_buy,one_sided_mm,0,0,0,6,0,6,0,0,hold,hold,650595.0,mm_join_12,0.0,650595.0,0.0,passive_inside_buy,,,
worse,round1-day-1,-1,980800,65,65,long_60_plus,9996,10006,10,10001.0,10003.894736842105,1.0,neutral,0.5789473684210527,2.894736842104976,buy_pressure,-1.5,False,steady,1,passive_one_sided_buy,one_sided_mm,0,0,0,9,0,9,0,0,hold,hold,650595.0,mm_join_12,0.0,650595.0,0.0,passive_inside_buy,,,
worse,round1-day-1,-1,981900,65,61,long_60_plus,10003,10014,11,10008.5,10005.588235294117,8.5,rich,-0.5294117647058824,-2.911764705882888,sell_pressure,2.5,True,shock,2,clear_sell,take1,0,4,4,0,11,0,11,1,sell_take1_16,take1,650595.0,hold,8.0,650595.0,0.0,take_b1,,,
worse,round1-day-1,-1,983000,61,61,long_60_plus,9997,10006,9,10001.5,10004.941176470587,1.5,neutral,0.7647058823529411,3.4411764705873793,buy_pressure,-3.5,True,shock,2,passive_two_sided,mm_inside,0,0,0,6,11,6,11,0,hold,hold,610583.0,mm_join_12,0.0,610583.0,0.0,,,,
worse,round1-day-1,-1,983700,61,61,long_60_plus,9996,10006,10,10001.0,10004.823529411764,1.0,neutral,0.7647058823529411,3.823529411763957,buy_pressure,-1.5,False,steady,1,passive_one_sided_buy,one_sided_mm,0,0,0,9,0,9,0,0,hold,hold,610583.0,mm_join_12,0.0,610583.0,0.0,passive_inside_buy,,,
worse,round1-day-1,-1,984100,54,45,long_40_59,10006,10015,9,10010.5,10008.7,10.5,rich,-0.4,-1.7999999999992724,sell_pressure,6.5,True,shock,3,clear_sell,take1,0,18,18,0,11,0,11,1,sell_take1_16,take1,540506.0,hold,54.0,540506.0,0.0,take_b1,,,
worse,round1-day-1,-1,984300,47,47,long_40_59,9996,10006,10,10001.0,10004.125,1.0,neutral,0.625,3.125,buy_pressure,-3.0,False,steady,1,passive_one_sided_buy,one_sided_mm,0,0,0,9,0,9,0,0,hold,hold,470446.0,mm_join_12,0.0,470446.0,0.0,passive_inside_buy,,,
worse,round1-day-1,-1,989500,43,43,long_40_59,10000,10010,10,10005.0,10001.176470588236,5.0,rich,-0.7647058823529411,-3.823529411763957,sell_pressure,2.0,False,steady,1,passive_one_sided_sell,one_sided_mm,0,0,0,0,14,0,14,0,hold,hold,430340.0,mm_join_12,0.0,430340.0,0.0,passive_inside_sell,,,
worse,round1-day-1,-1,995700,56,56,long_40_59,9994,10004,10,9999.0,10002.461538461539,-1.0,neutral,0.6923076923076923,3.4615384615390212,buy_pressure,-3.0,False,steady,1,passive_one_sided_buy,one_sided_mm,0,0,0,9,0,9,0,0,hold,hold,560231.0,mm_join_12,0.0,560231.0,0.0,passive_inside_buy,,,
worse,round1-day-1,-1,998000,61,61,long_60_plus,9992,10004,12,9998.0,10002.125,-2.0,cheap,0.6875,4.125,buy_pressure,-3.5,True,shock,1,passive_one_sided_buy,one_sided_mm,0,0,0,6,0,6,0,0,hold,hold,610122.0,mm_join_12,0.0,610122.0,0.0,passive_inside_buy,,,
worse,round1-day-1,-1,998100,61,56,long_60_plus,10000,10010,10,10005.0,10003.333333333334,5.0,rich,-0.3333333333333333,-1.6666666666660603,mixed_pressure,7.0,True,shock,2,clear_sell,take1,0,5,5,6,0,0,0,1,hold,hold,610122.0,mm_join_12,0.0,610112.0,10.0,take_b1,,,
worse,round1-day-2,-2,1700,14,14,flat_19,9999,10010,11,10004.5,10001.2,4.5,rich,-0.6,-3.2999999999992724,sell_pressure,10.5,True,shock,1,passive_one_sided_sell,one_sided_mm,0,0,0,0,9,0,9,0,hold,hold,161265.0,mm_join_12,0.0,161265.0,0.0,passive_inside_sell,,,
worse,round1-day-2,-2,2300,14,14,flat_19,10000,10011,11,10005.5,10003.4375,5.5,rich,-0.375,-2.0625,sell_pressure,3.5,True,shock,1,passive_one_sided_sell,one_sided_mm,0,0,0,0,9,0,9,0,hold,hold,161265.0,mm_join_12,0.0,161265.0,0.0,passive_inside_sell,,,
worse,round1-day-2,-2,4800,6,6,flat_19,9995,10007,12,10001.0,10005.666666666666,1.0,neutral,0.7777777777777778,4.66666666666606,buy_pressure,-12.0,True,shock,1,passive_one_sided_buy,one_sided_mm,0,0,0,12,0,12,0,0,hold,hold,81185.0,mm_join_12,0.0,81185.0,0.0,passive_inside_buy,,,
worse,round1-day-2,-2,5300,6,6,flat_19,10002,10012,10,10007.0,10004.105263157895,7.0,rich,-0.5789473684210527,-2.894736842104976,sell_pressure,3.5,True,shock,1,passive_one_sided_sell,one_sided_mm,0,0,0,0,9,0,9,0,hold,hold,81185.0,mm_join_12,0.0,81185.0,0.0,passive_inside_sell,,,
worse,round1-day-2,-2,5800,6,6,flat_19,10001,10012,11,10006.5,10003.75,6.5,rich,-0.5,-2.75,sell_pressure,2.5,True,shock,1,passive_one_sided_sell,one_sided_mm,0,0,0,0,9,0,9,0,hold,hold,81185.0,mm_join_12,0.0,81185.0,0.0,passive_inside_sell,,,
worse,round1-day-2,-2,6000,6,6,flat_19,9996,10006,10,10001.0,10004.333333333334,1.0,neutral,0.6666666666666666,3.3333333333339397,buy_pressure,-4.5,True,shock,1,passive_one_sided_buy,one_sided_mm,0,0,0,9,0,9,0,0,hold,hold,81185.0,mm_join_12,0.0,81185.0,0.0,passive_inside_buy,,,
worse,round1-day-2,-2,7800,-2,-2,flat_19,10002,10015,13,10008.5,10004.08,8.5,rich,-0.68,-4.420000000000073,sell_pressure,5.0,True,shock,1,passive_one_sided_sell,one_sided_mm,0,0,0,0,9,0,9,0,hold,hold,1089.0,mm_join_12,0.0,1089.0,0.0,passive_inside_sell,,,
worse,round1-day-2,-2,8900,-8,-8,flat_19,10003,10013,10,10008.0,10004.42857142857,8.0,rich,-0.7142857142857143,-3.571428571429351,sell_pressure,3.0,True,shock,1,passive_one_sided_sell,one_sided_mm,0,0,0,0,9,0,9,0,hold,hold,-58947.0,mm_join_12,0.0,-58947.0,0.0,passive_inside_sell,,,
worse,round1-day-2,-2,10400,-8,-8,flat_19,10007,10017,10,10012.0,10010.333333333334,12.0,rich,-0.3333333333333333,-1.6666666666660603,mixed_pressure,3.0,True,shock,1,passive_one_sided_buy,one_sided_mm,0,0,0,9,0,0,0,0,sell_take1_16,take1,-58947.0,hold,10.0,-58957.0,10.0,passive_inside_buy,,,
worse,round1-day-2,-2,11600,-8,-8,flat_19,10006,10017,11,10011.5,10009.235294117647,11.5,rich,-0.4117647058823529,-2.264705882353155,sell_pressure,1.5,True,shock,1,passive_one_sided_sell,one_sided_mm,0,0,0,0,9,0,9,0,sell_take1_16,take1,-58957.0,sell_take2_32,0.0,-58962.0,5.0,passive_inside_sell,,,
worse,round1-day-2,-2,12400,-8,-8,flat_19,10006,10016,10,10011.0,10007.176470588236,11.0,rich,-0.7647058823529411,-3.823529411763957,sell_pressure,3.0,True,shock,1,passive_one_sided_sell,one_sided_mm,0,0,0,0,9,0,9,0,sell_take1_16,take1,-58962.0,hold,2.0,-58964.0,2.0,passive_inside_sell,,,
worse,round1-day-2,-2,13100,-8,-8,flat_19,10006,10017,11,10011.5,10007.833333333334,11.5,rich,-0.6666666666666666,-3.6666666666660603,sell_pressure,2.5,True,shock,1,passive_one_sided_sell,one_sided_mm,0,0,0,0,9,0,9,0,sell_take1_16,take1,-58964.0,sell_take2_32,0.0,-58966.0,2.0,passive_inside_sell,,,
worse,round1-day-2,-2,21400,-18,-18,flat_19,9996,10008,12,10002.0,10006.95652173913,2.0,rich,0.8260869565217391,4.956521739130039,buy_pressure,-6.0,True,shock,1,passive_one_sided_buy,one_sided_mm,0,0,0,9,0,9,0,0,hold,hold,-159290.0,mm_join_12,0.0,-159290.0,0.0,passive_inside_buy,,,
worse,round1-day-2,-2,23000,-18,-18,flat_19,10004,10014,10,10009.0,10006.777777777777,9.0,rich,-0.4444444444444444,-2.2222222222226264,sell_pressure,3.0,True,shock,1,passive_one_sided_sell,one_sided_mm,0,0,0,0,9,0,9,0,hold,hold,-159300.0,mm_join_12,0.0,-159300.0,0.0,passive_inside_sell,,,
worse,round1-day-2,-2,28400,-28,-28,short_20_39,10001,10011,10,10006.0,10002.538461538461,6.0,rich,-0.6923076923076923,-3.4615384615390212,sell_pressure,3.0,True,shock,1,passive_one_sided_sell,one_sided_mm,0,0,0,0,9,0,9,0,hold,hold,-259411.0,mm_join_12,0.0,-259411.0,0.0,passive_inside_sell,,,
worse,round1-day-2,-2,28700,-28,-30,short_20_39,10000,10011,11,10005.5,10003.142857142857,5.5,rich,-0.42857142857142855,-2.357142857143117,sell_pressure,-5.5,True,shock,1,passive_one_sided_sell,one_sided_mm,0,0,0,0,9,0,9,0,mm_inside_12,mm_inside,-259411.0,mm_inside_20,0.0,-259411.0,0.0,passive_inside_sell,,,
worse,round1-day-2,-2,33300,-75,-75,short_60_plus,10003,10013,10,10008.0,10004.666666666666,8.0,rich,-0.6666666666666666,-3.3333333333339397,sell_pressure,3.0,True,shock,2,passive_two_sided,mm_inside,0,0,0,11,5,0,5,0,hold,hold,-729821.0,mm_join_12,0.0,-729821.0,0.0,,,,
worse,round1-day-2,-2,33400,-75,-75,short_60_plus,10003,10013,10,10008.0,10004.333333333334,8.0,rich,-0.7333333333333333,-3.6666666666660603,sell_pressure,0.0,True,shock,2,passive_two_sided,mm_inside,0,0,0,11,5,0,5,0,hold,hold,-729821.0,mm_join_12,0.0,-729821.0,0.0,,,,
worse,round1-day-2,-2,35600,-75,-75,short_60_plus,9997,10006,9,10001.5,10003.923076923076,1.5,neutral,0.5384615384615384,2.4230769230762235,buy_pressure,7.5,True,shock,2,passive_two_sided,mm_inside,0,0,0,14,5,14,0,0,hold,hold,-729821.0,mm_join_12,0.0,-729821.0,0.0,,,,
worse,round1-day-2,-2,37400,-80,-80,short_60_plus,10002,10013,11,10007.5,10004.75,7.5,rich,-0.5,-2.75,sell_pressure,3.5,True,shock,0,hold,hold,0,0,0,0,0,0,0,0,hold,hold,-779949.0,mm_join_12,0.0,-779949.0,0.0,,,,
worse,round1-day-2,-2,38300,-80,-80,short_60_plus,9996,10006,10,10001.0,10003.222222222223,1.0,neutral,0.4444444444444444,2.2222222222226264,buy_pressure,-12.0,True,shock,1,passive_one_sided_buy,one_sided_mm,0,0,0,14,0,14,0,0,buy_take1_16,take1,-779949.0,hold,3.0,-779952.0,3.0,passive_inside_buy,,,
worse,round1-day-2,-2,39600,-80,-80,short_60_plus,10002,10013,11,10007.5,10004.75,7.5,rich,-0.5,-2.75,sell_pressure,2.5,True,shock,0,hold,hold,0,0,0,0,0,0,0,0,hold,hold,-779952.0,mm_join_12,0.0,-779952.0,0.0,,,,
worse,round1-day-2,-2,40300,-80,-80,short_60_plus,10003,10013,10,10008.0,10005.142857142857,8.0,rich,-0.5714285714285714,-2.857142857143117,sell_pressure,2.0,True,shock,1,passive_one_sided_buy,one_sided_mm,0,0,0,11,0,0,0,0,hold,hold,-779952.0,mm_join_12,0.0,-779952.0,0.0,passive_inside_buy,,,
worse,round1-day-2,-2,41100,-72,-72,short_60_plus,10002,10012,10,10007.0,10004.222222222223,7.0,rich,-0.5555555555555556,-2.7777777777773736,sell_pressure,7.5,True,shock,2,passive_two_sided,mm_inside,0,0,0,11,6,0,6,0,hold,hold,-699944.0,mm_join_12,0.0,-699944.0,0.0,,,,
worse,round1-day-2,-2,42000,-75,-75,short_60_plus,9996,10006,10,10001.0,10003.333333333334,1.0,neutral,0.4666666666666667,2.3333333333339397,buy_pressure,-3.0,False,steady,2,passive_two_sided,mm_inside,0,0,0,14,5,14,0,0,buy_take1_16,take1,-730029.0,hold,15.0,-730044.0,15.0,,,,
worse,round1-day-2,-2,42100,-75,-75,short_60_plus,10002,10015,13,10008.5,10004.6,8.5,rich,-0.6,-3.899999999999636,sell_pressure,7.5,True,shock,1,passive_one_sided_sell,one_sided_mm,0,0,0,0,5,0,5,0,hold,hold,-730044.0,mm_join_12,0.0,-730044.0,0.0,passive_inside_sell,,,
worse,round1-day-2,-2,42500,-75,-75,short_60_plus,9994,10006,12,10000.0,10003.777777777777,0.0,neutral,0.6296296296296297,3.7777777777773736,buy_pressure,-4.0,True,shock,2,passive_two_sided,mm_inside,0,0,0,11,5,11,0,0,buy_take1_16,take1,-730044.0,hold,21.0,-730065.0,21.0,,,,
worse,round1-day-2,-2,45000,-69,-69,short_60_plus,9995,10004,9,9999.5,10001.0,-0.5,neutral,0.3333333333333333,1.5,mixed_pressure,-11.5,True,shock,2,passive_two_sided,mm_inside,0,0,0,14,9,14,0,0,buy_take1_16,take1,-670084.0,buy_take2_32,17.0,-670118.0,34.0,,,,
worse,round1-day-2,-2,46100,-73,-80,short_60_plus,10005,10014,9,10009.5,10007.727272727272,9.5,rich,-0.3939393939393939,-1.7727272727279342,sell_pressure,4.0,True,shock,1,take_sell,take1,0,7,7,0,0,0,0,1,hold,hold,-710169.0,mm_join_12,0.0,-710225.0,56.0,take_b1,,,
worse,round1-day-2,-2,46700,-80,-80,short_60_plus,9994,10006,12,10000.0,10005.172413793103,0.0,neutral,0.8620689655172413,5.17241379310326,buy_pressure,-5.0,True,shock,1,passive_one_sided_buy,one_sided_mm,0,0,0,11,0,11,0,0,buy_take1_16,take1,-780244.0,buy_take2_32,19.0,-780265.0,21.0,passive_inside_buy,,,
worse,round1-day-2,-2,49500,-80,-80,short_60_plus,9998,10007,9,10002.5,10005.2,2.5,rich,0.6,2.7000000000007276,buy_pressure,-2.5,False,steady,1,passive_one_sided_buy,one_sided_mm,0,0,0,14,0,14,0,0,buy_take1_16,take1,-780305.0,hold,6.0,-780311.0,6.0,passive_inside_buy,,,
worse,round1-day-2,-2,50500,-80,-80,short_60_plus,10005,10018,13,10011.5,10005.92857142857,11.5,rich,-0.8571428571428571,-5.571428571429351,sell_pressure,4.5,True,shock,0,hold,hold,0,0,0,0,0,0,0,0,hold,hold,-780340.0,mm_join_12,0.0,-780340.0,0.0,,,,
worse,round1-day-2,-2,51100,-80,-80,short_60_plus,10005,10018,13,10011.5,10006.857142857143,11.5,rich,-0.7142857142857143,-4.642857142856883,sell_pressure,4.5,True,shock,0,hold,hold,0,0,0,0,0,0,0,0,hold,hold,-780340.0,mm_join_12,0.0,-780340.0,0.0,,,,
worse,round1-day-2,-2,55200,-70,-70,short_60_plus,10005,10018,13,10011.5,10006.695652173914,11.5,rich,-0.7391304347826086,-4.804347826086087,sell_pressure,4.5,True,shock,2,passive_two_sided,mm_inside,0,0,0,11,6,0,6,0,sell_take1_16,take1,-680340.0,hold,7.0,-680347.0,7.0,,,,
worse,round1-day-2,-2,56500,-76,-76,short_60_plus,10002,10013,11,10007.5,10005.142857142857,7.5,rich,-0.42857142857142855,-2.357142857143117,sell_pressure,2.5,True,shock,2,passive_two_sided,mm_inside,0,0,0,11,4,0,4,0,sell_take1_16,take1,-740419.0,hold,8.0,-740427.0,8.0,,,,
worse,round1-day-2,-2,58300,-70,-70,short_60_plus,9997,10006,9,10001.5,10003.42857142857,1.5,neutral,0.42857142857142855,1.928571428570649,buy_pressure,4.5,True,shock,2,passive_two_sided,mm_inside,0,0,0,14,9,14,0,0,hold,hold,-680433.0,mm_join_12,0.0,-680433.0,0.0,,,,
worse,round1-day-2,-2,58500,-70,-70,short_60_plus,9994,10006,12,10000.0,10004.5,0.0,neutral,0.75,4.5,buy_pressure,-5.0,True,shock,2,passive_two_sided,mm_inside,0,0,0,11,6,11,0,0,hold,hold,-680433.0,mm_join_12,0.0,-680433.0,0.0,,,,
worse,round1-day-2,-2,62400,-70,-70,short_60_plus,9999,10009,10,10004.0,10001.35294117647,4.0,rich,-0.5294117647058824,-2.6470588235297328,sell_pressure,3.0,False,steady,1,passive_one_sided_sell,one_sided_mm,0,0,0,0,9,0,9,0,hold,hold,-680433.0,mm_join_12,0.0,-680433.0,0.0,passive_inside_sell,,,
worse,round1-day-2,-2,63200,-63,-63,short_60_plus,9993,10003,10,9998.0,10001.235294117647,-2.0,cheap,0.6470588235294118,3.235294117646845,buy_pressure,4.0,True,shock,1,passive_one_sided_sell,one_sided_mm,0,0,0,0,9,0,0,0,hold,hold,-610440.0,mm_join_12,0.0,-610440.0,0.0,passive_inside_sell,,,
worse,round1-day-2,-2,63500,-63,-63,short_60_plus,9991,10003,12,9997.0,10001.153846153846,-3.0,cheap,0.6923076923076923,4.153846153845734,buy_pressure,-6.0,True,shock,1,passive_one_sided_buy,one_sided_mm,0,0,0,12,0,12,0,0,hold,hold,-610440.0,mm_join_12,0.0,-610440.0,0.0,passive_inside_buy,,,
worse,round1-day-2,-2,64200,-63,-63,short_60_plus,9993,10003,10,9998.0,10000.368421052632,-2.0,cheap,0.47368421052631576,2.3684210526316747,buy_pressure,-3.0,False,steady,1,passive_one_sided_sell,one_sided_mm,0,0,0,0,9,0,0,0,hold,hold,-610440.0,mm_join_12,0.0,-610440.0,0.0,passive_inside_sell,,,
worse,round1-day-2,-2,65100,-63,-63,short_60_plus,9997,10008,11,10002.5,9999.315789473685,2.5,rich,-0.5789473684210527,-3.184210526314928,sell_pressure,2.5,False,steady,2,passive_two_sided,mm_inside,0,0,0,14,9,14,9,0,hold,hold,-610440.0,mm_join_12,0.0,-610440.0,0.0,,,,
worse,round1-day-2,-2,66800,-63,-59,short_60_plus,9990,9999,9,9994.5,9997.105263157895,-5.5,cheap,0.5789473684210527,2.605263157895024,buy_pressure,-3.5,True,shock,3,clear_buy,take1,8,0,8,12,0,12,0,1,buy_take1_16,take1,-610440.0,hold,4.0,-610440.0,0.0,take_a1,,,
worse,round1-day-2,-2,67700,-51,-49,short_40_59,9987,9999,12,9993.0,9998.225806451614,-7.0,cheap,0.8709677419354839,5.225806451613607,buy_pressure,-3.5,True,shock,2,clear_buy,take1,2,0,2,12,0,12,0,1,buy_take1_16,take1,-490524.0,hold,2.0,-490524.0,0.0,take_a1,,,
worse,round1-day-2,-2,71600,-44,-44,short_40_59,9996,10006,10,10001.0,9997.666666666666,1.0,neutral,-0.6666666666666666,-3.3333333333339397,sell_pressure,3.0,False,steady,1,passive_one_sided_sell,one_sided_mm,0,0,0,0,9,0,9,0,hold,hold,-420586.0,mm_join_12,0.0,-420586.0,0.0,passive_inside_sell,,,
worse,round1-day-2,-2,72800,-36,-36,short_20_39,9990,10000,10,9995.0,9996.666666666666,-5.0,cheap,0.3333333333333333,1.6666666666660603,mixed_pressure,-8.5,True,shock,1,passive_one_sided_sell,one_sided_mm,0,0,0,0,9,0,0,0,hold,hold,-340660.0,mm_join_12,0.0,-340660.0,0.0,passive_inside_sell,,,
worse,round1-day-2,-2,74600,-29,-29,short_20_39,9989,10001,12,9995.0,10000.25,-5.0,cheap,0.875,5.25,buy_pressure,-4.0,True,shock,1,passive_one_sided_buy,one_sided_mm,0,0,0,10,0,10,0,0,hold,hold,-270854.0,mm_join_12,0.0,-270854.0,0.0,passive_inside_buy,,,
worse,round1-day-2,-2,75300,-29,-29,short_20_39,9991,10001,10,9996.0,9998.692307692309,-4.0,cheap,0.5384615384615384,2.692307692308532,buy_pressure,-3.5,True,shock,1,passive_one_sided_buy,one_sided_mm,0,0,0,10,0,10,0,0,hold,hold,-270854.0,mm_join_12,0.0,-270854.0,0.0,passive_inside_buy,,,
worse,round1-day-2,-2,75600,-29,-29,short_20_39,9992,10001,9,9996.5,9999.615384615385,-3.5,cheap,0.6923076923076923,3.1153846153847553,buy_pressure,-3.5,True,shock,1,passive_one_sided_buy,one_sided_mm,0,0,0,10,0,10,0,0,hold,hold,-270854.0,mm_join_12,0.0,-270854.0,0.0,passive_inside_buy,,,
worse,round1-day-2,-2,77700,-53,-59,short_40_59,10003,10012,9,10007.5,10004.8,7.5,rich,-0.6,-2.7000000000007276,sell_pressure,7.5,True,shock,3,take_sell,take1,0,6,6,11,6,0,6,1,sell_take1_16,take1,-510904.0,hold,18.0,-510904.0,0.0,take_b1,,,
worse,round1-day-2,-2,85500,-72,-72,short_60_plus,9996,10006,10,10001.0,9998.5,1.0,neutral,-0.5,-2.5,sell_pressure,3.0,False,steady,1,passive_one_sided_sell,one_sided_mm,0,0,0,0,8,0,8,0,hold,hold,-701061.0,mm_join_12,0.0,-701061.0,0.0,passive_inside_sell,,,
worse,round1-day-2,-2,86900,-68,-68,short_60_plus,10001,10010,9,10005.5,10002.666666666666,5.5,rich,-0.6296296296296297,-2.8333333333339397,sell_pressure,6.5,True,shock,1,passive_one_sided_sell,one_sided_mm,0,0,0,0,6,0,6,0,sell_take1_16,take1,-661147.0,hold,10.0,-661157.0,10.0,passive_inside_sell,,,
worse,round1-day-2,-2,87800,-68,-68,short_60_plus,9996,10006,10,10001.0,9998.631578947368,1.0,neutral,-0.47368421052631576,-2.3684210526316747,sell_pressure,4.0,True,shock,1,passive_one_sided_sell,one_sided_mm,0,0,0,0,6,0,6,0,hold,hold,-661157.0,mm_join_12,0.0,-661157.0,0.0,passive_inside_sell,,,
worse,round1-day-2,-2,93200,-59,-59,short_40_59,9994,10007,13,10000.5,9995.625,0.5,neutral,-0.75,-4.875,sell_pressure,5.5,True,shock,1,passive_one_sided_sell,one_sided_mm,0,0,0,0,6,0,6,0,hold,hold,-571229.0,mm_join_12,0.0,-571229.0,0.0,passive_inside_sell,,,
worse,round1-day-2,-2,95600,-70,-68,short_60_plus,9989,9999,10,9994.0,9997.823529411764,-6.0,cheap,0.7647058823529411,3.823529411763957,buy_pressure,-12.0,True,shock,2,clear_buy,take1,2,0,2,12,0,12,0,1,hold,hold,-681262.0,mm_join_12,0.0,-681262.0,0.0,take_a1,,,
worse,round1-day-2,-2,95900,-68,-63,short_60_plus,9989,9999,10,9994.0,9995.666666666666,-6.0,cheap,0.3333333333333333,1.6666666666660603,mixed_pressure,-3.0,True,shock,2,clear_buy,take1,5,0,5,0,6,0,0,1,hold,hold,-661264.0,mm_join_12,0.0,-661264.0,0.0,take_a1,,,
worse,round1-day-2,-2,96000,-63,-63,short_60_plus,9995,10006,11,10000.5,9996.833333333334,0.5,neutral,-0.6666666666666666,-3.6666666666660603,sell_pressure,6.5,True,shock,1,passive_one_sided_sell,one_sided_mm,0,0,0,0,6,0,6,0,hold,hold,-611269.0,mm_join_12,0.0,-611269.0,0.0,passive_inside_sell,,,
worse,round1-day-2,-2,97600,-68,-65,short_60_plus,9987,9999,12,9993.0,9997.90909090909,-7.0,cheap,0.8181818181818182,4.909090909090082,buy_pressure,-4.0,True,shock,2,clear_buy,take1,3,0,3,12,0,12,0,1,hold,hold,-661327.0,mm_join_12,0.0,-661327.0,0.0,take_a1,,,
worse,round1-day-2,-2,97900,-65,-65,short_60_plus,9995,10006,11,10000.5,9996.833333333334,0.5,neutral,-0.6666666666666666,-3.6666666666660603,sell_pressure,2.0,False,steady,2,passive_two_sided,mm_inside,0,0,0,14,9,14,9,0,hold,hold,-631330.0,mm_join_12,0.0,-631330.0,0.0,,,,
worse,round1-day-2,-2,100100,-62,-62,short_60_plus,9993,10003,10,9998.0,9994.875,-2.0,cheap,-0.625,-3.125,sell_pressure,3.0,False,steady,1,passive_one_sided_sell,one_sided_mm,0,0,0,0,9,0,9,0,mm_inside_12,mm_inside,-601357.0,mm_inside_20,0.0,-601357.0,0.0,passive_inside_sell,,,
worse,round1-day-2,-2,100600,-58,-58,short_40_59,9991,10002,11,9996.5,9992.692307692309,-3.5,cheap,-0.6923076923076923,-3.807692307691468,sell_pressure,2.0,False,steady,1,passive_one_sided_sell,one_sided_mm,0,0,0,0,9,0,9,0,hold,hold,-561404.0,mm_join_12,0.0,-561404.0,0.0,passive_inside_sell,,,
worse,round1-day-2,-2,102400,-63,-63,short_60_plus,9990,10001,11,9995.5,9992.894736842105,-4.5,cheap,-0.47368421052631576,-2.605263157895024,sell_pressure,10.5,True,shock,1,passive_one_sided_sell,one_sided_mm,0,0,0,0,6,0,0,0,hold,hold,-611404.0,mm_join_12,0.0,-611404.0,0.0,passive_inside_sell,,,
worse,round1-day-2,-2,102700,-63,-63,short_60_plus,9991,10004,13,9997.5,9993.5,-2.5,cheap,-0.6153846153846154,-4.0,sell_pressure,4.5,True,shock,1,passive_one_sided_sell,one_sided_mm,0,0,0,0,6,0,6,0,hold,hold,-611404.0,mm_join_12,0.0,-611404.0,0.0,passive_inside_sell,,,
worse,round1-day-2,-2,103400,-54,-51,short_40_59,9987,9996,9,9991.5,9993.923076923076,-8.5,cheap,0.5384615384615384,2.4230769230762235,buy_pressure,2.5,True,shock,3,clear_buy,take1,6,0,6,12,0,12,0,1,buy_take1_16,take1,-521476.0,hold,9.0,-521476.0,0.0,take_a1,,,
worse,round1-day-2,-2,105300,-50,-50,short_40_59,9995,10005,10,10000.0,9997.666666666666,0.0,neutral,-0.4666666666666667,-2.3333333333339397,sell_pressure,4.0,True,shock,1,passive_one_sided_sell,one_sided_mm,0,0,0,0,6,0,6,0,hold,hold,-481584.0,mm_join_12,0.0,-481584.0,0.0,passive_inside_sell,,,
worse,round1-day-2,-2,106200,-46,-46,short_40_59,9990,9999,9,9994.5,9996.5,-5.5,cheap,0.4444444444444444,2.0,buy_pressure,-2.0,False,steady,1,passive_one_sided_buy,one_sided_mm,0,0,0,15,0,15,0,0,hold,hold,-441624.0,mm_join_12,0.0,-441624.0,0.0,passive_inside_buy,,,
worse,round1-day-2,-2,108800,-34,-25,short_20_39,9990,10000,10,9995.0,9998.125,-5.0,cheap,0.625,3.125,buy_pressure,-2.0,False,steady,1,passive_one_sided_buy,one_sided_mm,0,0,0,13,0,13,0,0,mm_inside_12,mm_inside,-321702.0,mm_inside_20,0.0,-321702.0,0.0,passive_inside_buy,,,
worse,round1-day-2,-2,111500,-25,-25,short_20_39,9997,10007,10,10002.0,9998.176470588236,2.0,rich,-0.7647058823529411,-3.823529411763957,sell_pressure,3.0,False,steady,1,passive_one_sided_buy,one_sided_mm,0,0,0,12,0,0,0,0,hold,hold,-231783.0,mm_join_12,0.0,-231783.0,0.0,passive_inside_buy,,,
worse,round1-day-2,-2,112900,-14,-14,flat_19,10000,10011,11,10005.5,10001.375,5.5,rich,-0.75,-4.125,sell_pressure,2.5,False,steady,1,passive_one_sided_sell,one_sided_mm,0,0,0,0,12,0,12,0,sell_take1_16,take1,-121848.0,hold,2.0,-121850.0,2.0,passive_inside_sell,,,
worse,round1-day-2,-2,113400,-9,-9,flat_19,9994,10004,10,9999.0,10001.368421052632,-1.0,neutral,0.47368421052631576,2.3684210526316747,buy_pressure,-5.0,True,shock,1,passive_one_sided_buy,one_sided_mm,0,0,0,9,0,9,0,0,hold,hold,-71870.0,mm_join_12,0.0,-71870.0,0.0,passive_inside_buy,,,
worse,round1-day-2,-2,114000,-13,-13,flat_19,10000,10013,13,10006.5,10001.733333333334,6.5,rich,-0.7333333333333333,-4.766666666666424,sell_pressure,12.5,True,shock,1,passive_one_sided_sell,one_sided_mm,0,0,0,0,9,0,9,0,sell_take1_16,take1,-111906.0,hold,4.0,-111910.0,4.0,passive_inside_sell,,,
worse,round1-day-2,-2,115500,-22,-22,short_20_39,9999,10009,10,10004.0,10000.666666666666,4.0,rich,-0.6666666666666666,-3.3333333333339397,sell_pressure,2.0,False,steady,1,passive_one_sided_sell,one_sided_mm,0,0,0,0,12,0,12,0,hold,hold,-202011.0,mm_join_12,0.0,-202011.0,0.0,passive_inside_sell,,,
worse,round1-day-2,-2,117600,-22,-22,short_20_39,9999,10010,11,10004.5,10000.941176470587,4.5,rich,-0.6470588235294118,-3.5588235294126207,sell_pressure,3.5,True,shock,1,passive_one_sided_sell,one_sided_mm,0,0,0,0,9,0,9,0,hold,hold,-202011.0,mm_join_12,0.0,-202011.0,0.0,passive_inside_sell,,,
worse,round1-day-2,-2,117900,-22,-26,short_20_39,10004,10013,9,10008.5,10005.5,8.5,rich,-0.6666666666666666,-3.0,sell_pressure,14.5,True,shock,2,take_sell,take1,0,4,4,0,9,0,9,1,sell_take1_16,take1,-202011.0,hold,22.0,-202011.0,0.0,take_b1,,,
worse,round1-day-2,-2,119500,-27,-27,short_20_39,9993,10003,10,9998.0,9999.666666666666,-2.0,cheap,0.3333333333333333,1.6666666666660603,mixed_pressure,-3.0,False,steady,1,passive_one_sided_sell,one_sided_mm,0,0,0,0,12,0,0,0,hold,hold,-252081.0,mm_join_12,0.0,-252081.0,0.0,passive_inside_sell,,,
worse,round1-day-2,-2,119900,-27,-27,short_20_39,9994,10003,9,9998.5,10000.75,-1.5,neutral,0.5,2.25,buy_pressure,-3.5,True,shock,2,passive_two_sided,mm_inside,0,0,0,9,9,9,0,0,hold,hold,-252081.0,mm_join_12,0.0,-252081.0,0.0,,,,
worse,round1-day-2,-2,123300,-38,-38,short_20_39,9991,10003,12,9997.0,10002.2,-3.0,cheap,0.8666666666666667,5.200000000000728,buy_pressure,-4.5,True,shock,1,passive_one_sided_buy,one_sided_mm,0,0,0,10,0,10,0,0,hold,hold,-362231.0,mm_join_12,0.0,-362231.0,0.0,passive_inside_buy,,,
worse,round1-day-2,-2,128800,-38,-38,short_20_39,9989,9998,9,9993.5,9996.5,-6.5,cheap,0.6666666666666666,3.0,buy_pressure,-3.5,True,shock,1,passive_one_sided_buy,one_sided_mm,0,0,0,10,0,10,0,0,buy_take1_16,take1,-362276.0,hold,3.0,-362279.0,3.0,passive_inside_buy,,,
worse,round1-day-2,-2,129400,-38,-38,short_20_39,9993,10003,10,9998.0,9994.333333333334,-2.0,cheap,-0.7333333333333333,-3.6666666666660603,sell_pressure,10.0,True,shock,1,passive_one_sided_sell,one_sided_mm,0,0,0,0,12,0,12,0,hold,hold,-362279.0,mm_join_12,0.0,-362279.0,0.0,passive_inside_sell,,,
worse,round1-day-2,-2,131600,-38,-38,short_20_39,9995,10006,11,10000.5,9997.538461538461,0.5,neutral,-0.5384615384615384,-2.9615384615390212,sell_pressure,2.5,False,steady,1,passive_one_sided_sell,one_sided_mm,0,0,0,0,12,0,12,0,hold,hold,-362279.0,mm_join_12,0.0,-362279.0,0.0,passive_inside_sell,,,
worse,round1-day-2,-2,131700,-38,-38,short_20_39,9990,9999,9,9994.5,9997.875,-5.5,cheap,0.75,3.375,buy_pressure,-6.0,True,shock,1,passive_one_sided_buy,one_sided_mm,0,0,0,10,0,10,0,0,hold,hold,-362279.0,mm_join_12,0.0,-362279.0,0.0,passive_inside_buy,,,
worse,round1-day-2,-2,139700,-16,-16,flat_19,9997,10007,10,10002.0,9999.666666666666,2.0,rich,-0.4666666666666667,-2.3333333333339397,sell_pressure,8.0,True,shock,0,hold,hold,0,0,0,0,0,0,0,0,hold,hold,-142486.0,mm_join_12,0.0,-142486.0,0.0,,,,
worse,round1-day-2,-2,140300,-16,-16,flat_19,9993,10002,9,9997.5,10000.0,-2.5,cheap,0.5555555555555556,2.5,buy_pressure,-2.5,False,steady,1,passive_one_sided_buy,one_sided_mm,0,0,0,13,0,13,0,0,hold,hold,-142486.0,mm_join_12,0.0,-142486.0,0.0,passive_inside_buy,,,
worse,round1-day-2,-2,141000,-16,-16,flat_19,9999,10009,10,10004.0,10000.538461538461,4.0,rich,-0.6923076923076923,-3.4615384615390212,sell_pressure,8.0,True,shock,1,passive_one_sided_sell,one_sided_mm,0,0,0,0,9,0,9,0,hold,hold,-142486.0,mm_join_12,0.0,-142486.0,0.0,passive_inside_sell,,,
worse,round1-day-2,-2,142000,-20,-20,short_20_39,9999,10009,10,10004.0,10001.35294117647,4.0,rich,-0.5294117647058824,-2.6470588235297328,sell_pressure,2.0,False,steady,1,passive_one_sided_sell,one_sided_mm,0,0,0,0,12,0,12,0,sell_take1_16,take1,-182498.0,hold,1.0,-182499.0,1.0,passive_inside_sell,,,
worse,round1-day-2,-2,142500,-20,-20,short_20_39,9998,10008,10,10003.0,10000.857142857143,3.0,rich,-0.42857142857142855,-2.142857142856883,sell_pressure,3.0,False,steady,1,passive_one_sided_sell,one_sided_mm,0,0,0,0,12,0,12,0,hold,hold,-182499.0,mm_join_12,0.0,-182499.0,0.0,passive_inside_sell,,,
worse,round1-day-2,-2,142700,-20,-20,short_20_39,9990,10002,12,9996.0,10000.125,-4.0,cheap,0.6875,4.125,buy_pressure,-4.0,True,shock,1,passive_one_sided_buy,one_sided_mm,0,0,0,10,0,10,0,0,hold,hold,-182499.0,mm_join_12,0.0,-182499.0,0.0,passive_inside_buy,,,
worse,round1-day-2,-2,143900,-20,-20,short_20_39,9994,10003,9,9998.5,10001.07142857143,-1.5,neutral,0.5714285714285714,2.571428571429351,buy_pressure,-11.5,True,shock,2,passive_two_sided,mm_inside,0,0,0,12,12,12,0,0,hold,hold,-182499.0,mm_join_12,0.0,-182499.0,0.0,,,,
worse,round1-day-2,-2,147000,-20,-20,short_20_39,9998,10009,11,10003.5,9999.833333333334,3.5,rich,-0.6666666666666666,-3.6666666666660603,sell_pressure,3.5,True,shock,1,passive_one_sided_sell,one_sided_mm,0,0,0,0,9,0,9,0,hold,hold,-182499.0,mm_join_12,0.0,-182499.0,0.0,passive_inside_sell,,,
worse,round1-day-2,-2,147400,-20,-20,short_20_39,9998,10008,10,10003.0,9999.764705882353,3.0,rich,-0.6470588235294118,-3.235294117646845,sell_pressure,4.0,True,shock,1,passive_one_sided_sell,one_sided_mm,0,0,0,0,9,0,9,0,hold,hold,-182499.0,mm_join_12,0.0,-182499.0,0.0,passive_inside_sell,,,
worse,round1-day-2,-2,148900,-20,-20,short_20_39,9991,10000,9,9995.5,9998.615384615385,-4.5,cheap,0.6923076923076923,3.1153846153847553,buy_pressure,-3.5,True,shock,1,passive_one_sided_buy,one_sided_mm,0,0,0,10,0,10,0,0,hold,hold,-182499.0,mm_join_12,0.0,-182499.0,0.0,passive_inside_buy,,,
worse,round1-day-2,-2,152600,-26,-26,short_20_39,9992,10002,10,9997.0,9999.368421052632,-3.0,cheap,0.47368421052631576,2.3684210526316747,buy_pressure,-4.0,True,shock,1,passive_one_sided_buy,one_sided_mm,0,0,0,10,0,10,0,0,hold,hold,-242535.0,mm_join_12,0.0,-242535.0,0.0,passive_inside_buy,,,
worse,round1-day-2,-2,154900,-26,-26,short_20_39,9992,10001,9,9996.5,9998.1875,-3.5,cheap,0.375,1.6875,buy_pressure,-2.5,False,steady,1,passive_one_sided_buy,one_sided_mm,0,0,0,13,0,13,0,0,hold,hold,-242535.0,mm_join_12,0.0,-242535.0,0.0,passive_inside_buy,,,
worse,round1-day-2,-2,155300,-26,-26,short_20_39,9991,10000,9,9995.5,9998.2,-4.5,cheap,0.6,2.7000000000007276,buy_pressure,-3.5,True,shock,1,passive_one_sided_buy,one_sided_mm,0,0,0,10,0,10,0,0,hold,hold,-242535.0,mm_join_12,0.0,-242535.0,0.0,passive_inside_buy,,,
worse,round1-day-2,-2,156500,-26,-26,short_20_39,9995,10008,13,10001.5,9996.529411764706,1.5,neutral,-0.7647058823529411,-4.97058823529369,sell_pressure,3.0,False,steady,1,passive_one_sided_sell,one_sided_mm,0,0,0,0,12,0,12,0,hold,hold,-242535.0,mm_join_12,0.0,-242535.0,0.0,passive_inside_sell,,,
worse,round1-day-2,-2,156600,-26,-26,short_20_39,9989,9999,10,9994.0,9997.333333333334,-6.0,cheap,0.6666666666666666,3.3333333333339397,buy_pressure,-7.5,True,shock,1,passive_one_sided_buy,one_sided_mm,0,0,0,10,0,10,0,0,hold,hold,-242535.0,mm_join_12,0.0,-242535.0,0.0,passive_inside_buy,,,
worse,round1-day-2,-2,160500,-34,-34,short_20_39,9988,9997,9,9992.5,9994.923076923076,-7.5,cheap,0.5384615384615384,2.4230769230762235,buy_pressure,-11.5,True,shock,1,passive_one_sided_buy,one_sided_mm,0,0,0,10,0,10,0,0,buy_take1_16,take1,-322562.0,hold,6.0,-322568.0,6.0,passive_inside_buy,,,
worse,round1-day-2,-2,160900,-34,-34,short_20_39,9994,10007,13,10000.5,9996.09677419355,0.5,neutral,-0.6774193548387096,-4.403225806450791,sell_pressure,3.5,True,shock,1,passive_one_sided_sell,one_sided_mm,0,0,0,0,9,0,9,0,hold,hold,-322568.0,mm_join_12,0.0,-322568.0,0.0,passive_inside_sell,,,
worse,round1-day-2,-2,164900,-36,-36,short_20_39,9990,9999,9,9994.5,9996.923076923076,-5.5,cheap,0.5384615384615384,2.4230769230762235,buy_pressure,-3.5,True,shock,1,passive_one_sided_buy,one_sided_mm,0,0,0,10,0,10,0,0,hold,hold,-342576.0,mm_join_12,0.0,-342576.0,0.0,passive_inside_buy,,,
worse,round1-day-2,-2,168400,-36,-36,short_20_39,9997,10007,10,10002.0,9998.333333333334,2.0,rich,-0.7333333333333333,-3.6666666666660603,sell_pressure,3.0,False,steady,0,hold,hold,0,0,0,0,0,0,0,0,hold,hold,-342576.0,mm_join_12,0.0,-342576.0,0.0,,,,
worse,round1-day-2,-2,168600,-36,-36,short_20_39,9996,10007,11,10001.5,9998.315789473685,1.5,neutral,-0.5789473684210527,-3.184210526314928,sell_pressure,2.5,False,steady,2,passive_two_sided,mm_inside,0,0,0,12,12,12,12,0,hold,hold,-342576.0,mm_join_12,0.0,-342576.0,0.0,,,,
worse,round1-day-2,-2,168700,-36,-36,short_20_39,9996,10009,13,10002.5,9997.911764705883,2.5,rich,-0.7058823529411765,-4.588235294117112,sell_pressure,1.0,False,steady,1,passive_one_sided_sell,one_sided_mm,0,0,0,0,12,0,12,0,hold,hold,-342576.0,mm_join_12,0.0,-342576.0,0.0,passive_inside_sell,,,
worse,round1-day-2,-2,171200,-36,-36,short_20_39,9992,10001,9,9996.5,9999.714285714286,-3.5,cheap,0.7142857142857143,3.214285714286234,buy_pressure,-3.5,True,shock,1,passive_one_sided_buy,one_sided_mm,0,0,0,10,0,10,0,0,hold,hold,-342585.0,mm_join_12,0.0,-342585.0,0.0,passive_inside_buy,,,
worse,round1-day-2,-2,171900,-44,-44,short_40_59,9992,10002,10,9997.0,10000.0,-3.0,cheap,0.6,3.0,buy_pressure,-4.0,True,shock,1,passive_one_sided_buy,one_sided_mm,0,0,0,12,0,12,0,0,hold,hold,-422593.0,mm_join_12,0.0,-422593.0,0.0,passive_inside_buy,,,
worse,round1-day-2,-2,172100,-44,-44,short_40_59,9991,10001,10,9996.0,9997.666666666666,-4.0,cheap,0.3333333333333333,1.6666666666660603,mixed_pressure,-4.0,True,shock,1,passive_one_sided_sell,one_sided_mm,0,0,0,0,6,0,0,0,hold,hold,-422593.0,mm_join_12,0.0,-422593.0,0.0,passive_inside_sell,,,
worse,round1-day-2,-2,172500,-44,-44,short_40_59,9997,10007,10,10002.0,9998.42857142857,2.0,rich,-0.7142857142857143,-3.571428571429351,sell_pressure,2.0,False,steady,1,passive_one_sided_buy,one_sided_mm,0,0,0,14,0,14,0,0,hold,hold,-422593.0,mm_join_12,0.0,-422593.0,0.0,passive_inside_buy,,,
worse,round1-day-2,-2,172800,-44,-44,short_40_59,9991,10000,9,9995.5,9998.0,-4.5,cheap,0.5555555555555556,2.5,buy_pressure,-2.5,False,steady,1,passive_one_sided_buy,one_sided_mm,0,0,0,15,0,15,0,0,hold,hold,-422593.0,mm_join_12,0.0,-422593.0,0.0,passive_inside_buy,,,
worse,round1-day-2,-2,173400,-44,-44,short_40_59,9991,10001,10,9996.0,9998.333333333334,-4.0,cheap,0.4666666666666667,2.3333333333339397,buy_pressure,-3.0,False,steady,1,passive_one_sided_buy,one_sided_mm,0,0,0,15,0,15,0,0,hold,hold,-422593.0,mm_join_12,0.0,-422593.0,0.0,passive_inside_buy,,,
worse,round1-day-2,-2,173500,-44,-44,short_40_59,10001,10010,9,10005.5,10003.90322580645,5.5,rich,-0.3548387096774194,-1.5967741935492086,sell_pressure,9.5,True,shock,1,passive_one_sided_sell,one_sided_mm,0,0,0,0,6,0,6,0,sell_take1_16,take1,-422593.0,hold,30.0,-422623.0,30.0,passive_inside_sell,,,
worse,round1-day-2,-2,175000,-42,-42,short_40_59,9998,10008,10,10003.0,10000.631578947368,3.0,rich,-0.47368421052631576,-2.3684210526316747,sell_pressure,3.0,False,steady,1,passive_one_sided_sell,one_sided_mm,0,0,0,0,12,0,12,0,hold,hold,-402676.0,mm_join_12,0.0,-402676.0,0.0,passive_inside_sell,,,
worse,round1-day-2,-2,175800,-38,-38,short_20_39,9993,10003,10,9998.0,10000.5,-2.0,cheap,0.5,2.5,buy_pressure,-13.0,True,shock,1,passive_one_sided_sell,one_sided_mm,0,0,0,0,12,0,0,0,hold,hold,-362732.0,mm_join_12,0.0,-362732.0,0.0,passive_inside_sell,,,
worse,round1-day-2,-2,176300,-38,-38,short_20_39,9992,10002,10,9997.0,9999.058823529413,-3.0,cheap,0.4117647058823529,2.0588235294126207,buy_pressure,-4.0,True,shock,1,passive_one_sided_buy,one_sided_mm,0,0,0,10,0,10,0,0,hold,hold,-362732.0,mm_join_12,0.0,-362732.0,0.0,passive_inside_buy,,,
worse,round1-day-2,-2,176800,-38,-38,short_20_39,9997,10007,10,10002.0,9999.631578947368,2.0,rich,-0.47368421052631576,-2.3684210526316747,sell_pressure,3.0,False,steady,0,hold,hold,0,0,0,0,0,0,0,0,hold,hold,-362732.0,mm_join_12,0.0,-362732.0,0.0,,,,
worse,round1-day-2,-2,180000,-48,-48,short_40_59,9993,10002,9,9997.5,9999.0,-2.5,cheap,0.3333333333333333,1.5,mixed_pressure,-3.5,True,shock,1,passive_one_sided_sell,one_sided_mm,0,0,0,0,6,0,0,0,hold,hold,-462812.0,mm_join_12,0.0,-462812.0,0.0,passive_inside_sell,,,
worse,round1-day-2,-2,181700,-48,-45,short_40_59,9992,10001,9,9996.5,9999.411764705883,-3.5,cheap,0.6470588235294118,2.911764705882888,buy_pressure,-2.5,False,steady,2,clear_buy,take1,3,0,3,15,0,15,0,1,hold,hold,-462812.0,mm_join_12,0.0,-462821.0,9.0,take_a1,,,
worse,round1-day-2,-2,181800,-45,-45,short_40_59,9998,10008,10,10003.0,9999.666666666666,3.0,rich,-0.6666666666666666,-3.3333333333339397,sell_pressure,6.5,True,shock,1,passive_one_sided_sell,one_sided_mm,0,0,0,0,6,0,6,0,hold,hold,-432818.0,mm_join_12,0.0,-432818.0,0.0,passive_inside_sell,,,
worse,round1-day-2,-2,186900,-52,-52,short_40_59,9997,10008,11,10002.5,9998.375,2.5,rich,-0.75,-4.125,sell_pressure,2.5,False,steady,2,passive_two_sided,mm_inside,0,0,0,14,9,14,9,0,hold,hold,-503031.0,mm_join_12,0.0,-503031.0,0.0,,,,
worse,round1-day-2,-2,187300,-52,-52,short_40_59,9998,10008,10,10003.0,10000.941176470587,3.0,rich,-0.4117647058823529,-2.0588235294126207,sell_pressure,3.0,False,steady,1,passive_one_sided_sell,one_sided_mm,0,0,0,0,9,0,9,0,sell_take1_16,take1,-503031.0,hold,4.0,-503035.0,4.0,passive_inside_sell,,,
worse,round1-day-2,-2,191800,-49,-49,short_40_59,9996,10007,11,10001.5,9997.941176470587,1.5,neutral,-0.6470588235294118,-3.5588235294126207,sell_pressure,1.5,False,steady,2,passive_two_sided,mm_inside,0,0,0,14,9,14,9,0,hold,hold,-473107.0,mm_join_12,0.0,-473107.0,0.0,,,,
worse,round1-day-2,-2,193100,-45,-45,short_40_59,9995,10008,13,10001.5,9997.03125,1.5,neutral,-0.6875,-4.46875,sell_pressure,3.5,True,shock,2,passive_two_sided,mm_inside,0,0,0,11,6,11,6,0,hold,hold,-433168.0,mm_join_12,0.0,-433168.0,0.0,,,,
worse,round1-day-2,-2,193800,-45,-45,short_40_59,9995,10006,11,10000.5,9997.357142857143,0.5,neutral,-0.5714285714285714,-3.142857142856883,sell_pressure,10.5,True,shock,2,passive_two_sided,mm_inside,0,0,0,14,9,14,9,0,hold,hold,-433168.0,mm_join_12,0.0,-433168.0,0.0,,,,
worse,round1-day-2,-2,196100,-36,-36,short_20_39,9993,10004,11,9998.5,9995.538461538461,-1.5,neutral,-0.5384615384615384,-2.9615384615390212,sell_pressure,2.5,False,steady,1,passive_one_sided_sell,one_sided_mm,0,0,0,0,12,0,12,0,hold,hold,-343266.0,mm_join_12,0.0,-343266.0,0.0,passive_inside_sell,,,
worse,round1-day-2,-2,197200,-33,-33,short_20_39,9986,9996,10,9991.0,9994.57142857143,-9.0,cheap,0.7142857142857143,3.571428571429351,buy_pressure,-4.0,True,shock,1,passive_one_sided_buy,one_sided_mm,0,0,0,10,0,10,0,0,buy_take1_16,take1,-313302.0,hold,2.0,-313304.0,2.0,passive_inside_buy,,,
worse,round1-day-2,-2,197700,-33,-33,short_20_39,9986,9996,10,9991.0,9994.666666666666,-9.0,cheap,0.7333333333333333,3.6666666666660603,buy_pressure,-3.0,True,shock,1,passive_one_sided_buy,one_sided_mm,0,0,0,10,0,10,0,0,buy_take1_16,take1,-313304.0,hold,2.0,-313306.0,2.0,passive_inside_buy,,,
worse,round1-day-2,-2,198600,-33,-33,short_20_39,9986,9995,9,9990.5,9992.882352941177,-9.5,cheap,0.5294117647058824,2.3823529411765776,buy_pressure,-3.5,True,shock,1,passive_one_sided_buy,one_sided_mm,0,0,0,10,0,10,0,0,buy_take1_16,take1,-313306.0,hold,8.0,-313314.0,8.0,passive_inside_buy,,,
worse,round1-day-2,-2,203500,-26,-26,short_20_39,9986,9996,10,9991.0,9994.125,-9.0,cheap,0.625,3.125,buy_pressure,-4.0,True,shock,1,passive_one_sided_buy,one_sided_mm,0,0,0,10,0,10,0,0,buy_take1_16,take1,-243422.0,hold,3.0,-243425.0,3.0,passive_inside_buy,,,
worse,round1-day-2,-2,207900,-25,-25,short_20_39,9987,9996,9,9991.5,9994.8,-8.5,cheap,0.7333333333333333,3.2999999999992724,buy_pressure,-3.5,True,shock,1,passive_one_sided_buy,one_sided_mm,0,0,0,10,0,10,0,0,buy_take1_16,take1,-233471.0,buy_take2_32,0.0,-233474.0,3.0,passive_inside_buy,,,
worse,round1-day-2,-2,209000,-34,-34,short_20_39,9993,10006,13,9999.5,9994.695652173914,-0.5,neutral,-0.7391304347826086,-4.804347826086087,sell_pressure,2.5,False,steady,1,passive_one_sided_sell,one_sided_mm,0,0,0,0,12,0,12,0,hold,hold,-323492.0,mm_join_12,0.0,-323492.0,0.0,passive_inside_sell,,,
worse,round1-day-2,-2,210400,-34,-34,short_20_39,9988,9997,9,9992.5,9995.875,-7.5,cheap,0.75,3.375,buy_pressure,-4.5,True,shock,1,passive_one_sided_buy,one_sided_mm,0,0,0,10,0,10,0,0,hold,hold,-323492.0,mm_join_12,0.0,-323492.0,0.0,passive_inside_buy,,,
worse,round1-day-2,-2,210700,-34,-34,short_20_39,9987,9997,10,9992.0,9995.823529411764,-8.0,cheap,0.7647058823529411,3.823529411763957,buy_pressure,-3.0,True,shock,1,passive_one_sided_buy,one_sided_mm,0,0,0,10,0,10,0,0,buy_take1_16,take1,-323492.0,hold,2.0,-323494.0,2.0,passive_inside_buy,,,
worse,round1-day-2,-2,211300,-32,-32,short_20_39,9986,9996,10,9991.0,9994.823529411764,-9.0,cheap,0.7647058823529411,3.823529411763957,buy_pressure,-5.0,True,shock,1,passive_one_sided_buy,one_sided_mm,0,0,0,10,0,10,0,0,buy_take1_16,take1,-303518.0,hold,2.0,-303520.0,2.0,passive_inside_buy,,,
worse,round1-day-2,-2,218400,-27,-27,short_20_39,9996,10006,10,10001.0,9998.857142857143,1.0,neutral,-0.42857142857142855,-2.142857142856883,sell_pressure,3.0,False,steady,1,passive_one_sided_sell,one_sided_mm,0,0,0,0,12,0,12,0,hold,hold,-253619.0,mm_join_12,0.0,-253619.0,0.0,passive_inside_sell,,,
worse,round1-day-2,-2,220600,-31,-31,short_20_39,9996,10007,11,10001.5,9999.142857142857,1.5,neutral,-0.42857142857142855,-2.357142857143117,sell_pressure,0.5,False,steady,2,passive_two_sided,mm_inside,0,0,0,12,12,12,12,0,hold,hold,-293619.0,mm_join_12,0.0,-293619.0,0.0,,,,
worse,round1-day-2,-2,221200,-38,-35,short_20_39,9992,10001,9,9996.5,9999.105263157895,-3.5,cheap,0.5789473684210527,2.605263157895024,buy_pressure,-11.5,True,shock,1,passive_one_sided_buy,one_sided_mm,0,0,0,10,0,10,0,0,mm_inside_12,mm_inside,-363633.0,mm_inside_20,0.0,-363633.0,0.0,passive_inside_buy,,,
worse,round1-day-2,-2,221400,-35,-35,short_20_39,9992,10001,9,9996.5,9998.42857142857,-3.5,cheap,0.42857142857142855,1.928571428570649,buy_pressure,-3.5,True,shock,1,passive_one_sided_buy,one_sided_mm,0,0,0,10,0,10,0,0,hold,hold,-333654.0,mm_join_12,0.0,-333654.0,0.0,passive_inside_buy,,,
worse,round1-day-2,-2,224300,-35,-35,short_20_39,9998,10009,11,10003.5,10000.2,3.5,rich,-0.6,-3.2999999999992724,sell_pressure,2.5,False,steady,1,passive_one_sided_sell,one_sided_mm,0,0,0,0,12,0,12,0,sell_take1_16,take1,-333725.0,hold,3.0,-333728.0,3.0,passive_inside_sell,,,
worse,round1-day-2,-2,225100,-35,-35,short_20_39,9997,10007,10,10002.0,9998.25,2.0,rich,-0.75,-3.75,sell_pressure,3.0,False,steady,0,hold,hold,0,0,0,0,0,0,0,0,hold,hold,-333728.0,mm_join_12,0.0,-333728.0,0.0,,,,
worse,round1-day-2,-2,226800,-35,-35,short_20_39,9995,10008,13,10001.5,9995.962962962964,1.5,neutral,-0.8518518518518519,-5.537037037036498,sell_pressure,3.5,True,shock,2,passive_two_sided,mm_inside,0,0,0,9,9,9,9,0,hold,hold,-333798.0,mm_join_12,0.0,-333798.0,0.0,,,,
worse,round1-day-2,-2,226900,-35,-35,short_20_39,9987,9999,12,9993.0,9998.111111111111,-7.0,cheap,0.8518518518518519,5.111111111111313,buy_pressure,-8.5,True,shock,1,passive_one_sided_buy,one_sided_mm,0,0,0,10,0,10,0,0,hold,hold,-333798.0,mm_join_12,0.0,-333798.0,0.0,passive_inside_buy,,,
worse,round1-day-2,-2,228100,-35,-35,short_20_39,9991,10001,10,9996.0,9999.0,-4.0,cheap,0.6,3.0,buy_pressure,-4.0,True,shock,1,passive_one_sided_buy,one_sided_mm,0,0,0,10,0,10,0,0,hold,hold,-333798.0,mm_join_12,0.0,-333798.0,0.0,passive_inside_buy,,,
worse,round1-day-2,-2,228400,-28,-28,short_20_39,9996,10007,11,10001.5,9997.466666666667,1.5,neutral,-0.7333333333333333,-4.033333333332848,sell_pressure,5.5,True,shock,2,passive_two_sided,mm_inside,0,0,0,12,12,12,12,0,hold,hold,-263826.0,mm_join_12,0.0,-263826.0,0.0,,,,
worse,round1-day-2,-2,229100,-28,-28,short_20_39,9997,10008,11,10002.5,9999.75,2.5,rich,-0.5,-2.75,sell_pressure,2.5,False,steady,1,passive_one_sided_sell,one_sided_mm,0,0,0,0,12,0,12,0,hold,hold,-263826.0,mm_join_12,0.0,-263826.0,0.0,passive_inside_sell,,,
worse,round1-day-2,-2,230100,-28,-28,short_20_39,9997,10007,10,10002.0,10000.333333333334,2.0,rich,-0.3333333333333333,-1.6666666666660603,mixed_pressure,2.0,False,steady,1,passive_one_sided_buy,one_sided_mm,0,0,0,12,0,0,0,0,sell_take1_16,take1,-263826.0,hold,3.0,-263829.0,3.0,passive_inside_buy,,,
worse,round1-day-2,-2,230300,-28,-28,short_20_39,9997,10010,13,10003.5,9998.857142857143,3.5,rich,-0.7142857142857143,-4.642857142856883,sell_pressure,4.5,True,shock,1,passive_one_sided_sell,one_sided_mm,0,0,0,0,9,0,9,0,sell_take1_16,take1,-263829.0,hold,4.0,-263833.0,4.0,passive_inside_sell,,,
worse,round1-day-2,-2,230700,-28,-28,short_20_39,9997,10007,10,10002.0,10000.125,2.0,rich,-0.375,-1.875,sell_pressure,3.0,False,steady,0,hold,hold,0,0,0,0,0,0,0,0,sell_take1_16,take1,-263833.0,hold,5.0,-263838.0,5.0,,,,
worse,round1-day-2,-2,231600,-28,-28,short_20_39,9990,10000,10,9995.0,9997.777777777777,-5.0,cheap,0.5555555555555556,2.7777777777773736,buy_pressure,-11.0,True,shock,1,passive_one_sided_buy,one_sided_mm,0,0,0,10,0,10,0,0,hold,hold,-263866.0,mm_join_12,0.0,-263866.0,0.0,passive_inside_buy,,,
worse,round1-day-2,-2,232100,-32,-30,short_20_39,9990,10000,10,9995.0,9997.894736842105,-5.0,cheap,0.5789473684210527,2.894736842104976,buy_pressure,-3.0,False,steady,1,passive_one_sided_buy,one_sided_mm,0,0,0,13,0,13,0,0,mm_inside_12,mm_inside,-303886.0,mm_inside_20,0.0,-303886.0,0.0,passive_inside_buy,,,
worse,round1-day-2,-2,232600,-30,-30,short_20_39,9991,10000,9,9995.5,9997.75,-4.5,cheap,0.5,2.25,buy_pressure,-3.5,True,shock,1,passive_one_sided_buy,one_sided_mm,0,0,0,10,0,10,0,0,hold,hold,-283904.0,mm_join_12,0.0,-283904.0,0.0,passive_inside_buy,,,
worse,round1-day-2,-2,233900,-30,-30,short_20_39,9988,9998,10,9993.0,9996.823529411764,-7.0,cheap,0.7647058823529411,3.823529411763957,buy_pressure,-4.0,True,shock,1,passive_one_sided_buy,one_sided_mm,0,0,0,10,0,10,0,0,hold,hold,-283904.0,mm_join_12,0.0,-283904.0,0.0,passive_inside_buy,,,
worse,round1-day-2,-2,238200,-31,-31,short_20_39,9989,9999,10,9994.0,9997.461538461539,-6.0,cheap,0.6923076923076923,3.4615384615390212,buy_pressure,-4.0,True,shock,1,passive_one_sided_buy,one_sided_mm,0,0,0,10,0,10,0,0,hold,hold,-294059.0,mm_join_12,0.0,-294059.0,0.0,passive_inside_buy,,,
worse,round1-day-2,-2,239900,-25,-25,short_20_39,9999,10008,9,10003.5,10001.076923076924,3.5,rich,-0.5384615384615384,-2.4230769230762235,sell_pressure,5.5,True,shock,1,passive_one_sided_sell,one_sided_mm,0,0,0,0,9,0,9,0,sell_take1_16,take1,-234087.0,hold,27.0,-234114.0,27.0,passive_inside_sell,,,
worse,round1-day-2,-2,242200,-25,-25,short_20_39,9995,10005,10,10000.0,9997.35294117647,0.0,neutral,-0.5294117647058824,-2.6470588235297328,sell_pressure,2.0,False,steady,1,passive_one_sided_sell,one_sided_mm,0,0,0,0,12,0,12,0,hold,hold,-234114.0,mm_join_12,0.0,-234114.0,0.0,passive_inside_sell,,,
worse,round1-day-2,-2,242800,-24,-24,short_20_39,9994,10007,13,10000.5,9995.3,0.5,neutral,-0.8,-5.200000000000728,sell_pressure,5.0,True,shock,1,passive_one_sided_sell,one_sided_mm,0,0,0,0,9,0,9,0,hold,hold,-224215.0,mm_join_12,0.0,-224215.0,0.0,passive_inside_sell,,,
worse,round1-day-2,-2,245300,-26,-26,short_20_39,9996,10009,13,10002.5,9997.083333333334,2.5,rich,-0.8333333333333334,-5.41666666666606,sell_pressure,4.5,True,shock,1,passive_one_sided_sell,one_sided_mm,0,0,0,0,9,0,9,0,hold,hold,-244223.0,mm_join_12,0.0,-244223.0,0.0,passive_inside_sell,,,
worse,round1-day-2,-2,246600,-30,-30,short_20_39,9991,10000,9,9995.5,9997.631578947368,-4.5,cheap,0.47368421052631576,2.1315789473683253,buy_pressure,-8.0,True,shock,1,passive_one_sided_buy,one_sided_mm,0,0,0,10,0,10,0,0,hold,hold,-284250.0,mm_join_12,0.0,-284250.0,0.0,passive_inside_buy,,,
worse,round1-day-2,-2,247200,-30,-30,short_20_39,9991,10000,9,9995.5,9998.714285714286,-4.5,cheap,0.7142857142857143,3.214285714286234,buy_pressure,-3.5,True,shock,1,passive_one_sided_buy,one_sided_mm,0,0,0,10,0,10,0,0,hold,hold,-284250.0,mm_join_12,0.0,-284250.0,0.0,passive_inside_buy,,,
worse,round1-day-2,-2,247700,-30,-30,short_20_39,9992,10001,9,9996.5,9999.5,-3.5,cheap,0.6666666666666666,3.0,buy_pressure,-4.0,True,shock,1,passive_one_sided_buy,one_sided_mm,0,0,0,10,0,10,0,0,hold,hold,-284250.0,mm_join_12,0.0,-284250.0,0.0,passive_inside_buy,,,
worse,round1-day-2,-2,248700,-27,-27,short_20_39,9990,10000,10,9995.0,9998.125,-5.0,cheap,0.625,3.125,buy_pressure,-3.0,False,steady,1,passive_one_sided_buy,one_sided_mm,0,0,0,13,0,13,0,0,hold,hold,-254262.0,mm_join_12,0.0,-254262.0,0.0,passive_inside_buy,,,
worse,round1-day-2,-2,249200,-27,-27,short_20_39,10000,10009,9,10004.5,10001.363636363636,4.5,rich,-0.696969696969697,-3.136363636363967,sell_pressure,7.5,True,shock,1,passive_one_sided_sell,one_sided_mm,0,0,0,0,9,0,9,0,sell_take1_16,take1,-254262.0,hold,20.0,-254282.0,20.0,passive_inside_sell,,,
worse,round1-day-2,-2,250800,-23,-23,short_20_39,9991,10001,10,9996.0,9999.75,-4.0,cheap,0.75,3.75,buy_pressure,-3.0,False,steady,1,passive_one_sided_buy,one_sided_mm,0,0,0,13,0,13,0,0,hold,hold,-214318.0,mm_join_12,0.0,-214318.0,0.0,passive_inside_buy,,,
worse,round1-day-2,-2,251200,-23,-23,short_20_39,9997,10008,11,10002.5,9998.375,2.5,rich,-0.75,-4.125,sell_pressure,3.5,True,shock,1,passive_one_sided_sell,one_sided_mm,0,0,0,0,9,0,9,0,sell_take1_16,take1,-214318.0,hold,2.0,-214320.0,2.0,passive_inside_sell,,,
worse,round1-day-2,-2,254400,-27,-25,short_20_39,9995,10006,11,10000.5,9996.833333333334,0.5,neutral,-0.6666666666666666,-3.6666666666660603,sell_pressure,-5.5,True,shock,2,passive_two_sided,mm_inside,0,0,0,12,12,12,12,0,hold,hold,-254332.0,mm_join_12,0.0,-254332.0,0.0,,,,
worse,round1-day-2,-2,258000,-28,-28,short_20_39,9994,10004,10,9999.0,9995.333333333334,-1.0,neutral,-0.7333333333333333,-3.6666666666660603,sell_pressure,2.0,False,steady,1,passive_one_sided_sell,one_sided_mm,0,0,0,0,12,0,12,0,hold,hold,-264375.0,mm_join_12,0.0,-264375.0,0.0,passive_inside_sell,,,
worse,round1-day-2,-2,259900,-22,-22,short_20_39,9987,9997,10,9992.0,9994.777777777777,-8.0,cheap,0.5555555555555556,2.7777777777773736,buy_pressure,-3.0,True,shock,1,passive_one_sided_buy,one_sided_mm,0,0,0,10,0,10,0,0,hold,hold,-204417.0,mm_join_12,0.0,-204417.0,0.0,passive_inside_buy,,,
worse,round1-day-2,-2,263700,-27,-27,short_20_39,9986,9995,9,9990.5,9993.105263157895,-9.5,cheap,0.5789473684210527,2.605263157895024,buy_pressure,-5.0,True,shock,1,passive_one_sided_buy,one_sided_mm,0,0,0,10,0,10,0,0,buy_take1_16,take1,-254514.0,hold,4.0,-254518.0,4.0,passive_inside_buy,,,
worse,round1-day-2,-2,264000,-27,-27,short_20_39,9991,10002,11,9996.5,9994.055555555555,-3.5,cheap,-0.4444444444444444,-2.444444444445253,sell_pressure,3.5,True,shock,1,passive_one_sided_sell,one_sided_mm,0,0,0,0,9,0,9,0,hold,hold,-254518.0,mm_join_12,0.0,-254518.0,0.0,passive_inside_sell,,,
worse,round1-day-2,-2,264700,-27,-27,short_20_39,9991,10001,10,9996.0,9993.0,-4.0,cheap,-0.6,-3.0,sell_pressure,4.0,True,shock,1,passive_one_sided_sell,one_sided_mm,0,0,0,0,9,0,9,0,hold,hold,-254518.0,mm_join_12,0.0,-254518.0,0.0,passive_inside_sell,,,
worse,round1-day-2,-2,265500,-27,-27,short_20_39,9990,10001,11,9995.5,9992.75,-4.5,cheap,-0.5,-2.75,sell_pressure,4.0,True,shock,1,passive_one_sided_sell,one_sided_mm,0,0,0,0,9,0,9,0,hold,hold,-254518.0,mm_join_12,0.0,-254518.0,0.0,passive_inside_sell,,,
worse,round1-day-2,-2,265800,-27,-27,short_20_39,9983,9995,12,9989.0,9992.857142857143,-11.0,cheap,0.6428571428571429,3.857142857143117,buy_pressure,-5.0,True,shock,1,passive_one_sided_buy,one_sided_mm,0,0,0,10,0,10,0,0,buy_take1_16,take1,-254518.0,hold,5.0,-254523.0,5.0,passive_inside_buy,,,
worse,round1-day-2,-2,266100,-27,-27,short_20_39,9994,10003,9,9998.5,9996.076923076924,-1.5,neutral,-0.5384615384615384,-2.4230769230762235,sell_pressure,5.5,True,shock,1,passive_one_sided_sell,one_sided_mm,0,0,0,0,9,0,9,0,hold,hold,-254523.0,mm_join_12,0.0,-254523.0,0.0,passive_inside_sell,,,
worse,round1-day-2,-2,267400,-17,-17,flat_19,9990,10003,13,9996.5,9992.32142857143,-3.5,cheap,-0.6428571428571429,-4.178571428570649,sell_pressure,-4.5,True,shock,1,passive_one_sided_sell,one_sided_mm,0,0,0,0,9,0,0,0,hold,hold,-154613.0,mm_join_12,0.0,-154613.0,0.0,passive_inside_sell,,,
worse,round1-day-2,-2,269200,8,8,flat_19,9991,10001,10,9996.0,9993.941176470587,-4.0,cheap,-0.4117647058823529,-2.0588235294126207,sell_pressure,3.0,False,steady,1,passive_one_sided_sell,one_sided_mm,0,0,0,0,12,0,12,0,hold,hold,95237.0,mm_join_12,0.0,95237.0,0.0,passive_inside_sell,,,
worse,round1-day-2,-2,270900,6,6,flat_19,9992,10002,10,9997.0,9993.176470588236,-3.0,cheap,-0.7647058823529411,-3.823529411763957,sell_pressure,3.5,True,shock,1,passive_one_sided_sell,one_sided_mm,0,0,0,0,9,0,9,0,hold,hold,75235.0,mm_join_12,0.0,75235.0,0.0,passive_inside_sell,,,
worse,round1-day-2,-2,273600,11,11,flat_19,9986,9996,10,9991.0,9992.666666666666,-9.0,cheap,0.3333333333333333,1.6666666666660603,mixed_pressure,-4.0,True,shock,1,passive_one_sided_sell,one_sided_mm,0,0,0,0,9,0,0,0,hold,hold,125190.0,mm_join_12,0.0,125190.0,0.0,passive_inside_sell,,,
worse,round1-day-2,-2,274100,11,11,flat_19,9986,9996,10,9991.0,9994.823529411764,-9.0,cheap,0.7647058823529411,3.823529411763957,buy_pressure,-3.0,True,shock,1,passive_one_sided_buy,one_sided_mm,0,0,0,10,0,10,0,0,hold,hold,125190.0,mm_join_12,0.0,125190.0,0.0,passive_inside_buy,,,
worse,round1-day-2,-2,276200,16,16,flat_19,9993,10003,10,9998.0,9995.631578947368,-2.0,cheap,-0.47368421052631576,-2.3684210526316747,sell_pressure,3.0,False,steady,1,passive_one_sided_sell,one_sided_mm,0,0,0,0,12,0,12,0,hold,hold,175120.0,mm_join_12,0.0,175120.0,0.0,passive_inside_sell,,,
worse,round1-day-2,-2,278700,16,16,flat_19,9983,9992,9,9987.5,9990.5,-12.5,cheap,0.6666666666666666,3.0,buy_pressure,-3.5,True,shock,1,passive_one_sided_buy,one_sided_mm,0,0,0,10,0,10,0,0,buy_take1_16,take1,175120.0,hold,12.0,175108.0,12.0,passive_inside_buy,,,
worse,round1-day-2,-2,282100,18,18,flat_19,9985,9995,10,9990.0,9993.823529411764,-10.0,cheap,0.7647058823529411,3.823529411763957,buy_pressure,-8.0,True,shock,1,passive_one_sided_buy,one_sided_mm,0,0,0,10,0,10,0,0,buy_take1_16,take1,195001.0,hold,2.0,194999.0,2.0,passive_inside_buy,,,
worse,round1-day-2,-2,283300,12,12,flat_19,9987,9996,9,9991.5,9993.42857142857,-8.5,cheap,0.42857142857142855,1.928571428570649,buy_pressure,-3.5,True,shock,1,passive_one_sided_buy,one_sided_mm,0,0,0,10,0,10,0,0,hold,hold,134993.0,mm_join_12,0.0,134993.0,0.0,passive_inside_buy,,,
worse,round1-day-2,-2,289500,21,21,long_20_39,9991,10002,11,9996.5,9992.375,-3.5,cheap,-0.75,-4.125,sell_pressure,2.5,False,steady,1,passive_one_sided_sell,one_sided_mm,0,0,0,0,12,0,12,0,hold,hold,224795.0,mm_join_12,0.0,224795.0,0.0,passive_inside_sell,,,
worse,round1-day-2,-2,290200,21,21,long_20_39,9982,9994,12,9988.0,9991.6,-12.0,cheap,0.6,3.600000000000364,buy_pressure,3.0,True,shock,1,passive_one_sided_buy,one_sided_mm,0,0,0,10,0,10,0,0,buy_take1_16,take1,224795.0,hold,10.0,224785.0,10.0,passive_inside_buy,,,
worse,round1-day-2,-2,291700,28,28,long_20_39,9991,10002,11,9996.5,9993.75,-3.5,cheap,-0.5,-2.75,sell_pressure,2.5,False,steady,1,passive_one_sided_sell,one_sided_mm,0,0,0,0,12,0,12,0,hold,hold,294694.0,mm_join_12,0.0,294694.0,0.0,passive_inside_sell,,,
worse,round1-day-2,-2,294700,37,37,long_20_39,9997,10006,9,10001.5,9999.076923076924,1.5,neutral,-0.5384615384615384,-2.4230769230762235,sell_pressure,6.5,True,shock,1,passive_one_sided_sell,one_sided_mm,0,0,0,0,9,0,9,0,sell_take1_16,take1,384612.0,hold,6.0,384606.0,6.0,passive_inside_sell,,,
worse,round1-day-2,-2,295200,37,37,long_20_39,9992,10002,10,9997.0,9993.333333333334,-3.0,cheap,-0.7333333333333333,-3.6666666666660603,sell_pressure,2.0,False,steady,1,passive_one_sided_sell,one_sided_mm,0,0,0,0,12,0,12,0,hold,hold,384606.0,mm_join_12,0.0,384606.0,0.0,passive_inside_sell,,,
worse,round1-day-2,-2,295400,37,31,long_20_39,9991,10001,10,9996.0,9992.42857142857,-4.0,cheap,-0.7142857142857143,-3.571428571429351,sell_pressure,1.0,False,steady,1,passive_one_sided_sell,one_sided_mm,0,0,0,0,12,0,12,0,mm_inside_12,mm_inside,384606.0,mm_inside_20,0.0,384606.0,0.0,passive_inside_sell,,,
worse,round1-day-2,-2,295500,31,31,long_20_39,9991,10001,10,9996.0,9992.666666666666,-4.0,cheap,-0.6666666666666666,-3.3333333333339397,sell_pressure,0.0,False,steady,1,passive_one_sided_sell,one_sided_mm,0,0,0,0,12,0,12,0,hold,hold,324606.0,mm_join_12,0.0,324606.0,0.0,passive_inside_sell,,,
worse,round1-day-2,-2,296200,31,31,long_20_39,9992,10003,11,9997.5,9994.588235294117,-2.5,cheap,-0.5294117647058824,-2.911764705882888,sell_pressure,3.5,True,shock,1,passive_one_sided_sell,one_sided_mm,0,0,0,0,9,0,9,0,hold,hold,324606.0,mm_join_12,0.0,324606.0,0.0,passive_inside_sell,,,
worse,round1-day-2,-2,296500,31,31,long_20_39,9992,10005,13,9998.5,9993.969696969696,-1.5,neutral,-0.696969696969697,-4.530303030303912,sell_pressure,11.5,True,shock,1,passive_one_sided_sell,one_sided_mm,0,0,0,0,12,0,12,0,hold,hold,324606.0,mm_join_12,0.0,324606.0,0.0,passive_inside_sell,,,
worse,round1-day-2,-2,297000,31,31,long_20_39,9992,10003,11,9997.5,9995.142857142857,-2.5,cheap,-0.42857142857142855,-2.357142857143117,sell_pressure,2.5,False,steady,1,passive_one_sided_sell,one_sided_mm,0,0,0,0,12,0,12,0,hold,hold,324606.0,mm_join_12,0.0,324606.0,0.0,passive_inside_sell,,,
worse,round1-day-2,-2,298100,25,25,long_20_39,9986,9996,10,9991.0,9993.222222222223,-9.0,cheap,0.4444444444444444,2.2222222222226264,buy_pressure,-2.5,True,shock,1,passive_one_sided_buy,one_sided_mm,0,0,0,10,0,10,0,0,hold,hold,264594.0,mm_join_12,0.0,264594.0,0.0,passive_inside_buy,,,
worse,round1-day-2,-2,303900,47,47,long_40_59,9993,10002,9,9997.5,9994.551724137931,-2.5,cheap,-0.6551724137931034,-2.94827586206884,sell_pressure,5.0,True,shock,1,passive_one_sided_sell,one_sided_mm,0,0,0,0,11,0,11,0,hold,hold,484302.0,mm_join_12,0.0,484302.0,0.0,passive_inside_sell,,,
worse,round1-day-2,-2,310600,51,51,long_40_59,9988,9999,11,9993.5,9990.2,-6.5,cheap,-0.6,-3.2999999999992724,sell_pressure,3.5,True,shock,2,passive_two_sided,mm_inside,0,0,0,6,11,0,11,0,hold,hold,524104.0,mm_join_12,0.0,524104.0,0.0,,,,
worse,round1-day-2,-2,310800,51,51,long_40_59,9988,9998,10,9993.0,9990.941176470587,-7.0,cheap,-0.4117647058823529,-2.0588235294126207,sell_pressure,2.0,True,shock,2,passive_two_sided,mm_inside,0,0,0,6,11,0,11,0,hold,hold,524104.0,mm_join_12,0.0,524104.0,0.0,,,,
worse,round1-day-2,-2,310900,51,51,long_40_59,9980,9992,12,9986.0,9990.344827586207,-14.0,cheap,0.7241379310344828,4.34482758620652,buy_pressure,-7.0,True,shock,1,passive_one_sided_buy,one_sided_mm,0,0,0,6,0,6,0,0,buy_take1_16,take1,524104.0,hold,16.0,524088.0,16.0,passive_inside_buy,,,
worse,round1-day-2,-2,312800,64,64,long_60_plus,9987,9998,11,9992.5,9989.538461538461,-7.5,cheap,-0.5384615384615384,-2.9615384615390212,sell_pressure,-4.5,True,shock,2,passive_two_sided,mm_inside,0,0,0,6,11,6,11,0,hold,hold,654036.0,mm_join_12,0.0,654036.0,0.0,,,,
worse,round1-day-2,-2,313500,64,64,long_60_plus,9989,9999,10,9994.0,9992.125,-6.0,cheap,-0.375,-1.875,sell_pressure,3.0,True,shock,2,passive_two_sided,mm_inside,0,0,0,6,11,0,11,0,hold,hold,654036.0,mm_join_12,0.0,654036.0,0.0,,,,
worse,round1-day-2,-2,314600,56,56,long_40_59,9984,9993,9,9988.5,9991.714285714286,-11.5,cheap,0.7142857142857143,3.214285714286234,buy_pressure,-3.5,True,shock,1,passive_one_sided_buy,one_sided_mm,0,0,0,6,0,6,0,0,buy_take1_16,take1,574044.0,hold,10.0,574034.0,10.0,passive_inside_buy,,,
worse,round1-day-2,-2,318200,53,53,long_40_59,9991,10001,10,9996.0,9993.222222222223,-4.0,cheap,-0.5555555555555556,-2.7777777777773736,sell_pressure,3.0,False,steady,2,passive_two_sided,mm_inside,0,0,0,9,14,0,14,0,hold,hold,543998.0,mm_join_12,0.0,543998.0,0.0,,,,
worse,round1-day-2,-2,320400,60,60,long_60_plus,9986,9995,9,9990.5,9993.8,-9.5,cheap,0.7333333333333333,3.2999999999992724,buy_pressure,4.5,True,shock,2,passive_two_sided,mm_inside,0,0,0,6,11,6,0,0,buy_take1_16,take1,613907.0,hold,2.0,613905.0,2.0,,,,
worse,round1-day-2,-2,326600,48,48,long_40_59,9991,10001,10,9996.0,9992.333333333334,-4.0,cheap,-0.7333333333333333,-3.6666666666660603,sell_pressure,2.5,False,steady,1,passive_one_sided_sell,one_sided_mm,0,0,0,0,14,0,14,0,hold,hold,493893.0,mm_join_12,0.0,493893.0,0.0,passive_inside_sell,,,
worse,round1-day-2,-2,328700,48,48,long_40_59,9992,10003,11,9997.5,9995.666666666666,-2.5,cheap,-0.3333333333333333,-1.8333333333339397,mixed_pressure,3.5,True,shock,1,passive_one_sided_sell,one_sided_mm,0,0,0,0,11,0,11,0,hold,hold,493893.0,mm_join_12,0.0,493893.0,0.0,passive_inside_sell,,,
worse,round1-day-2,-2,329800,41,41,long_40_59,9986,9995,9,9990.5,9992.5,-9.5,cheap,0.4444444444444444,2.0,buy_pressure,-3.5,True,shock,1,passive_one_sided_buy,one_sided_mm,0,0,0,10,0,10,0,0,buy_take1_16,take1,423914.0,hold,5.0,423909.0,5.0,passive_inside_buy,,,
worse,round1-day-2,-2,336800,72,72,long_60_plus,9981,9993,12,9987.0,9992.04,-13.0,cheap,0.84,5.040000000000873,buy_pressure,-4.0,True,shock,2,passive_two_sided,mm_inside,0,0,0,6,11,6,0,0,hold,hold,733482.0,mm_join_12,0.0,733482.0,0.0,,,,
worse,round1-day-2,-2,337400,72,72,long_60_plus,9981,9993,12,9987.0,9991.181818181818,-13.0,cheap,0.696969696969697,4.1818181818180165,buy_pressure,-4.0,True,shock,1,passive_one_sided_buy,one_sided_mm,0,0,0,6,0,6,0,0,hold,hold,733482.0,mm_join_12,0.0,733482.0,0.0,passive_inside_buy,,,
worse,round1-day-2,-2,342400,80,80,long_60_plus,9981,9990,9,9985.5,9988.714285714286,-14.5,cheap,0.7142857142857143,3.214285714286234,buy_pressure,-2.5,True,shock,0,hold,hold,0,0,0,0,0,0,0,0,hold,hold,813389.0,mm_join_12,0.0,813389.0,0.0,,,,
worse,round1-day-2,-2,346300,80,80,long_60_plus,9982,9992,10,9987.0,9990.235294117647,-13.0,cheap,0.6470588235294118,3.235294117646845,buy_pressure,-3.0,True,shock,0,hold,hold,0,0,0,0,0,0,0,0,hold,hold,813378.0,mm_join_12,0.0,813378.0,0.0,,,,
worse,round1-day-2,-2,347200,80,80,long_60_plus,9988,9998,10,9993.0,9990.105263157895,-7.0,cheap,-0.5789473684210527,-2.894736842104976,sell_pressure,3.0,True,shock,1,passive_one_sided_sell,one_sided_mm,0,0,0,0,11,0,11,0,hold,hold,813378.0,mm_join_12,0.0,813378.0,0.0,passive_inside_sell,,,
worse,round1-day-2,-2,349400,80,80,long_60_plus,9982,9992,10,9987.0,9990.666666666666,-13.0,cheap,0.7333333333333333,3.6666666666660603,buy_pressure,-4.5,True,shock,1,passive_one_sided_sell,one_sided_mm,0,0,0,0,11,0,0,0,hold,hold,813378.0,mm_join_12,0.0,813378.0,0.0,passive_inside_sell,,,
worse,round1-day-2,-2,350500,74,74,long_60_plus,9989,10000,11,9994.5,9992.142857142857,-5.5,cheap,-0.42857142857142855,-2.357142857143117,sell_pressure,2.5,False,steady,2,passive_two_sided,mm_inside,0,0,0,6,14,0,14,0,hold,hold,753390.0,mm_join_12,0.0,753390.0,0.0,,,,
worse,round1-day-2,-2,352500,70,70,long_60_plus,9993,10004,11,9998.5,9996.142857142857,-1.5,neutral,-0.42857142857142855,-2.357142857143117,sell_pressure,2.5,False,steady,2,passive_two_sided,mm_inside,0,0,0,9,14,0,14,0,hold,hold,713382.0,mm_join_12,0.0,713382.0,0.0,,,,
worse,round1-day-2,-2,354900,72,72,long_60_plus,9996,10005,9,10000.5,9997.90909090909,0.5,neutral,-0.5757575757575758,-2.5909090909099177,sell_pressure,7.0,True,shock,2,passive_two_sided,mm_inside,0,0,0,6,11,0,11,0,hold,hold,733296.0,mm_join_12,0.0,733296.0,0.0,,,,
worse,round1-day-2,-2,355500,72,72,long_60_plus,9987,9996,9,9991.5,9994.5,-8.5,cheap,0.6666666666666666,3.0,buy_pressure,4.5,True,shock,2,passive_two_sided,mm_inside,0,0,0,6,11,6,0,0,buy_take1_16,take1,733296.0,hold,6.0,733290.0,6.0,,,,
worse,round1-day-2,-2,358300,66,66,long_60_plus,9994,10004,10,9999.0,9997.125,-1.0,neutral,-0.375,-1.875,sell_pressure,-5.0,True,shock,2,passive_two_sided,mm_inside,0,0,0,9,14,0,14,0,hold,hold,673260.0,mm_join_12,0.0,673260.0,0.0,,,,
worse,round1-day-2,-2,359900,66,66,long_60_plus,9994,10005,11,9999.5,9996.444444444445,-0.5,neutral,-0.5555555555555556,-3.055555555554747,sell_pressure,2.5,False,steady,2,passive_two_sided,mm_inside,0,0,0,9,14,0,14,0,hold,hold,673260.0,mm_join_12,0.0,673260.0,0.0,,,,
worse,round1-day-2,-2,360400,66,66,long_60_plus,9995,10008,13,10001.5,9996.56,1.5,neutral,-0.76,-4.940000000000509,sell_pressure,4.5,True,shock,2,passive_two_sided,mm_inside,0,0,0,6,11,0,11,0,hold,hold,673260.0,mm_join_12,0.0,673260.0,0.0,,,,
worse,round1-day-2,-2,361000,66,66,long_60_plus,9995,10006,11,10000.5,9997.315789473685,0.5,neutral,-0.5789473684210527,-3.184210526314928,sell_pressure,2.5,False,steady,2,passive_two_sided,mm_inside,0,0,0,9,14,0,14,0,hold,hold,673260.0,mm_join_12,0.0,673260.0,0.0,,,,
worse,round1-day-2,-2,361900,64,64,long_60_plus,9995,10005,10,10000.0,9997.222222222223,0.0,neutral,-0.5555555555555556,-2.7777777777773736,sell_pressure,3.0,False,steady,2,passive_two_sided,mm_inside,0,0,0,9,14,0,14,0,hold,hold,653252.0,mm_join_12,0.0,653252.0,0.0,,,,
worse,round1-day-2,-2,362500,64,64,long_60_plus,9989,9999,10,9994.0,9996.857142857143,-6.0,cheap,0.5714285714285714,2.857142857143117,buy_pressure,-3.5,True,shock,2,passive_two_sided,mm_inside,0,0,0,6,11,6,0,0,hold,hold,653252.0,mm_join_12,0.0,653252.0,0.0,,,,
worse,round1-day-2,-2,364000,64,55,long_60_plus,9994,10007,13,10000.5,9994.866666666667,0.5,neutral,-0.8666666666666667,-5.633333333333212,sell_pressure,4.5,True,shock,2,passive_two_sided,mm_inside,0,0,0,6,11,0,11,0,mm_inside_12,mm_inside,653252.0,mm_inside_20,0.0,653252.0,0.0,,,,
worse,round1-day-2,-2,365000,55,55,long_40_59,9989,9998,9,9993.5,9996.615384615385,-6.5,cheap,0.6923076923076923,3.1153846153847553,buy_pressure,-3.5,True,shock,2,passive_two_sided,mm_inside,0,0,0,6,11,6,0,0,hold,hold,563198.0,mm_join_12,0.0,563198.0,0.0,,,,
worse,round1-day-2,-2,365300,55,55,long_40_59,9986,9998,12,9992.0,9995.931034482759,-8.0,cheap,0.6551724137931034,3.9310344827590598,buy_pressure,-4.0,True,shock,1,passive_one_sided_buy,one_sided_mm,0,0,0,6,0,6,0,0,buy_take1_16,take1,563198.0,hold,4.0,563194.0,4.0,passive_inside_buy,,,
worse,round1-day-2,-2,370300,36,36,long_20_39,9998,10009,11,10003.5,10000.538461538461,3.5,rich,-0.5384615384615384,-2.9615384615390212,sell_pressure,2.5,False,steady,1,passive_one_sided_sell,one_sided_mm,0,0,0,0,12,0,12,0,hold,hold,373100.0,mm_join_12,0.0,373100.0,0.0,passive_inside_sell,,,
worse,round1-day-2,-2,372400,58,58,long_40_59,9992,10002,10,9997.0,10000.333333333334,-3.0,cheap,0.6666666666666666,3.3333333333339397,buy_pressure,-5.0,True,shock,1,passive_one_sided_buy,one_sided_mm,0,0,0,9,0,9,0,0,hold,hold,593000.0,mm_join_12,0.0,593000.0,0.0,passive_inside_buy,,,
worse,round1-day-2,-2,377000,70,70,long_60_plus,9990,10002,12,9996.0,10000.5,-4.0,cheap,0.75,4.5,buy_pressure,-4.0,True,shock,1,passive_one_sided_buy,one_sided_mm,0,0,0,6,0,6,0,0,hold,hold,712928.0,mm_join_12,0.0,712928.0,0.0,passive_inside_buy,,,
worse,round1-day-2,-2,380600,73,73,long_60_plus,9999,10012,13,10005.5,10000.258064516129,5.5,rich,-0.8064516129032258,-5.2419354838712025,sell_pressure,5.5,True,shock,1,passive_one_sided_sell,one_sided_mm,0,0,0,0,11,0,11,0,hold,hold,742853.0,mm_join_12,0.0,742853.0,0.0,passive_inside_sell,,,
worse,round1-day-2,-2,382300,73,73,long_60_plus,9996,10006,10,10001.0,10003.368421052632,1.0,neutral,0.47368421052631576,2.3684210526316747,buy_pressure,-2.0,False,steady,1,passive_one_sided_buy,one_sided_mm,0,0,0,7,0,7,0,0,hold,hold,742853.0,mm_join_12,0.0,742853.0,0.0,passive_inside_buy,,,
worse,round1-day-2,-2,384700,78,78,long_60_plus,9995,10004,9,9999.5,10002.411764705883,-0.5,neutral,0.6470588235294118,2.911764705882888,buy_pressure,-4.5,True,shock,1,passive_one_sided_buy,one_sided_mm,0,0,0,2,0,2,0,0,hold,hold,792853.0,mm_join_12,0.0,792853.0,0.0,passive_inside_buy,,,
worse,round1-day-2,-2,385000,68,68,long_60_plus,9995,10005,10,10000.0,10004.333333333334,0.0,neutral,0.8666666666666667,4.33333333333394,buy_pressure,-11.0,True,shock,1,passive_one_sided_buy,one_sided_mm,0,0,0,9,0,9,0,0,mm_inside_12,mm_inside,692825.0,mm_inside_20,0.0,692825.0,0.0,passive_inside_buy,,,
worse,round1-day-2,-2,386000,68,66,long_60_plus,10000,10010,10,10005.0,10001.25,5.0,rich,-0.75,-3.75,sell_pressure,3.0,False,steady,2,clear_sell,take1,0,2,2,0,14,0,14,1,hold,hold,692813.0,mm_join_12,0.0,692811.0,2.0,take_b1,,,
worse,round1-day-2,-2,392900,73,73,long_60_plus,10000,10013,13,10006.5,10001.04,6.5,rich,-0.84,-5.459999999999127,sell_pressure,3.5,True,shock,1,passive_one_sided_sell,one_sided_mm,0,0,0,0,11,0,11,0,hold,hold,742650.0,mm_join_12,0.0,742650.0,0.0,passive_inside_sell,,,
worse,round1-day-2,-2,394200,59,56,long_40_59,10002,10013,11,10007.5,10004.357142857143,7.5,rich,-0.5714285714285714,-3.142857142856883,sell_pressure,3.5,True,shock,2,clear_sell,take1,0,3,3,0,11,0,11,1,sell_take1_16,take1,602531.0,hold,3.0,602531.0,0.0,take_b1,,,
worse,round1-day-2,-2,397300,67,63,long_60_plus,10002,10012,10,10007.0,10004.35294117647,7.0,rich,-0.5294117647058824,-2.6470588235297328,sell_pressure,4.0,True,shock,2,clear_sell,take1,0,4,4,0,11,0,11,1,sell_take1_16,take1,682492.0,hold,4.0,682492.0,0.0,take_b1,,,
worse,round1-day-2,-2,400500,72,63,long_60_plus,10005,10014,9,10009.5,10007.131578947368,9.5,rich,-0.5263157894736842,-2.3684210526316747,sell_pressure,8.0,True,shock,3,clear_sell,take1,0,18,18,0,11,0,11,1,sell_take1_16,take1,732448.0,hold,36.0,732448.0,0.0,take_b1,,,
worse,round1-day-2,-2,400600,63,63,long_60_plus,9995,10004,9,9999.5,10001.75,-0.5,neutral,0.5,2.25,buy_pressure,-10.0,True,shock,1,passive_one_sided_buy,one_sided_mm,0,0,0,6,0,6,0,0,hold,hold,642403.0,mm_join_12,0.0,642403.0,0.0,passive_inside_buy,,,
worse,round1-day-2,-2,403200,62,62,long_60_plus,9999,10010,11,10004.5,10002.235294117647,4.5,rich,-0.4117647058823529,-2.264705882353155,sell_pressure,-5.5,True,shock,1,passive_one_sided_sell,one_sided_mm,0,0,0,0,11,0,11,0,mm_inside_12,mm_inside,632288.0,mm_inside_20,0.0,632283.0,5.0,passive_inside_sell,,,
worse,round1-day-2,-2,404100,62,62,long_60_plus,9994,10004,10,9999.0,10002.333333333334,-1.0,neutral,0.6666666666666666,3.3333333333339397,buy_pressure,-3.0,False,steady,1,passive_one_sided_buy,one_sided_mm,0,0,0,9,0,9,0,0,hold,hold,632283.0,mm_join_12,0.0,632283.0,0.0,passive_inside_buy,,,
worse,round1-day-2,-2,404200,62,56,long_60_plus,10000,10010,10,10005.0,10002.35294117647,5.0,rich,-0.5294117647058824,-2.6470588235297328,sell_pressure,6.0,True,shock,1,passive_one_sided_sell,one_sided_mm,0,0,0,0,11,0,11,0,mm_inside_12,mm_inside,632283.0,mm_inside_20,0.0,632283.0,0.0,passive_inside_sell,,,
worse,round1-day-2,-2,404300,56,56,long_40_59,9999,10010,11,10004.5,10001.357142857143,4.5,rich,-0.5714285714285714,-3.142857142856883,sell_pressure,-0.5,False,steady,1,passive_one_sided_sell,one_sided_mm,0,0,0,0,14,0,14,0,hold,hold,572229.0,mm_join_12,0.0,572229.0,0.0,passive_inside_sell,,,
worse,round1-day-2,-2,406500,56,56,long_40_59,9995,10005,10,10000.0,10002.64705882353,0.0,neutral,0.5294117647058824,2.6470588235297328,buy_pressure,-4.0,True,shock,1,passive_one_sided_buy,one_sided_mm,0,0,0,6,0,6,0,0,hold,hold,572229.0,mm_join_12,0.0,572229.0,0.0,passive_inside_buy,,,
worse,round1-day-2,-2,409700,41,41,long_40_59,9997,10007,10,10002.0,10005.125,2.0,rich,0.625,3.125,buy_pressure,-4.5,True,shock,1,passive_one_sided_buy,one_sided_mm,0,0,0,9,0,9,0,0,hold,hold,422164.0,mm_join_12,0.0,422164.0,0.0,passive_inside_buy,,,
worse,round1-day-2,-2,412600,43,43,long_40_59,10004,10017,13,10010.5,10004.8125,10.5,rich,-0.875,-5.6875,sell_pressure,11.5,True,shock,1,passive_one_sided_sell,one_sided_mm,0,0,0,0,11,0,11,0,sell_take1_16,take1,442160.0,hold,6.0,442154.0,6.0,passive_inside_sell,,,
worse,round1-day-2,-2,415400,50,50,long_40_59,9999,10009,10,10004.0,10006.894736842105,4.0,rich,0.5789473684210527,2.894736842104976,buy_pressure,-3.0,False,steady,1,passive_one_sided_buy,one_sided_mm,0,0,0,9,0,0,0,0,hold,hold,512145.0,mm_join_12,0.0,512145.0,0.0,passive_inside_buy,,,
worse,round1-day-2,-2,416600,50,50,long_40_59,9999,10009,10,10004.0,10007.823529411764,4.0,rich,0.7647058823529411,3.823529411763957,buy_pressure,-3.0,False,steady,1,passive_one_sided_buy,one_sided_mm,0,0,0,9,0,9,0,0,hold,hold,512145.0,mm_join_12,0.0,512145.0,0.0,passive_inside_buy,,,
worse,round1-day-2,-2,417000,41,41,long_40_59,10000,10009,9,10004.5,10006.5,4.5,rich,0.4444444444444444,2.0,buy_pressure,-3.5,True,shock,2,passive_two_sided,mm_inside,0,0,0,9,9,0,9,0,hold,hold,421992.0,mm_join_12,0.0,421992.0,0.0,,,,
worse,round1-day-2,-2,418100,35,35,long_20_39,10000,10009,9,10004.5,10007.2,4.5,rich,0.6,2.7000000000007276,buy_pressure,-4.0,True,shock,2,passive_two_sided,mm_inside,0,0,0,9,9,0,9,0,hold,hold,361890.0,mm_join_12,0.0,361890.0,0.0,,,,
worse,round1-day-2,-2,418300,35,35,long_20_39,10000,10010,10,10005.0,10008.333333333334,5.0,rich,0.6666666666666666,3.3333333333339397,buy_pressure,-3.0,False,steady,1,passive_one_sided_buy,one_sided_mm,0,0,0,12,0,0,0,0,hold,hold,361890.0,mm_join_12,0.0,361890.0,0.0,passive_inside_buy,,,
worse,round1-day-2,-2,419700,23,23,long_20_39,10000,10009,9,10004.5,10007.5,4.5,rich,0.6666666666666666,3.0,buy_pressure,-3.5,True,shock,2,passive_two_sided,mm_inside,0,0,0,9,9,9,9,0,hold,hold,241878.0,mm_join_12,0.0,241878.0,0.0,,,,
worse,round1-day-2,-2,423000,12,12,flat_19,9999,10011,12,10005.0,10008.6,5.0,rich,0.6,3.600000000000364,buy_pressure,-4.0,True,shock,1,passive_one_sided_buy,one_sided_mm,0,0,0,9,0,9,0,0,hold,hold,131867.0,mm_join_12,0.0,131867.0,0.0,passive_inside_buy,,,
worse,round1-day-2,-2,426300,12,12,flat_19,10000,10009,9,10004.5,10007.875,4.5,rich,0.75,3.375,buy_pressure,-5.0,True,shock,2,passive_two_sided,mm_inside,0,0,0,9,9,9,9,0,hold,hold,131822.0,mm_join_12,0.0,131822.0,0.0,,,,
worse,round1-day-2,-2,426400,12,12,flat_19,10005,10018,13,10011.5,10007.5,11.5,rich,-0.6153846153846154,-4.0,sell_pressure,7.0,True,shock,1,passive_one_sided_sell,one_sided_mm,0,0,0,0,9,0,9,0,sell_take1_16,take1,131822.0,sell_take2_32,0.0,131797.0,25.0,passive_inside_sell,,,
worse,round1-day-2,-2,431400,12,12,flat_19,10002,10012,10,10007.0,10004.777777777777,7.0,rich,-0.4444444444444444,-2.2222222222226264,sell_pressure,3.0,True,shock,1,passive_one_sided_sell,one_sided_mm,0,0,0,0,9,0,9,0,sell_take1_16,take1,131704.0,hold,15.0,131689.0,15.0,passive_inside_sell,,,
worse,round1-day-2,-2,431700,12,12,flat_19,10002,10013,11,10007.5,10003.833333333334,7.5,rich,-0.6666666666666666,-3.6666666666660603,sell_pressure,3.5,True,shock,1,passive_one_sided_sell,one_sided_mm,0,0,0,0,9,0,9,0,sell_take1_16,take1,131689.0,hold,6.0,131683.0,6.0,passive_inside_sell,,,
worse,round1-day-2,-2,435400,18,18,flat_19,10001,10012,11,10006.5,10004.666666666666,6.5,rich,-0.3333333333333333,-1.8333333333339397,mixed_pressure,3.5,True,shock,1,passive_one_sided_buy,one_sided_mm,0,0,0,9,0,0,0,0,sell_take1_16,take1,191673.0,hold,15.0,191658.0,15.0,passive_inside_buy,,,
worse,round1-day-2,-2,439500,37,37,long_20_39,10000,10011,11,10005.5,10002.2,5.5,rich,-0.6,-3.2999999999992724,sell_pressure,2.5,False,steady,1,passive_one_sided_sell,one_sided_mm,0,0,0,0,12,0,12,0,sell_take1_16,take1,381474.0,sell_take2_32,12.0,381461.0,13.0,passive_inside_sell,,,
worse,round1-day-2,-2,440500,37,37,long_20_39,9995,10004,9,9999.5,10002.875,-0.5,neutral,0.75,3.375,buy_pressure,-3.5,True,shock,2,passive_two_sided,mm_inside,0,0,0,9,9,0,9,0,hold,hold,381461.0,mm_join_12,0.0,381461.0,0.0,,,,
worse,round1-day-2,-2,440800,37,37,long_20_39,9995,10004,9,9999.5,10002.8,-0.5,neutral,0.7333333333333333,3.2999999999992724,buy_pressure,-2.5,False,steady,1,passive_one_sided_buy,one_sided_mm,0,0,0,12,0,12,0,0,hold,hold,381461.0,mm_join_12,0.0,381461.0,0.0,passive_inside_buy,,,
worse,round1-day-2,-2,442100,40,40,long_40_59,9993,10002,9,9997.5,9999.42857142857,-2.5,cheap,0.42857142857142855,1.928571428570649,buy_pressure,-1.5,False,steady,1,passive_one_sided_buy,one_sided_mm,0,0,0,13,0,13,0,0,hold,hold,411418.0,mm_join_12,0.0,411418.0,0.0,passive_inside_buy,,,
worse,round1-day-2,-2,442500,40,40,long_40_59,9993,10002,9,9997.5,10000.875,-2.5,cheap,0.75,3.375,buy_pressure,-3.5,True,shock,1,passive_one_sided_buy,one_sided_mm,0,0,0,10,0,10,0,0,hold,hold,411418.0,mm_join_12,0.0,411418.0,0.0,passive_inside_buy,,,
worse,round1-day-2,-2,442900,40,40,long_40_59,9993,10002,9,9997.5,10000.5,-2.5,cheap,0.6666666666666666,3.0,buy_pressure,-3.5,True,shock,1,passive_one_sided_buy,one_sided_mm,0,0,0,10,0,10,0,0,hold,hold,411418.0,mm_join_12,0.0,411418.0,0.0,passive_inside_buy,,,
worse,round1-day-2,-2,443100,40,34,long_40_59,10002,10011,9,10006.5,10004.076923076924,6.5,rich,-0.5384615384615384,-2.4230769230762235,sell_pressure,6.5,True,shock,3,clear_sell,take1,0,12,12,0,9,0,9,1,sell_take1_16,take1,411418.0,hold,37.0,411418.0,0.0,take_b1,,,
worse,round1-day-2,-2,443700,34,34,long_20_39,9998,10008,10,10003.0,9999.25,3.0,rich,-0.75,-3.75,sell_pressure,4.0,True,shock,1,passive_one_sided_sell,one_sided_mm,0,0,0,0,9,0,9,0,sell_take1_16,take1,351406.0,hold,4.0,351402.0,4.0,passive_inside_sell,,,
worse,round1-day-2,-2,447000,30,21,long_20_39,9998,10009,11,10003.5,9999.941176470587,3.5,rich,-0.6470588235294118,-3.5588235294126207,sell_pressure,3.5,True,shock,1,passive_one_sided_sell,one_sided_mm,0,0,0,0,9,0,9,0,mm_inside_12,mm_inside,311365.0,mm_inside_20,0.0,311365.0,0.0,passive_inside_sell,,,
worse,round1-day-2,-2,450500,11,11,flat_19,9991,10000,9,9995.5,9997.5,-4.5,cheap,0.4444444444444444,2.0,buy_pressure,-3.5,True,shock,1,passive_one_sided_buy,one_sided_mm,0,0,0,10,0,10,0,0,hold,hold,121263.0,mm_join_12,0.0,121263.0,0.0,passive_inside_buy,,,
worse,round1-day-2,-2,451500,10,10,flat_19,9996,10007,11,10001.5,9998.75,1.5,neutral,-0.5,-2.75,sell_pressure,2.0,False,steady,2,passive_two_sided,mm_inside,0,0,0,12,12,0,12,0,hold,hold,111206.0,mm_join_12,0.0,111206.0,0.0,,,,
worse,round1-day-2,-2,451600,10,10,flat_19,9989,10001,12,9995.0,9999.838709677419,-5.0,cheap,0.8064516129032258,4.838709677418592,buy_pressure,-6.5,True,shock,1,passive_one_sided_buy,one_sided_mm,0,0,0,10,0,10,0,0,hold,hold,111206.0,mm_join_12,0.0,111206.0,0.0,passive_inside_buy,,,
worse,round1-day-2,-2,454200,11,11,flat_19,9997,10007,10,10002.0,9999.142857142857,2.0,rich,-0.5714285714285714,-2.857142857143117,sell_pressure,3.0,False,steady,1,passive_one_sided_buy,one_sided_mm,0,0,0,12,0,0,0,0,sell_take1_16,take1,121120.0,hold,3.0,121117.0,3.0,passive_inside_buy,,,
worse,round1-day-2,-2,456000,27,27,long_20_39,9999,10009,10,10004.0,10000.538461538461,4.0,rich,-0.6923076923076923,-3.4615384615390212,sell_pressure,3.0,False,steady,1,passive_one_sided_sell,one_sided_mm,0,0,0,0,12,0,12,0,sell_take1_16,take1,281021.0,hold,8.0,281013.0,8.0,passive_inside_sell,,,
worse,round1-day-2,-2,456100,27,27,long_20_39,9993,10003,10,9998.0,10000.142857142857,-2.0,cheap,0.42857142857142855,2.142857142856883,buy_pressure,-6.0,True,shock,1,passive_one_sided_sell,one_sided_mm,0,0,0,0,9,0,0,0,hold,hold,281013.0,mm_join_12,0.0,281013.0,0.0,passive_inside_sell,,,
worse,round1-day-2,-2,457700,27,27,long_20_39,9998,10011,13,10004.5,9999.181818181818,4.5,rich,-0.8181818181818182,-5.3181818181819835,sell_pressure,3.5,True,shock,1,passive_one_sided_sell,one_sided_mm,0,0,0,0,9,0,9,0,sell_take1_16,take1,281013.0,hold,6.0,281007.0,6.0,passive_inside_sell,,,
worse,round1-day-2,-2,458000,27,27,long_20_39,9998,10009,11,10003.5,10001.666666666666,3.5,rich,-0.3333333333333333,-1.8333333333339397,mixed_pressure,10.5,True,shock,1,passive_one_sided_buy,one_sided_mm,0,0,0,9,0,0,0,0,sell_take1_16,take1,281007.0,hold,15.0,280992.0,15.0,passive_inside_buy,,,
worse,round1-day-2,-2,459100,27,27,long_20_39,9993,10003,10,9998.0,10001.75,-2.0,cheap,0.75,3.75,buy_pressure,-3.0,False,steady,1,passive_one_sided_sell,one_sided_mm,0,0,0,0,12,0,0,0,hold,hold,280992.0,mm_join_12,0.0,280992.0,0.0,passive_inside_sell,,,
worse,round1-day-2,-2,460300,27,27,long_20_39,9994,10004,10,9999.0,10001.222222222223,-1.0,neutral,0.4444444444444444,2.2222222222226264,buy_pressure,-4.5,True,shock,2,passive_two_sided,mm_inside,0,0,0,9,9,9,9,0,hold,hold,280992.0,mm_join_12,0.0,280992.0,0.0,,,,
worse,round1-day-2,-2,463100,9,9,flat_19,9991,10003,12,9997.0,10001.615384615385,-3.0,cheap,0.7692307692307693,4.615384615384755,buy_pressure,-3.0,False,steady,1,passive_one_sided_buy,one_sided_mm,0,0,0,13,0,13,0,0,hold,hold,100860.0,mm_join_12,0.0,100860.0,0.0,passive_inside_buy,,,
worse,round1-day-2,-2,471600,10,10,flat_19,9995,10004,9,9999.5,10001.75,-0.5,neutral,0.5,2.25,buy_pressure,-4.0,True,shock,2,passive_two_sided,mm_inside,0,0,0,9,9,9,0,0,hold,hold,110758.0,mm_join_12,0.0,110758.0,0.0,,,,
worse,round1-day-2,-2,472200,10,10,flat_19,9999,10012,13,10005.5,10000.392857142857,5.5,rich,-0.7857142857142857,-5.107142857143117,sell_pressure,9.5,True,shock,1,passive_one_sided_sell,one_sided_mm,0,0,0,0,9,0,9,0,sell_take1_16,take1,110758.0,hold,12.0,110746.0,12.0,passive_inside_sell,,,
worse,round1-day-2,-2,474100,17,17,flat_19,9999,10010,11,10004.5,10001.933333333332,4.5,rich,-0.4666666666666667,-2.5666666666675155,sell_pressure,1.5,False,steady,1,passive_one_sided_sell,one_sided_mm,0,0,0,0,12,0,12,0,sell_take1_16,take1,180641.0,sell_take2_32,11.0,180625.0,16.0,passive_inside_sell,,,
worse,round1-day-2,-2,476300,12,12,flat_19,9991,10003,12,9997.0,10002.111111111111,-3.0,cheap,0.8518518518518519,5.111111111111313,buy_pressure,-5.0,True,shock,1,passive_one_sided_buy,one_sided_mm,0,0,0,10,0,10,0,0,hold,hold,130585.0,mm_join_12,0.0,130585.0,0.0,passive_inside_buy,,,
worse,round1-day-2,-2,477800,18,18,flat_19,9995,10004,9,9999.5,10002.2,-0.5,neutral,0.6,2.7000000000007276,buy_pressure,-2.5,False,steady,2,passive_two_sided,mm_inside,0,0,0,12,12,12,0,0,hold,hold,190555.0,mm_join_12,0.0,190555.0,0.0,,,,
worse,round1-day-2,-2,482100,42,42,long_40_59,9993,10003,10,9998.0,10000.5,-2.0,cheap,0.5,2.5,buy_pressure,9998.0,True,shock,1,passive_one_sided_sell,one_sided_mm,0,0,0,0,12,0,12,0,hold,hold,430199.0,mm_join_12,0.0,430199.0,0.0,passive_inside_sell,,,
worse,round1-day-2,-2,488000,30,30,long_20_39,9996,10006,10,10001.0,9998.5,1.0,neutral,-0.5,-2.5,sell_pressure,2.0,False,steady,2,passive_two_sided,mm_inside,0,0,0,12,12,0,12,0,sell_take1_16,take1,310069.0,hold,15.0,310054.0,15.0,,,,
worse,round1-day-2,-2,489000,21,21,long_20_39,9989,9999,10,9994.0,9996.333333333334,-6.0,cheap,0.4666666666666667,2.3333333333339397,buy_pressure,-5.0,True,shock,1,passive_one_sided_buy,one_sided_mm,0,0,0,10,0,10,0,0,hold,hold,220063.0,mm_join_12,0.0,220063.0,0.0,passive_inside_buy,,,
worse,round1-day-2,-2,490800,26,26,long_20_39,9994,10004,10,9999.0,9996.35294117647,-1.0,neutral,-0.5294117647058824,-2.6470588235297328,sell_pressure,2.0,False,steady,1,passive_one_sided_sell,one_sided_mm,0,0,0,0,12,0,12,0,sell_take1_16,take1,270025.0,hold,8.0,270017.0,8.0,passive_inside_sell,,,
worse,round1-day-2,-2,492500,34,34,long_20_39,9993,10006,13,9999.5,9994.5,-0.5,neutral,-0.7692307692307693,-5.0,sell_pressure,4.5,True,shock,1,passive_one_sided_sell,one_sided_mm,0,0,0,0,9,0,9,0,sell_take1_16,take1,349933.0,hold,3.0,349930.0,3.0,passive_inside_sell,,,
worse,round1-day-2,-2,493700,37,37,long_20_39,9986,9995,9,9990.5,9992.75,-9.5,cheap,0.5,2.25,buy_pressure,-4.5,True,shock,1,passive_one_sided_buy,one_sided_mm,0,0,0,10,0,10,0,0,hold,hold,379891.0,mm_join_12,0.0,379891.0,0.0,passive_inside_buy,,,
worse,round1-day-2,-2,503200,36,36,long_20_39,9992,10005,13,9998.5,9992.896551724138,-1.5,neutral,-0.8620689655172413,-5.60344827586232,sell_pressure,5.5,True,shock,1,passive_one_sided_sell,one_sided_mm,0,0,0,0,9,0,9,0,hold,hold,369749.0,mm_join_12,0.0,369749.0,0.0,passive_inside_sell,,,
worse,round1-day-2,-2,511400,62,62,long_60_plus,9989,10000,11,9994.5,9990.833333333334,-5.5,cheap,-0.6666666666666666,-3.6666666666660603,sell_pressure,2.5,False,steady,2,passive_two_sided,mm_inside,0,0,0,9,14,0,14,0,hold,hold,629388.0,mm_join_12,0.0,629388.0,0.0,,,,
worse,round1-day-2,-2,512600,55,55,long_40_59,9983,9993,10,9988.0,9991.75,-12.0,cheap,0.75,3.75,buy_pressure,-4.0,True,shock,1,passive_one_sided_buy,one_sided_mm,0,0,0,6,0,6,0,0,hold,hold,559383.0,mm_join_12,0.0,559383.0,0.0,passive_inside_buy,,,
worse,round1-day-2,-2,515400,69,69,long_60_plus,9983,9992,9,9987.5,9990.875,-12.5,cheap,0.75,3.375,buy_pressure,4.5,True,shock,1,passive_one_sided_buy,one_sided_mm,0,0,0,6,0,6,0,0,hold,hold,699205.0,mm_join_12,0.0,699205.0,0.0,passive_inside_buy,,,
worse,round1-day-2,-2,516800,80,80,long_60_plus,9982,9991,9,9986.5,9989.615384615385,-13.5,cheap,0.6923076923076923,3.1153846153847553,buy_pressure,-2.5,True,shock,0,hold,hold,0,0,0,0,0,0,0,0,hold,hold,809043.0,mm_join_12,0.0,809043.0,0.0,,,,
worse,round1-day-2,-2,517200,76,76,long_60_plus,9987,9998,11,9992.5,9988.29411764706,-7.5,cheap,-0.7647058823529411,-4.2058823529405345,sell_pressure,2.5,True,shock,1,passive_one_sided_buy,one_sided_mm,0,0,0,4,0,4,0,0,hold,hold,769055.0,mm_join_12,0.0,769055.0,0.0,passive_inside_buy,,,
worse,round1-day-2,-2,520800,76,76,long_60_plus,9984,9994,10,9989.0,9991.692307692309,-11.0,cheap,0.5384615384615384,2.692307692308532,buy_pressure,-3.0,True,shock,1,passive_one_sided_buy,one_sided_mm,0,0,0,4,0,4,0,0,hold,hold,769055.0,mm_join_12,0.0,769055.0,0.0,passive_inside_buy,,,
worse,round1-day-2,-2,522900,76,76,long_60_plus,9991,10002,11,9996.5,9994.142857142857,-3.5,cheap,-0.42857142857142855,-2.357142857143117,sell_pressure,3.5,True,shock,2,passive_two_sided,mm_inside,0,0,0,4,11,0,11,0,sell_take1_16,take1,769035.0,hold,16.0,769019.0,16.0,,,,
worse,round1-day-2,-2,523700,76,76,long_60_plus,9983,9995,12,9989.0,9992.857142857143,-11.0,cheap,0.6428571428571429,3.857142857143117,buy_pressure,-12.0,True,shock,2,passive_two_sided,mm_inside,0,0,0,4,11,4,0,0,hold,hold,769019.0,mm_join_12,0.0,769019.0,0.0,,,,
worse,round1-day-2,-2,524800,76,76,long_60_plus,9986,9995,9,9990.5,9992.6,-9.5,cheap,0.4666666666666667,2.100000000000364,buy_pressure,-1.5,True,shock,2,passive_two_sided,mm_inside,0,0,0,4,11,4,0,0,hold,hold,769019.0,mm_join_12,0.0,769019.0,0.0,,,,
worse,round1-day-2,-2,525300,79,79,long_60_plus,9986,9995,9,9990.5,9992.6,-9.5,cheap,0.4666666666666667,2.100000000000364,buy_pressure,-3.5,True,shock,2,passive_two_sided,mm_inside,0,0,0,1,11,1,0,0,hold,hold,798979.0,mm_join_12,0.0,798979.0,0.0,,,,
worse,round1-day-2,-2,527600,80,80,long_60_plus,9992,10002,10,9997.0,9993.25,-3.0,cheap,-0.75,-3.75,sell_pressure,3.0,False,steady,1,passive_one_sided_sell,one_sided_mm,0,0,0,0,14,0,14,0,sell_take1_16,take1,808899.0,hold,27.0,808872.0,27.0,passive_inside_sell,,,
worse,round1-day-2,-2,528800,74,74,long_60_plus,9992,10002,10,9997.0,9993.176470588236,-3.0,cheap,-0.7647058823529411,-3.823529411763957,sell_pressure,-5.0,True,shock,2,passive_two_sided,mm_inside,0,0,0,6,14,0,14,0,hold,hold,748866.0,mm_join_12,0.0,748866.0,0.0,,,,
worse,round1-day-2,-2,531000,71,71,long_60_plus,9993,10003,10,9998.0,9995.777777777777,-2.0,cheap,-0.4444444444444444,-2.2222222222226264,sell_pressure,-5.0,True,shock,2,passive_two_sided,mm_inside,0,0,0,9,14,0,14,0,sell_take1_16,take1,718816.0,hold,17.0,718799.0,17.0,,,,
worse,round1-day-2,-2,531300,71,77,long_60_plus,9987,9996,9,9991.5,9994.5,-8.5,cheap,0.6666666666666666,3.0,buy_pressure,4.5,True,shock,2,passive_two_sided,mm_inside,0,0,0,6,11,6,0,0,mm_inside_12,mm_inside,718799.0,mm_inside_20,0.0,718799.0,0.0,,,,
worse,round1-day-2,-2,531700,77,77,long_60_plus,9992,10003,11,9997.5,9994.538461538461,-2.5,cheap,-0.5384615384615384,-2.9615384615390212,sell_pressure,2.5,False,steady,2,passive_two_sided,mm_inside,0,0,0,3,14,0,14,0,sell_take1_16,take1,778727.0,hold,6.0,778721.0,6.0,,,,
worse,round1-day-2,-2,532800,77,77,long_60_plus,9992,10002,10,9997.0,9993.176470588236,-3.0,cheap,-0.7647058823529411,-3.823529411763957,sell_pressure,1.5,False,steady,2,passive_two_sided,mm_inside,0,0,0,3,14,0,14,0,sell_take1_16,take1,778721.0,hold,9.0,778712.0,9.0,,,,
worse,round1-day-2,-2,533700,73,73,long_60_plus,9983,9995,12,9989.0,9994.172413793103,-11.0,cheap,0.8620689655172413,5.17241379310326,buy_pressure,-6.0,True,shock,2,passive_two_sided,mm_inside,0,0,0,6,11,6,0,0,hold,hold,738660.0,mm_join_12,0.0,738660.0,0.0,,,,
worse,round1-day-2,-2,533800,73,73,long_60_plus,9986,9995,9,9990.5,9993.0,-9.5,cheap,0.5555555555555556,2.5,buy_pressure,1.5,True,shock,2,passive_two_sided,mm_inside,0,0,0,6,11,6,0,0,hold,hold,738660.0,mm_join_12,0.0,738660.0,0.0,,,,
worse,round1-day-2,-2,534100,73,73,long_60_plus,9987,9996,9,9991.5,9994.5,-8.5,cheap,0.6666666666666666,3.0,buy_pressure,-4.5,True,shock,2,passive_two_sided,mm_inside,0,0,0,6,11,6,0,0,hold,hold,738660.0,mm_join_12,0.0,738660.0,0.0,,,,
worse,round1-day-2,-2,536500,79,79,long_60_plus,9986,9995,9,9990.5,9993.3125,-9.5,cheap,0.625,2.8125,buy_pressure,-4.5,True,shock,2,passive_two_sided,mm_inside,0,0,0,1,11,1,0,0,hold,hold,798582.0,mm_join_12,0.0,798582.0,0.0,,,,
worse,round1-day-2,-2,538100,80,80,long_60_plus,9985,9995,10,9990.0,9992.5,-10.0,cheap,0.5,2.5,buy_pressure,-3.5,True,shock,1,passive_one_sided_sell,one_sided_mm,0,0,0,0,11,0,0,0,hold,hold,808456.0,mm_join_12,0.0,808456.0,0.0,passive_inside_sell,,,
worse,round1-day-2,-2,538300,80,80,long_60_plus,9985,9994,9,9989.5,9992.3125,-10.5,cheap,0.625,2.8125,buy_pressure,2.5,True,shock,1,passive_one_sided_sell,one_sided_mm,0,0,0,0,11,0,0,0,hold,hold,808456.0,mm_join_12,0.0,808456.0,0.0,passive_inside_sell,,,
worse,round1-day-2,-2,538400,80,80,long_60_plus,9991,10001,10,9996.0,9993.142857142857,-4.0,cheap,-0.5714285714285714,-2.857142857143117,sell_pressure,6.5,True,shock,1,passive_one_sided_sell,one_sided_mm,0,0,0,0,11,0,11,0,sell_take1_16,take1,808456.0,hold,29.0,808427.0,29.0,passive_inside_sell,,,
worse,round1-day-2,-2,539200,80,80,long_60_plus,9985,9994,9,9989.5,9991.0,-10.5,cheap,0.3333333333333333,1.5,mixed_pressure,-1.5,True,shock,1,passive_one_sided_sell,one_sided_mm,0,0,0,0,11,0,0,0,sell_take1_16,take1,808427.0,hold,10.0,808417.0,10.0,passive_inside_sell,,,
worse,round1-day-2,-2,539500,72,72,long_60_plus,9990,10000,10,9995.0,9991.875,-5.0,cheap,-0.625,-3.125,sell_pressure,3.0,False,steady,2,passive_two_sided,mm_inside,0,0,0,8,14,8,14,0,sell_take1_16,take1,728401.0,sell_take2_32,0.0,728396.0,5.0,,,,
worse,round1-day-2,-2,540400,72,72,long_60_plus,9989,10000,11,9994.5,9990.57142857143,-5.5,cheap,-0.7142857142857143,-3.928571428570649,sell_pressure,2.5,False,steady,2,passive_two_sided,mm_inside,0,0,0,8,14,0,14,0,sell_take1_16,take1,728396.0,hold,1.0,728395.0,1.0,,,,
worse,round1-day-2,-2,542700,72,72,long_60_plus,9983,9993,10,9988.0,9991.461538461539,-12.0,cheap,0.6923076923076923,3.4615384615390212,buy_pressure,-2.0,True,shock,2,passive_two_sided,mm_inside,0,0,0,6,11,6,0,0,hold,hold,728395.0,mm_join_12,0.0,728395.0,0.0,,,,
worse,round1-day-2,-2,546100,80,80,long_60_plus,9982,9992,10,9987.0,9989.64705882353,-13.0,cheap,0.5294117647058824,2.6470588235297328,buy_pressure,-3.0,True,shock,0,hold,hold,0,0,0,0,0,0,0,0,hold,hold,808187.0,mm_join_12,0.0,808187.0,0.0,,,,
worse,round1-day-2,-2,546600,77,77,long_60_plus,9988,9998,10,9993.0,9990.35294117647,-7.0,cheap,-0.5294117647058824,-2.6470588235297328,sell_pressure,3.0,True,shock,2,passive_two_sided,mm_inside,0,0,0,3,11,0,11,0,sell_take1_16,take1,778187.0,sell_take2_32,13.0,778161.0,26.0,,,,
worse,round1-day-2,-2,549400,80,80,long_60_plus,9992,10001,9,9996.5,9993.125,-3.5,cheap,-0.75,-3.375,sell_pressure,6.5,True,shock,1,passive_one_sided_sell,one_sided_mm,0,0,0,0,11,0,11,0,sell_take1_16,take1,808091.0,hold,5.0,808086.0,5.0,passive_inside_sell,,,
worse,round1-day-2,-2,555300,78,78,long_60_plus,9989,9999,10,9994.0,9990.333333333334,-6.0,cheap,-0.7333333333333333,-3.6666666666660603,sell_pressure,3.0,True,shock,2,passive_two_sided,mm_inside,0,0,0,2,11,0,11,0,hold,hold,788011.0,mm_join_12,0.0,788011.0,0.0,,,,
worse,round1-day-2,-2,559000,76,76,long_60_plus,9989,10000,11,9994.5,9991.894736842105,-5.5,cheap,-0.47368421052631576,-2.605263157895024,sell_pressure,2.5,False,steady,2,passive_two_sided,mm_inside,0,0,0,4,14,0,14,0,sell_take1_16,take1,767940.0,hold,75.0,767865.0,75.0,,,,
worse,round1-day-2,-2,567700,80,80,long_60_plus,9988,9999,11,9993.5,9989.57142857143,-6.5,cheap,-0.7142857142857143,-3.928571428570649,sell_pressure,3.5,True,shock,1,passive_one_sided_sell,one_sided_mm,0,0,0,0,11,0,11,0,hold,hold,807804.0,mm_join_12,0.0,807804.0,0.0,passive_inside_sell,,,
worse,round1-day-2,-2,568000,80,80,long_60_plus,9988,10001,13,9994.5,9990.09677419355,-5.5,cheap,-0.6774193548387096,-4.403225806450791,sell_pressure,-4.5,True,shock,1,passive_one_sided_sell,one_sided_mm,0,0,0,0,11,0,11,0,hold,hold,807804.0,mm_join_12,0.0,807804.0,0.0,passive_inside_sell,,,
worse,round1-day-2,-2,568800,80,80,long_60_plus,9985,9994,9,9989.5,9991.5,-10.5,cheap,0.4444444444444444,2.0,buy_pressure,-3.5,True,shock,1,passive_one_sided_sell,one_sided_mm,0,0,0,0,11,0,0,0,hold,hold,807804.0,mm_join_12,0.0,807804.0,0.0,passive_inside_sell,,,
worse,round1-day-2,-2,570300,80,80,long_60_plus,9986,9995,9,9990.5,9992.6,-9.5,cheap,0.4666666666666667,2.100000000000364,buy_pressure,-5.5,True,shock,1,passive_one_sided_sell,one_sided_mm,0,0,0,0,11,0,0,0,hold,hold,807734.0,mm_join_12,0.0,807734.0,0.0,passive_inside_sell,,,
worse,round1-day-2,-2,574000,75,75,long_60_plus,9994,10004,10,9999.0,9995.666666666666,-1.0,neutral,-0.6666666666666666,-3.3333333333339397,sell_pressure,1.5,False,steady,2,passive_two_sided,mm_inside,0,0,0,5,14,0,14,0,hold,hold,757704.0,mm_join_12,0.0,757704.0,0.0,,,,
worse,round1-day-2,-2,575400,69,60,long_60_plus,9999,10008,9,10003.5,10001.131578947368,3.5,rich,-0.5263157894736842,-2.3684210526316747,sell_pressure,7.5,True,shock,2,clear_sell,take1,0,9,9,0,11,0,11,1,sell_take1_16,take1,697668.0,hold,39.0,697668.0,0.0,take_b1,,,
worse,round1-day-2,-2,575500,60,60,long_60_plus,9995,10005,10,10000.0,9997.35294117647,0.0,neutral,-0.5294117647058824,-2.6470588235297328,sell_pressure,-3.5,True,shock,2,passive_two_sided,mm_inside,0,0,0,6,11,0,11,0,hold,hold,607677.0,mm_join_12,0.0,607677.0,0.0,,,,
worse,round1-day-2,-2,575700,60,60,long_60_plus,9995,10006,11,10000.5,9998.142857142857,0.5,neutral,-0.42857142857142855,-2.357142857143117,sell_pressure,4.5,True,shock,2,passive_two_sided,mm_inside,0,0,0,6,11,0,11,0,sell_take1_16,take1,607677.0,hold,4.0,607673.0,4.0,,,,
worse,round1-day-2,-2,576500,60,60,long_60_plus,9996,10007,11,10001.5,9998.894736842105,1.5,neutral,-0.47368421052631576,-2.605263157895024,sell_pressure,1.5,False,steady,2,passive_two_sided,mm_inside,0,0,0,9,14,0,14,0,sell_take1_16,take1,607673.0,hold,10.0,607663.0,10.0,,,,
worse,round1-day-2,-2,577600,60,60,long_60_plus,9992,10002,10,9997.0,10000.235294117647,-3.0,cheap,0.6470588235294118,3.235294117646845,buy_pressure,-3.0,False,steady,1,passive_one_sided_buy,one_sided_mm,0,0,0,9,0,9,0,0,hold,hold,607663.0,mm_join_12,0.0,607663.0,0.0,passive_inside_buy,,,
worse,round1-day-2,-2,577700,60,60,long_60_plus,9998,10009,11,10003.5,9999.57142857143,3.5,rich,-0.7142857142857143,-3.928571428570649,sell_pressure,6.5,True,shock,1,passive_one_sided_sell,one_sided_mm,0,0,0,0,11,0,11,0,sell_take1_16,take1,607663.0,sell_take2_32,0.0,607655.0,8.0,passive_inside_sell,,,
worse,round1-day-2,-2,580900,64,64,long_60_plus,9987,9999,12,9993.0,9996.777777777777,-7.0,cheap,0.6296296296296297,3.7777777777773736,buy_pressure,-5.0,True,shock,2,passive_two_sided,mm_inside,0,0,0,6,11,6,0,0,hold,hold,647627.0,mm_join_12,0.0,647627.0,0.0,,,,
worse,round1-day-2,-2,583200,65,65,long_60_plus,9992,10005,13,9998.5,9993.575757575758,-1.5,neutral,-0.7575757575757576,-4.924242424242038,sell_pressure,3.5,True,shock,2,passive_two_sided,mm_inside,0,0,0,6,11,0,11,0,hold,hold,657571.0,mm_join_12,0.0,657571.0,0.0,,,,
worse,round1-day-2,-2,583500,71,71,long_60_plus,9992,10003,11,9997.5,9995.055555555555,-2.5,cheap,-0.4444444444444444,-2.444444444445253,sell_pressure,3.0,False,steady,2,passive_two_sided,mm_inside,0,0,0,9,14,0,14,0,hold,hold,717499.0,mm_join_12,0.0,717499.0,0.0,,,,
worse,round1-day-2,-2,585100,79,79,long_60_plus,9992,10002,10,9997.0,9994.631578947368,-3.0,cheap,-0.47368421052631576,-2.3684210526316747,sell_pressure,3.0,False,steady,2,passive_two_sided,mm_inside,0,0,0,1,14,0,14,0,hold,hold,797435.0,mm_join_12,0.0,797435.0,0.0,,,,
worse,round1-day-2,-2,585700,79,79,long_60_plus,9991,10004,13,9997.5,9992.625,-2.5,cheap,-0.75,-4.875,sell_pressure,4.5,True,shock,2,passive_two_sided,mm_inside,0,0,0,1,11,0,11,0,hold,hold,797435.0,mm_join_12,0.0,797435.0,0.0,,,,
worse,round1-day-2,-2,586600,79,79,long_60_plus,9984,9993,9,9988.5,9991.0,-11.5,cheap,0.5555555555555556,2.5,buy_pressure,-3.5,True,shock,1,passive_one_sided_buy,one_sided_mm,0,0,0,1,0,1,0,0,hold,hold,797435.0,mm_join_12,0.0,797435.0,0.0,passive_inside_buy,,,
worse,round1-day-2,-2,588900,73,73,long_60_plus,9988,9999,11,9993.5,9990.588235294117,-6.5,cheap,-0.5294117647058824,-2.911764705882888,sell_pressure,2.5,True,shock,2,passive_two_sided,mm_inside,0,0,0,6,11,6,11,0,hold,hold,737447.0,mm_join_12,0.0,737447.0,0.0,,,,
worse,round1-day-2,-2,589900,73,73,long_60_plus,9990,10000,10,9995.0,9992.307692307691,-5.0,cheap,-0.5384615384615384,-2.692307692308532,sell_pressure,2.0,False,steady,2,passive_two_sided,mm_inside,0,0,0,7,14,0,14,0,hold,hold,737447.0,mm_join_12,0.0,737447.0,0.0,,,,
worse,round1-day-2,-2,591200,73,73,long_60_plus,9989,9999,10,9994.0,9991.105263157895,-6.0,cheap,-0.5789473684210527,-2.894736842104976,sell_pressure,3.0,True,shock,2,passive_two_sided,mm_inside,0,0,0,6,11,0,11,0,hold,hold,737447.0,mm_join_12,0.0,737447.0,0.0,,,,
worse,round1-day-2,-2,592700,73,73,long_60_plus,9981,9991,10,9986.0,9989.75,-14.0,cheap,0.75,3.75,buy_pressure,-4.5,True,shock,1,passive_one_sided_buy,one_sided_mm,0,0,0,6,0,6,0,0,buy_take1_16,take1,737447.0,hold,6.0,737441.0,6.0,passive_inside_buy,,,
worse,round1-day-2,-2,593100,73,73,long_60_plus,9987,10000,13,9993.5,9988.444444444445,-6.5,cheap,-0.7777777777777778,-5.055555555554747,sell_pressure,2.5,True,shock,2,passive_two_sided,mm_inside,0,0,0,6,11,6,11,0,hold,hold,737441.0,mm_join_12,0.0,737441.0,0.0,,,,
worse,round1-day-2,-2,593500,73,73,long_60_plus,9987,10000,13,9993.5,9989.166666666666,-6.5,cheap,-0.6666666666666666,-4.33333333333394,sell_pressure,3.5,True,shock,2,passive_two_sided,mm_inside,0,0,0,6,11,6,11,0,hold,hold,737441.0,mm_join_12,0.0,737441.0,0.0,,,,
worse,round1-day-2,-2,597700,80,80,long_60_plus,9983,9993,10,9988.0,9990.222222222223,-12.0,cheap,0.4444444444444444,2.2222222222226264,buy_pressure,-4.5,True,shock,0,hold,hold,0,0,0,0,0,0,0,0,hold,hold,807394.0,mm_join_12,0.0,807394.0,0.0,,,,
worse,round1-day-2,-2,598300,80,80,long_60_plus,9986,9995,9,9990.5,9993.5,-9.5,cheap,0.6666666666666666,3.0,buy_pressure,-2.5,True,shock,1,passive_one_sided_sell,one_sided_mm,0,0,0,0,11,0,0,0,hold,hold,807380.0,mm_join_12,0.0,807380.0,0.0,passive_inside_sell,,,
worse,round1-day-2,-2,598600,80,80,long_60_plus,9991,10002,11,9996.5,9992.375,-3.5,cheap,-0.75,-4.125,sell_pressure,2.5,False,steady,1,passive_one_sided_sell,one_sided_mm,0,0,0,0,14,0,14,0,hold,hold,807380.0,mm_join_12,0.0,807380.0,0.0,passive_inside_sell,,,
worse,round1-day-2,-2,599500,80,80,long_60_plus,9986,9996,10,9991.0,9994.235294117647,-9.0,cheap,0.6470588235294118,3.235294117646845,buy_pressure,-2.0,True,shock,1,passive_one_sided_sell,one_sided_mm,0,0,0,0,11,0,0,0,mm_inside_12,mm_inside,807308.0,mm_inside_20,0.0,807308.0,0.0,passive_inside_sell,,,
worse,round1-day-2,-2,601000,80,80,long_60_plus,9991,10002,11,9996.5,9993.75,-3.5,cheap,-0.5,-2.75,sell_pressure,2.5,False,steady,1,passive_one_sided_sell,one_sided_mm,0,0,0,0,14,0,14,0,sell_take1_16,take1,807299.0,hold,14.0,807285.0,14.0,passive_inside_sell,,,
worse,round1-day-2,-2,608900,80,80,long_60_plus,9992,10002,10,9997.0,9993.176470588236,-3.0,cheap,-0.7647058823529411,-3.823529411763957,sell_pressure,13.0,True,shock,1,passive_one_sided_sell,one_sided_mm,0,0,0,0,14,0,14,0,hold,hold,807255.0,mm_join_12,0.0,807255.0,0.0,passive_inside_sell,,,
worse,round1-day-2,-2,610500,80,80,long_60_plus,9986,9996,10,9991.0,9995.333333333334,-9.0,cheap,0.8666666666666667,4.33333333333394,buy_pressure,-3.0,True,shock,1,passive_one_sided_sell,one_sided_mm,0,0,0,0,11,0,0,0,hold,hold,807255.0,mm_join_12,0.0,807255.0,0.0,passive_inside_sell,,,
worse,round1-day-2,-2,612200,80,77,long_60_plus,9991,10004,13,9997.5,9992.925925925925,-2.5,cheap,-0.7037037037037037,-4.574074074074815,sell_pressure,12.5,True,shock,1,passive_one_sided_sell,one_sided_mm,0,0,0,0,14,0,14,0,mm_inside_12,mm_inside,807255.0,mm_inside_20,0.0,807255.0,0.0,passive_inside_sell,,,
worse,round1-day-2,-2,617800,80,80,long_60_plus,9986,9996,10,9991.0,9992.875,-9.0,cheap,0.375,1.875,buy_pressure,-3.0,True,shock,1,passive_one_sided_sell,one_sided_mm,0,0,0,0,11,0,0,0,hold,hold,807151.0,mm_join_12,0.0,807151.0,0.0,passive_inside_sell,,,
worse,round1-day-2,-2,623100,80,80,long_60_plus,9992,10002,10,9997.0,9994.666666666666,-3.0,cheap,-0.4666666666666667,-2.3333333333339397,sell_pressure,4.5,True,shock,1,passive_one_sided_sell,one_sided_mm,0,0,0,0,11,0,11,0,hold,hold,807151.0,mm_join_12,0.0,807151.0,0.0,passive_inside_sell,,,
worse,round1-day-2,-2,625500,75,75,long_60_plus,9988,9997,9,9992.5,9995.615384615385,-7.5,cheap,0.6923076923076923,3.1153846153847553,buy_pressure,-3.0,True,shock,2,passive_two_sided,mm_inside,0,0,0,5,11,5,0,0,hold,hold,757081.0,mm_join_12,0.0,757081.0,0.0,,,,
worse,round1-day-2,-2,633300,71,71,long_60_plus,9995,10005,10,10000.0,9997.35294117647,0.0,neutral,-0.5294117647058824,-2.6470588235297328,sell_pressure,4.0,True,shock,2,passive_two_sided,mm_inside,0,0,0,6,11,0,11,0,hold,hold,717075.0,mm_join_12,0.0,717075.0,0.0,,,,
worse,round1-day-2,-2,633900,71,71,long_60_plus,9990,9999,9,9994.5,9996.35294117647,-5.5,cheap,0.4117647058823529,1.8529411764702672,buy_pressure,-3.5,True,shock,2,passive_two_sided,mm_inside,0,0,0,6,11,6,0,0,hold,hold,717075.0,mm_join_12,0.0,717075.0,0.0,,,,
worse,round1-day-2,-2,634600,71,71,long_60_plus,9996,10006,10,10001.0,9998.777777777777,1.0,neutral,-0.4444444444444444,-2.2222222222226264,sell_pressure,4.0,True,shock,2,passive_two_sided,mm_inside,0,0,0,6,11,0,11,0,hold,hold,717075.0,mm_join_12,0.0,717075.0,0.0,,,,
worse,round1-day-2,-2,634700,71,71,long_60_plus,9990,10000,10,9995.0,9998.823529411764,-5.0,cheap,0.7647058823529411,3.823529411763957,buy_pressure,-6.0,True,shock,1,passive_one_sided_buy,one_sided_mm,0,0,0,6,0,6,0,0,hold,hold,717075.0,mm_join_12,0.0,717075.0,0.0,passive_inside_buy,,,
worse,round1-day-2,-2,635500,62,62,long_60_plus,9996,10007,11,10001.5,9999.055555555555,1.5,neutral,-0.4444444444444444,-2.444444444445253,sell_pressure,-5.5,True,shock,2,passive_two_sided,mm_inside,0,0,0,9,14,0,14,0,hold,hold,627021.0,mm_join_12,0.0,627021.0,0.0,,,,
worse,round1-day-2,-2,635600,62,62,long_60_plus,9990,10000,10,9995.0,9997.5,-5.0,cheap,0.5,2.5,buy_pressure,-6.5,True,shock,2,passive_two_sided,mm_inside,0,0,0,6,11,6,0,0,hold,hold,627021.0,mm_join_12,0.0,627021.0,0.0,,,,
worse,round1-day-2,-2,639800,72,64,long_60_plus,9999,10008,9,10003.5,10001.322580645161,3.5,rich,-0.4838709677419355,-2.177419354839003,sell_pressure,6.5,True,shock,2,clear_sell,take1,0,8,8,0,11,0,11,1,sell_take1_16,take1,726905.0,hold,34.0,726905.0,0.0,take_b1,,,
worse,round1-day-2,-2,641600,64,64,long_60_plus,9988,9998,10,9993.0,9995.142857142857,-7.0,cheap,0.42857142857142855,2.142857142856883,buy_pressure,-3.0,True,shock,2,passive_two_sided,mm_inside,0,0,0,6,11,6,0,0,hold,hold,646913.0,mm_join_12,0.0,646913.0,0.0,,,,
worse,round1-day-2,-2,643800,70,70,long_60_plus,9997,10006,9,10001.5,9998.8,1.5,neutral,-0.6,-2.7000000000007276,sell_pressure,5.5,True,shock,2,passive_two_sided,mm_inside,0,0,0,6,11,0,11,0,sell_take1_16,take1,706847.0,hold,12.0,706835.0,12.0,,,,
worse,round1-day-2,-2,644000,70,70,long_60_plus,9993,10006,13,9999.5,9994.3,-0.5,neutral,-0.8,-5.200000000000728,sell_pressure,5.0,True,shock,2,passive_two_sided,mm_inside,0,0,0,6,11,0,11,0,sell_take1_16,take1,706835.0,hold,12.0,706823.0,12.0,,,,
worse,round1-day-2,-2,646300,66,66,long_60_plus,9987,9999,12,9993.0,9997.758620689656,-7.0,cheap,0.7931034482758621,4.7586206896558,buy_pressure,-4.0,True,shock,1,passive_one_sided_buy,one_sided_mm,0,0,0,6,0,6,0,0,hold,hold,666823.0,mm_join_12,0.0,666823.0,0.0,passive_inside_buy,,,
worse,round1-day-2,-2,648200,63,63,long_60_plus,9994,10004,10,9999.0,9995.666666666666,-1.0,neutral,-0.6666666666666666,-3.3333333333339397,sell_pressure,3.5,True,shock,2,passive_two_sided,mm_inside,0,0,0,6,11,0,11,0,hold,hold,636808.0,mm_join_12,0.0,636808.0,0.0,,,,
worse,round1-day-2,-2,655100,60,60,long_60_plus,9988,9998,10,9993.0,9995.142857142857,-7.0,cheap,0.42857142857142855,2.142857142856883,buy_pressure,-2.0,True,shock,2,passive_two_sided,mm_inside,0,0,0,6,11,6,0,0,hold,hold,606650.0,mm_join_12,0.0,606650.0,0.0,,,,
worse,round1-day-2,-2,656400,60,60,long_60_plus,9989,9999,10,9994.0,9997.235294117647,-6.0,cheap,0.6470588235294118,3.235294117646845,buy_pressure,-4.5,True,shock,2,passive_two_sided,mm_inside,0,0,0,6,11,6,0,0,hold,hold,606650.0,mm_join_12,0.0,606650.0,0.0,,,,
worse,round1-day-2,-2,657300,67,67,long_60_plus,9996,10006,10,10001.0,9998.307692307691,1.0,neutral,-0.5384615384615384,-2.692307692308532,sell_pressure,2.0,False,steady,2,passive_two_sided,mm_inside,0,0,0,9,14,0,14,0,hold,hold,676575.0,mm_join_12,0.0,676575.0,0.0,,,,
worse,round1-day-2,-2,657700,67,67,long_60_plus,9996,10007,11,10001.5,9998.75,1.5,neutral,-0.5,-2.75,sell_pressure,1.5,False,steady,2,passive_two_sided,mm_inside,0,0,0,9,14,0,14,0,hold,hold,676575.0,mm_join_12,0.0,676575.0,0.0,,,,
worse,round1-day-2,-2,658200,67,67,long_60_plus,9991,10000,9,9995.5,9998.5,-4.5,cheap,0.6666666666666666,3.0,buy_pressure,-3.5,True,shock,1,passive_one_sided_buy,one_sided_mm,0,0,0,6,0,6,0,0,hold,hold,676575.0,mm_join_12,0.0,676575.0,0.0,passive_inside_buy,,,
worse,round1-day-2,-2,660200,60,60,long_60_plus,9990,10000,10,9995.0,9998.57142857143,-5.0,cheap,0.7142857142857143,3.571428571429351,buy_pressure,-3.0,False,steady,1,passive_one_sided_buy,one_sided_mm,0,0,0,9,0,9,0,0,hold,hold,606469.0,mm_join_12,0.0,606469.0,0.0,passive_inside_buy,,,
worse,round1-day-2,-2,662200,58,58,long_40_59,9995,10006,11,10000.5,9997.538461538461,0.5,neutral,-0.5384615384615384,-2.9615384615390212,sell_pressure,2.5,False,steady,2,passive_two_sided,mm_inside,0,0,0,9,14,0,14,0,hold,hold,586429.0,mm_join_12,0.0,586429.0,0.0,,,,
worse,round1-day-2,-2,662700,55,55,long_40_59,9987,9999,12,9993.0,9998.25,-7.0,cheap,0.875,5.25,buy_pressure,-5.5,True,shock,1,passive_one_sided_buy,one_sided_mm,0,0,0,6,0,6,0,0,hold,hold,556417.0,mm_join_12,0.0,556417.0,0.0,passive_inside_buy,,,
worse,round1-day-2,-2,665200,72,72,long_60_plus,9994,10004,10,9999.0,9996.5,-1.0,neutral,-0.5,-2.5,sell_pressure,8.0,True,shock,2,passive_two_sided,mm_inside,0,0,0,6,11,0,11,0,hold,hold,726287.0,mm_join_12,0.0,726287.0,0.0,,,,
worse,round1-day-2,-2,671100,53,53,long_40_59,9988,9998,10,9993.0,9995.5,-7.0,cheap,0.5,2.5,buy_pressure,-3.0,True,shock,2,passive_two_sided,mm_inside,0,0,0,6,11,6,0,0,hold,hold,536265.0,mm_join_12,0.0,536265.0,0.0,,,,
worse,round1-day-2,-2,673700,69,69,long_60_plus,9992,10003,11,9997.5,9994.315789473685,-2.5,cheap,-0.5789473684210527,-3.184210526314928,sell_pressure,7.5,True,shock,2,passive_two_sided,mm_inside,0,0,0,6,11,0,11,0,hold,hold,696134.0,mm_join_12,0.0,696134.0,0.0,,,,
worse,round1-day-2,-2,677900,68,68,long_60_plus,9988,9998,10,9993.0,9996.823529411764,-7.0,cheap,0.7647058823529411,3.823529411763957,buy_pressure,-3.0,True,shock,2,passive_two_sided,mm_inside,0,0,0,6,11,6,0,0,hold,hold,686086.0,mm_join_12,0.0,686086.0,0.0,,,,
worse,round1-day-2,-2,679200,68,74,long_60_plus,9985,9997,12,9991.0,9995.615384615385,-9.0,cheap,0.7692307692307693,4.615384615384755,buy_pressure,-5.0,True,shock,2,passive_two_sided,mm_inside,0,0,0,6,11,6,0,0,mm_inside_12,mm_inside,686086.0,mm_inside_20,0.0,686086.0,0.0,,,,
worse,round1-day-2,-2,680700,68,68,long_60_plus,9989,9998,9,9993.5,9995.35294117647,-6.5,cheap,0.4117647058823529,1.8529411764702672,buy_pressure,-2.5,True,shock,2,passive_two_sided,mm_inside,0,0,0,6,11,6,0,0,hold,hold,685973.0,mm_join_12,0.0,685973.0,0.0,,,,
worse,round1-day-2,-2,682900,63,63,long_60_plus,9996,10007,11,10001.5,9997.833333333334,1.5,neutral,-0.6666666666666666,-3.6666666666660603,sell_pressure,2.5,False,steady,2,passive_two_sided,mm_inside,0,0,0,9,14,0,14,0,hold,hold,635978.0,mm_join_12,0.0,635978.0,0.0,,,,
worse,round1-day-2,-2,685000,63,63,long_60_plus,9987,9999,12,9993.0,9997.064516129032,-7.0,cheap,0.6774193548387096,4.064516129032199,buy_pressure,-4.0,True,shock,1,passive_one_sided_buy,one_sided_mm,0,0,0,6,0,6,0,0,hold,hold,635978.0,mm_join_12,0.0,635978.0,0.0,passive_inside_buy,,,
worse,round1-day-2,-2,688900,59,59,long_40_59,9996,10007,11,10001.5,9998.894736842105,1.5,neutral,-0.47368421052631576,-2.605263157895024,sell_pressure,2.5,False,steady,2,passive_two_sided,mm_inside,0,0,0,9,14,0,14,0,hold,hold,595910.0,mm_join_12,0.0,595910.0,0.0,,,,
worse,round1-day-2,-2,690200,61,61,long_60_plus,9995,10006,11,10000.5,9997.315789473685,0.5,neutral,-0.5789473684210527,-3.184210526314928,sell_pressure,2.5,False,steady,2,passive_two_sided,mm_inside,0,0,0,9,14,0,14,0,hold,hold,615881.0,mm_join_12,0.0,615881.0,0.0,,,,
worse,round1-day-2,-2,693100,61,61,long_60_plus,9996,10007,11,10001.5,9997.692307692309,1.5,neutral,-0.6923076923076923,-3.807692307691468,sell_pressure,1.5,False,steady,2,passive_two_sided,mm_inside,0,0,0,9,14,0,14,0,hold,hold,615881.0,mm_join_12,0.0,615881.0,0.0,,,,
worse,round1-day-2,-2,696000,64,64,long_60_plus,9997,10007,10,10002.0,9999.142857142857,2.0,rich,-0.5714285714285714,-2.857142857143117,sell_pressure,2.0,False,steady,1,passive_one_sided_buy,one_sided_mm,0,0,0,9,0,0,0,0,sell_take1_16,take1,645860.0,hold,3.0,645857.0,3.0,passive_inside_buy,,,
worse,round1-day-2,-2,696200,64,64,long_60_plus,9997,10008,11,10002.5,10000.142857142857,2.5,rich,-0.42857142857142855,-2.357142857143117,sell_pressure,1.5,False,steady,1,passive_one_sided_sell,one_sided_mm,0,0,0,0,14,0,14,0,sell_take1_16,take1,645857.0,hold,3.0,645854.0,3.0,passive_inside_sell,,,
worse,round1-day-2,-2,697400,64,64,long_60_plus,9998,10008,10,10003.0,9999.42857142857,3.0,rich,-0.7142857142857143,-3.571428571429351,sell_pressure,-5.0,True,shock,1,passive_one_sided_sell,one_sided_mm,0,0,0,0,14,0,14,0,sell_take1_16,take1,645854.0,hold,4.0,645850.0,4.0,passive_inside_sell,,,
worse,round1-day-2,-2,697500,64,64,long_60_plus,9992,10002,10,9997.0,9998.875,-3.0,cheap,0.375,1.875,buy_pressure,-6.0,True,shock,1,passive_one_sided_buy,one_sided_mm,0,0,0,6,0,6,0,0,hold,hold,645850.0,mm_join_12,0.0,645850.0,0.0,passive_inside_buy,,,
worse,round1-day-2,-2,697600,64,64,long_60_plus,9992,10002,10,9997.0,9999.5,-3.0,cheap,0.5,2.5,buy_pressure,0.0,False,steady,1,passive_one_sided_buy,one_sided_mm,0,0,0,9,0,9,0,0,hold,hold,645850.0,mm_join_12,0.0,645850.0,0.0,passive_inside_buy,,,
worse,round1-day-2,-2,700800,80,80,long_60_plus,9991,10000,9,9995.5,9997.75,-4.5,cheap,0.5,2.25,buy_pressure,-3.5,True,shock,0,hold,hold,0,0,0,0,0,0,0,0,hold,hold,805723.0,mm_join_12,0.0,805723.0,0.0,,,,
worse,round1-day-2,-2,703700,80,80,long_60_plus,9996,10006,10,10001.0,9997.333333333334,1.0,neutral,-0.7333333333333333,-3.6666666666660603,sell_pressure,3.0,False,steady,1,passive_one_sided_sell,one_sided_mm,0,0,0,0,14,0,14,0,hold,hold,805723.0,mm_join_12,0.0,805723.0,0.0,passive_inside_sell,,,
worse,round1-day-2,-2,704400,80,80,long_60_plus,9996,10006,10,10001.0,9998.142857142857,1.0,neutral,-0.5714285714285714,-2.857142857143117,sell_pressure,-8.0,True,shock,1,passive_one_sided_sell,one_sided_mm,0,0,0,0,14,0,14,0,hold,hold,805723.0,mm_join_12,0.0,805723.0,0.0,passive_inside_sell,,,
worse,round1-day-2,-2,705800,80,80,long_60_plus,9990,10000,10,9995.0,9998.0,-5.0,cheap,0.6,3.0,buy_pressure,-3.0,False,steady,0,hold,hold,0,0,0,0,0,0,0,0,hold,hold,805723.0,mm_join_12,0.0,805723.0,0.0,,,,
worse,round1-day-2,-2,706100,80,80,long_60_plus,9995,10006,11,10000.5,9997.75,0.5,neutral,-0.5,-2.75,sell_pressure,2.5,False,steady,1,passive_one_sided_sell,one_sided_mm,0,0,0,0,14,0,14,0,hold,hold,805723.0,mm_join_12,0.0,805723.0,0.0,passive_inside_sell,,,
worse,round1-day-2,-2,706400,80,80,long_60_plus,9997,10008,11,10002.5,9999.357142857143,2.5,rich,-0.5714285714285714,-3.142857142856883,sell_pressure,3.5,True,shock,1,passive_one_sided_sell,one_sided_mm,0,0,0,0,11,0,11,0,sell_take1_16,take1,805723.0,hold,12.0,805711.0,12.0,passive_inside_sell,,,
worse,round1-day-2,-2,707400,71,71,long_60_plus,9993,10003,10,9998.0,10001.461538461539,-2.0,cheap,0.6923076923076923,3.4615384615390212,buy_pressure,-3.0,False,steady,1,passive_one_sided_buy,one_sided_mm,0,0,0,9,0,9,0,0,hold,hold,715621.0,mm_join_12,0.0,715621.0,0.0,passive_inside_buy,,,
worse,round1-day-2,-2,707800,71,71,long_60_plus,9999,10010,11,10004.5,10001.315789473685,4.5,rich,-0.5789473684210527,-3.184210526314928,sell_pressure,2.5,False,steady,1,passive_one_sided_sell,one_sided_mm,0,0,0,0,14,0,14,0,sell_take1_16,take1,715621.0,hold,26.0,715595.0,26.0,passive_inside_sell,,,
worse,round1-day-2,-2,712300,68,68,long_60_plus,9991,10001,10,9996.0,9998.5,-4.0,cheap,0.5,2.5,buy_pressure,-2.0,False,steady,1,passive_one_sided_buy,one_sided_mm,0,0,0,9,0,9,0,0,hold,hold,685532.0,mm_join_12,0.0,685532.0,0.0,passive_inside_buy,,,
worse,round1-day-2,-2,715700,80,80,long_60_plus,9986,9998,12,9992.0,9996.838709677419,-8.0,cheap,0.8064516129032258,4.838709677418592,buy_pressure,-5.0,True,shock,1,passive_one_sided_sell,one_sided_mm,0,0,0,0,11,0,0,0,hold,hold,805362.0,mm_join_12,0.0,805362.0,0.0,passive_inside_sell,1,9,1.0
worse,round1-day-2,-2,719000,80,80,long_60_plus,9995,10006,11,10000.5,9998.142857142857,0.5,neutral,-0.42857142857142855,-2.357142857143117,sell_pressure,2.5,False,steady,1,passive_one_sided_sell,one_sided_mm,0,0,0,0,14,0,14,0,hold,hold,805362.0,mm_join_12,0.0,805362.0,0.0,passive_inside_sell,,,
worse,round1-day-2,-2,722100,75,75,long_60_plus,9989,9999,10,9994.0,9997.333333333334,-6.0,cheap,0.6666666666666666,3.3333333333339397,buy_pressure,-5.0,True,shock,1,passive_one_sided_buy,one_sided_mm,0,0,0,5,0,5,0,0,hold,hold,755337.0,mm_join_12,0.0,755337.0,0.0,passive_inside_buy,,,
worse,round1-day-2,-2,722400,80,80,long_60_plus,9995,10006,11,10000.5,9997.933333333332,0.5,neutral,-0.4666666666666667,-2.5666666666675155,sell_pressure,8.0,True,shock,1,passive_one_sided_sell,one_sided_mm,0,0,0,0,11,0,11,0,sell_take1_16,take1,805292.0,hold,22.0,805270.0,22.0,passive_inside_sell,,,
worse,round1-day-2,-2,727800,71,71,long_60_plus,9992,10001,9,9996.5,9999.5,-3.5,cheap,0.6666666666666666,3.0,buy_pressure,-5.0,True,shock,1,passive_one_sided_buy,one_sided_mm,0,0,0,6,0,6,0,0,hold,hold,715230.0,mm_join_12,0.0,715230.0,0.0,passive_inside_buy,,,
worse,round1-day-2,-2,728200,71,71,long_60_plus,9997,10007,10,10002.0,9999.0,2.0,rich,-0.6,-3.0,sell_pressure,1.0,False,steady,1,passive_one_sided_buy,one_sided_mm,0,0,0,9,0,0,0,0,hold,hold,715230.0,mm_join_12,0.0,715230.0,0.0,passive_inside_buy,,,
worse,round1-day-2,-2,734800,64,64,long_60_plus,9989,9999,10,9994.0,9996.142857142857,-6.0,cheap,0.42857142857142855,2.142857142856883,buy_pressure,-8.0,True,shock,2,passive_two_sided,mm_inside,0,0,0,6,11,6,0,0,hold,hold,645171.0,mm_join_12,0.0,645171.0,0.0,,,,
worse,round1-day-2,-2,735100,64,64,long_60_plus,9995,10005,10,10000.0,9997.941176470587,0.0,neutral,-0.4117647058823529,-2.0588235294126207,sell_pressure,3.0,False,steady,2,passive_two_sided,mm_inside,0,0,0,9,14,0,14,0,hold,hold,645171.0,mm_join_12,0.0,645171.0,0.0,,,,
worse,round1-day-2,-2,736500,70,70,long_60_plus,9987,9996,9,9991.5,9993.35294117647,-8.5,cheap,0.4117647058823529,1.8529411764702672,buy_pressure,-4.0,True,shock,2,passive_two_sided,mm_inside,0,0,0,6,11,6,0,0,buy_take1_16,take1,705108.0,hold,2.0,705106.0,2.0,,,,
worse,round1-day-2,-2,739000,66,66,long_60_plus,9996,10006,10,10001.0,9998.142857142857,1.0,neutral,-0.5714285714285714,-2.857142857143117,sell_pressure,-6.0,True,shock,2,passive_two_sided,mm_inside,0,0,0,9,14,0,14,0,hold,hold,665102.0,mm_join_12,0.0,665102.0,0.0,,,,
worse,round1-day-2,-2,741400,76,76,long_60_plus,9990,10000,10,9995.0,9998.0,-5.0,cheap,0.6,3.0,buy_pressure,1.5,False,steady,1,passive_one_sided_buy,one_sided_mm,0,0,0,4,0,4,0,0,hold,hold,765062.0,mm_join_12,0.0,765062.0,0.0,passive_inside_buy,,,
worse,round1-day-2,-2,741700,76,76,long_60_plus,9991,10000,9,9995.5,9998.8,-4.5,cheap,0.7333333333333333,3.2999999999992724,buy_pressure,-3.5,True,shock,2,passive_two_sided,mm_inside,0,0,0,4,11,4,0,0,hold,hold,765062.0,mm_join_12,0.0,765062.0,0.0,,,,
worse,round1-day-2,-2,741800,76,76,long_60_plus,9996,10007,11,10001.5,9997.692307692309,1.5,neutral,-0.6923076923076923,-3.807692307691468,sell_pressure,6.0,True,shock,2,passive_two_sided,mm_inside,0,0,0,4,11,0,11,0,hold,hold,765062.0,mm_join_12,0.0,765062.0,0.0,,,,
worse,round1-day-2,-2,742500,76,76,long_60_plus,9997,10007,10,10002.0,9999.142857142857,2.0,rich,-0.5714285714285714,-2.857142857143117,sell_pressure,-5.0,True,shock,1,passive_one_sided_buy,one_sided_mm,0,0,0,4,0,0,0,0,sell_take1_16,take1,765062.0,hold,1.0,765061.0,1.0,passive_inside_buy,,,
worse,round1-day-2,-2,742900,69,69,long_60_plus,9991,10000,9,9995.5,9997.882352941177,-4.5,cheap,0.5294117647058824,2.3823529411765776,buy_pressure,-8.0,True,shock,2,passive_two_sided,mm_inside,0,0,0,6,11,6,0,0,hold,hold,695061.0,mm_join_12,0.0,695061.0,0.0,,,,
worse,round1-day-2,-2,746700,67,67,long_60_plus,9989,9999,10,9994.0,9996.222222222223,-6.0,cheap,0.4444444444444444,2.2222222222226264,buy_pressure,-3.0,True,shock,2,passive_two_sided,mm_inside,0,0,0,6,11,6,0,0,hold,hold,675051.0,mm_join_12,0.0,675051.0,0.0,,,,
worse,round1-day-2,-2,748100,67,67,long_60_plus,9995,10005,10,10000.0,9997.105263157895,0.0,neutral,-0.5789473684210527,-2.894736842104976,sell_pressure,4.0,True,shock,2,passive_two_sided,mm_inside,0,0,0,6,11,0,11,0,hold,hold,675051.0,mm_join_12,0.0,675051.0,0.0,,,,
worse,round1-day-2,-2,748700,67,67,long_60_plus,9994,10004,10,9999.0,9996.631578947368,-1.0,neutral,-0.47368421052631576,-2.3684210526316747,sell_pressure,1.5,False,steady,2,passive_two_sided,mm_inside,0,0,0,9,14,0,14,0,hold,hold,675051.0,mm_join_12,0.0,675051.0,0.0,,,,
worse,round1-day-2,-2,748900,67,67,long_60_plus,9988,9998,10,9993.0,9995.5,-7.0,cheap,0.5,2.5,buy_pressure,-3.0,True,shock,2,passive_two_sided,mm_inside,0,0,0,6,11,6,0,0,hold,hold,675051.0,mm_join_12,0.0,675051.0,0.0,,,,
worse,round1-day-2,-2,749600,67,67,long_60_plus,9994,10007,13,10000.5,9995.733333333334,0.5,neutral,-0.7333333333333333,-4.766666666666424,sell_pressure,3.0,False,steady,2,passive_two_sided,mm_inside,0,0,0,9,14,0,14,0,hold,hold,675051.0,mm_join_12,0.0,675051.0,0.0,,,,
worse,round1-day-2,-2,755200,64,64,long_60_plus,9995,10005,10,10000.0,9997.142857142857,0.0,neutral,-0.5714285714285714,-2.857142857143117,sell_pressure,3.0,False,steady,2,passive_two_sided,mm_inside,0,0,0,9,14,0,14,0,hold,hold,644873.0,mm_join_12,0.0,644873.0,0.0,,,,
worse,round1-day-2,-2,755800,60,60,long_60_plus,9993,10006,13,9999.5,9994.625,-0.5,neutral,-0.75,-4.875,sell_pressure,-1.0,False,steady,2,passive_two_sided,mm_inside,0,0,0,9,14,0,14,0,hold,hold,604885.0,mm_join_12,0.0,604885.0,0.0,,,,
worse,round1-day-2,-2,758500,47,47,long_40_59,9994,10005,11,9999.5,9997.055555555555,-0.5,neutral,-0.4444444444444444,-2.444444444445253,sell_pressure,2.5,False,steady,1,passive_one_sided_sell,one_sided_mm,0,0,0,0,14,0,14,0,hold,hold,474846.0,mm_join_12,0.0,474846.0,0.0,passive_inside_sell,,,
worse,round1-day-2,-2,758900,47,47,long_40_59,9989,9998,9,9993.5,9996.941176470587,-6.5,cheap,0.7647058823529411,3.4411764705873793,buy_pressure,-2.5,True,shock,1,passive_one_sided_buy,one_sided_mm,0,0,0,7,0,7,0,0,hold,hold,474846.0,mm_join_12,0.0,474846.0,0.0,passive_inside_buy,,,
worse,round1-day-2,-2,759800,60,60,long_60_plus,9989,9998,9,9993.5,9996.411764705883,-6.5,cheap,0.6470588235294118,2.911764705882888,buy_pressure,-4.5,True,shock,2,passive_two_sided,mm_inside,0,0,0,6,11,6,0,0,hold,hold,604728.0,mm_join_12,0.0,604728.0,0.0,,,,
worse,round1-day-2,-2,760700,51,51,long_40_59,9988,9998,10,9993.0,9995.857142857143,-7.0,cheap,0.5714285714285714,2.857142857143117,buy_pressure,-4.0,True,shock,2,passive_two_sided,mm_inside,0,0,0,6,11,6,0,0,hold,hold,514716.0,mm_join_12,0.0,514716.0,0.0,,,,
worse,round1-day-2,-2,762000,51,51,long_40_59,9989,9998,9,9993.5,9996.8,-6.5,cheap,0.7333333333333333,3.2999999999992724,buy_pressure,-3.5,True,shock,2,passive_two_sided,mm_inside,0,0,0,6,11,6,0,0,hold,hold,514716.0,mm_join_12,0.0,514716.0,0.0,,,,
worse,round1-day-2,-2,762900,49,49,long_40_59,9995,10005,10,10000.0,9997.857142857143,0.0,neutral,-0.42857142857142855,-2.142857142856883,sell_pressure,3.0,False,steady,1,passive_one_sided_sell,one_sided_mm,0,0,0,0,14,0,14,0,hold,hold,494708.0,mm_join_12,0.0,494708.0,0.0,passive_inside_sell,,,
worse,round1-day-2,-2,763600,51,51,long_40_59,9986,9998,12,9992.0,9996.588235294117,-8.0,cheap,0.7647058823529411,4.588235294117112,buy_pressure,-5.0,True,shock,2,passive_two_sided,mm_inside,0,0,0,6,11,6,0,0,hold,hold,514688.0,mm_join_12,0.0,514688.0,0.0,,,,
worse,round1-day-2,-2,764600,51,51,long_40_59,9988,9997,9,9992.5,9995.105263157895,-7.5,cheap,0.5789473684210527,2.605263157895024,buy_pressure,-3.5,True,shock,2,passive_two_sided,mm_inside,0,0,0,6,11,6,0,0,hold,hold,514688.0,mm_join_12,0.0,514688.0,0.0,,,,
worse,round1-day-2,-2,765200,59,54,long_40_59,9993,10003,10,9998.0,9995.0,-2.0,cheap,-0.6,-3.0,sell_pressure,4.0,True,shock,2,passive_two_sided,mm_inside,0,0,0,6,11,0,11,0,mm_inside_12,mm_inside,594600.0,mm_inside_20,0.0,594600.0,0.0,,,,
worse,round1-day-2,-2,766000,54,54,long_40_59,9992,10003,11,9997.5,9995.142857142857,-2.5,cheap,-0.42857142857142855,-2.357142857143117,sell_pressure,2.5,False,steady,2,passive_two_sided,mm_inside,0,0,0,9,14,0,14,0,hold,hold,544590.0,mm_join_12,0.0,544590.0,0.0,,,,
worse,round1-day-2,-2,770400,39,39,long_20_39,9994,10005,11,9999.5,9996.357142857143,-0.5,neutral,-0.5714285714285714,-3.142857142856883,sell_pressure,2.5,False,steady,1,passive_one_sided_sell,one_sided_mm,0,0,0,0,12,0,12,0,hold,hold,394568.0,mm_join_12,0.0,394568.0,0.0,passive_inside_sell,,,
worse,round1-day-2,-2,771700,39,39,long_20_39,9989,9999,10,9994.0,9996.857142857143,-6.0,cheap,0.5714285714285714,2.857142857143117,buy_pressure,-3.0,True,shock,1,passive_one_sided_buy,one_sided_mm,0,0,0,10,0,10,0,0,hold,hold,394568.0,mm_join_12,0.0,394568.0,0.0,passive_inside_buy,,,
worse,round1-day-2,-2,773800,33,33,long_20_39,9990,9999,9,9994.5,9997.07142857143,-5.5,cheap,0.5714285714285714,2.571428571429351,buy_pressure,-3.0,False,steady,1,passive_one_sided_buy,one_sided_mm,0,0,0,13,0,13,0,0,hold,hold,334544.0,mm_join_12,0.0,334544.0,0.0,passive_inside_buy,,,
worse,round1-day-2,-2,774300,37,37,long_20_39,9989,9999,10,9994.0,9997.666666666666,-6.0,cheap,0.7333333333333333,3.6666666666660603,buy_pressure,-4.0,True,shock,1,passive_one_sided_buy,one_sided_mm,0,0,0,10,0,10,0,0,hold,hold,374508.0,mm_join_12,0.0,374508.0,0.0,passive_inside_buy,,,
worse,round1-day-2,-2,776000,32,32,long_20_39,9989,9999,10,9994.0,9996.857142857143,-6.0,cheap,0.5714285714285714,2.857142857143117,buy_pressure,-3.0,True,shock,1,passive_one_sided_buy,one_sided_mm,0,0,0,10,0,10,0,0,hold,hold,324488.0,mm_join_12,0.0,324488.0,0.0,passive_inside_buy,,,
worse,round1-day-2,-2,778200,34,34,long_20_39,9989,9999,10,9994.0,9996.894736842105,-6.0,cheap,0.5789473684210527,2.894736842104976,buy_pressure,4.0,True,shock,1,passive_one_sided_buy,one_sided_mm,0,0,0,10,0,10,0,0,hold,hold,344368.0,mm_join_12,0.0,344368.0,0.0,passive_inside_buy,,,
worse,round1-day-2,-2,779200,37,37,long_20_39,9995,10006,11,10000.5,9997.933333333332,0.5,neutral,-0.4666666666666667,-2.5666666666675155,sell_pressure,2.5,False,steady,1,passive_one_sided_sell,one_sided_mm,0,0,0,0,12,0,12,0,hold,hold,374353.0,mm_join_12,0.0,374353.0,0.0,passive_inside_sell,,,
worse,round1-day-2,-2,780700,37,37,long_20_39,9998,10007,9,10002.5,9999.44,2.5,rich,-0.68,-3.0599999999994907,sell_pressure,13.5,True,shock,1,passive_one_sided_sell,one_sided_mm,0,0,0,0,12,0,12,0,sell_take1_16,take1,374353.0,hold,8.0,374345.0,8.0,passive_inside_sell,,,
worse,round1-day-2,-2,781700,37,37,long_20_39,9988,9997,9,9992.5,9995.5,-7.5,cheap,0.6666666666666666,3.0,buy_pressure,-3.0,True,shock,1,passive_one_sided_buy,one_sided_mm,0,0,0,10,0,10,0,0,hold,hold,374345.0,mm_join_12,0.0,374345.0,0.0,passive_inside_buy,,,
worse,round1-day-2,-2,785900,50,50,long_40_59,9993,10004,11,9998.5,9995.75,-1.5,neutral,-0.5,-2.75,sell_pressure,3.5,True,shock,2,passive_two_sided,mm_inside,0,0,0,6,11,0,11,0,hold,hold,504276.0,mm_join_12,0.0,504276.0,0.0,,,,
worse,round1-day-2,-2,788300,58,58,long_40_59,9993,10003,10,9998.0,9994.25,-2.0,cheap,-0.75,-3.75,sell_pressure,3.0,False,steady,2,passive_two_sided,mm_inside,0,0,0,9,14,9,14,0,hold,hold,584214.0,mm_join_12,0.0,584214.0,0.0,,,,
worse,round1-day-2,-2,789800,48,48,long_40_59,9993,10006,13,9999.5,9995.6,-0.5,neutral,-0.6,-3.899999999999636,sell_pressure,4.0,True,shock,1,passive_one_sided_sell,one_sided_mm,0,0,0,0,11,0,11,0,hold,hold,484219.0,mm_join_12,0.0,484219.0,0.0,passive_inside_sell,,,
worse,round1-day-2,-2,792200,53,53,long_40_59,9993,10003,10,9998.0,9995.0,-2.0,cheap,-0.6,-3.0,sell_pressure,3.0,False,steady,2,passive_two_sided,mm_inside,0,0,0,9,14,0,14,0,hold,hold,534162.0,mm_join_12,0.0,534162.0,0.0,,,,
worse,round1-day-2,-2,793800,46,46,long_40_59,9987,9996,9,9991.5,9993.882352941177,-8.5,cheap,0.5294117647058824,2.3823529411765776,buy_pressure,-3.5,True,shock,1,passive_one_sided_buy,one_sided_mm,0,0,0,7,0,7,0,0,hold,hold,464134.0,mm_join_12,0.0,464134.0,0.0,passive_inside_buy,,,
worse,round1-day-2,-2,797400,53,53,long_40_59,9984,9996,12,9990.0,9995.04,-10.0,cheap,0.84,5.040000000000873,buy_pressure,-5.0,True,shock,2,passive_two_sided,mm_inside,0,0,0,6,11,6,0,0,hold,hold,534031.0,mm_join_12,0.0,534031.0,0.0,,,,
worse,round1-day-2,-2,799100,53,53,long_40_59,9985,9997,12,9991.0,9995.235294117647,-9.0,cheap,0.7058823529411765,4.235294117646845,buy_pressure,-5.0,True,shock,2,passive_two_sided,mm_inside,0,0,0,6,11,6,0,0,hold,hold,534031.0,mm_join_12,0.0,534031.0,0.0,,,,
worse,round1-day-2,-2,800100,46,49,long_40_59,9988,9997,9,9992.5,9995.3125,-7.5,cheap,0.625,2.8125,buy_pressure,-1.5,True,shock,1,passive_one_sided_buy,one_sided_mm,0,0,0,7,0,7,0,0,mm_inside_12,mm_inside,463996.0,mm_inside_20,0.0,463996.0,0.0,passive_inside_buy,,,
worse,round1-day-2,-2,800500,49,49,long_40_59,9988,9997,9,9992.5,9994.35294117647,-7.5,cheap,0.4117647058823529,1.8529411764702672,buy_pressure,-3.5,True,shock,1,passive_one_sided_buy,one_sided_mm,0,0,0,7,0,7,0,0,hold,hold,493963.0,mm_join_12,0.0,493963.0,0.0,passive_inside_buy,,,
worse,round1-day-2,-2,802400,51,51,long_40_59,9992,10002,10,9997.0,9993.25,-3.0,cheap,-0.75,-3.75,sell_pressure,4.0,True,shock,2,passive_two_sided,mm_inside,0,0,0,6,11,0,11,0,hold,hold,513939.0,mm_join_12,0.0,513939.0,0.0,,,,
worse,round1-day-2,-2,808400,48,40,long_40_59,9990,10001,11,9995.5,9991.692307692309,-4.5,cheap,-0.6923076923076923,-3.807692307691468,sell_pressure,2.5,False,steady,1,passive_one_sided_sell,one_sided_mm,0,0,0,0,14,0,14,0,mm_inside_12,mm_inside,483903.0,mm_inside_20,0.0,483903.0,0.0,passive_inside_sell,,,
worse,round1-day-2,-2,810400,37,37,long_20_39,9988,9998,10,9993.0,9989.42857142857,-7.0,cheap,-0.7142857142857143,-3.571428571429351,sell_pressure,3.0,True,shock,1,passive_one_sided_sell,one_sided_mm,0,0,0,0,9,0,9,0,hold,hold,373909.0,mm_join_12,0.0,373909.0,0.0,passive_inside_sell,,,
worse,round1-day-2,-2,810900,37,37,long_20_39,9989,10000,11,9994.5,9992.4375,-5.5,cheap,-0.375,-2.0625,sell_pressure,2.5,False,steady,1,passive_one_sided_sell,one_sided_mm,0,0,0,0,12,0,12,0,hold,hold,373909.0,mm_join_12,0.0,373909.0,0.0,passive_inside_sell,,,
worse,round1-day-2,-2,811300,37,37,long_20_39,9985,9994,9,9989.5,9991.631578947368,-10.5,cheap,0.47368421052631576,2.1315789473683253,buy_pressure,-2.0,True,shock,1,passive_one_sided_buy,one_sided_mm,0,0,0,10,0,10,0,0,buy_take1_16,take1,373909.0,buy_take2_32,0.0,373908.0,1.0,passive_inside_buy,,,
worse,round1-day-2,-2,812100,37,37,long_20_39,9991,10002,11,9996.5,9994.666666666666,-3.5,cheap,-0.3333333333333333,-1.8333333333339397,mixed_pressure,3.5,True,shock,1,passive_one_sided_sell,one_sided_mm,0,0,0,0,9,0,9,0,hold,hold,373908.0,mm_join_12,0.0,373908.0,0.0,passive_inside_sell,,,
worse,round1-day-2,-2,812600,37,37,long_20_39,9991,10002,11,9996.5,9993.894736842105,-3.5,cheap,-0.47368421052631576,-2.605263157895024,sell_pressure,2.0,False,steady,1,passive_one_sided_sell,one_sided_mm,0,0,0,0,12,0,12,0,hold,hold,373908.0,mm_join_12,0.0,373908.0,0.0,passive_inside_sell,,,
worse,round1-day-2,-2,815800,44,44,long_40_59,9993,10003,10,9998.0,9995.5,-2.0,cheap,-0.5,-2.5,sell_pressure,3.0,False,steady,1,passive_one_sided_sell,one_sided_mm,0,0,0,0,14,0,14,0,hold,hold,443835.0,mm_join_12,0.0,443835.0,0.0,passive_inside_sell,,,
worse,round1-day-2,-2,816300,44,44,long_40_59,9988,9998,10,9993.0,9995.5,-7.0,cheap,0.5,2.5,buy_pressure,-3.0,True,shock,1,passive_one_sided_buy,one_sided_mm,0,0,0,7,0,7,0,0,hold,hold,443835.0,mm_join_12,0.0,443835.0,0.0,passive_inside_buy,,,
worse,round1-day-2,-2,818300,54,54,long_40_59,9988,9998,10,9993.0,9996.75,-7.0,cheap,0.75,3.75,buy_pressure,-3.0,True,shock,2,passive_two_sided,mm_inside,0,0,0,6,11,6,0,0,hold,hold,543725.0,mm_join_12,0.0,543725.0,0.0,,,,
worse,round1-day-2,-2,820500,59,59,long_40_59,9994,10007,13,10000.5,9995.3,0.5,neutral,-0.8,-5.200000000000728,sell_pressure,4.5,True,shock,2,passive_two_sided,mm_inside,0,0,0,6,11,0,11,0,hold,hold,593695.0,mm_join_12,0.0,593695.0,0.0,,,,
worse,round1-day-2,-2,821300,59,59,long_40_59,9989,9998,9,9993.5,9995.75,-6.5,cheap,0.5,2.25,buy_pressure,-5.0,True,shock,2,passive_two_sided,mm_inside,0,0,0,6,11,6,0,0,hold,hold,593688.0,mm_join_12,0.0,593688.0,0.0,,,,
worse,round1-day-2,-2,822900,52,52,long_40_59,9989,9998,9,9993.5,9995.75,-6.5,cheap,0.5,2.25,buy_pressure,-1.5,True,shock,2,passive_two_sided,mm_inside,0,0,0,6,11,6,0,0,hold,hold,523660.0,mm_join_12,0.0,523660.0,0.0,,,,
worse,round1-day-2,-2,823600,52,52,long_40_59,9989,9998,9,9993.5,9995.35294117647,-6.5,cheap,0.4117647058823529,1.8529411764702672,buy_pressure,-3.5,True,shock,2,passive_two_sided,mm_inside,0,0,0,6,11,6,0,0,hold,hold,523660.0,mm_join_12,0.0,523660.0,0.0,,,,
worse,round1-day-2,-2,823900,52,52,long_40_59,9988,9998,10,9993.0,9994.666666666666,-7.0,cheap,0.3333333333333333,1.6666666666660603,mixed_pressure,-3.0,True,shock,2,passive_two_sided,mm_inside,0,0,0,6,11,6,0,0,hold,hold,523660.0,mm_join_12,0.0,523660.0,0.0,,,,
worse,round1-day-2,-2,824900,59,59,long_40_59,9993,10006,13,9999.5,9994.258064516129,-0.5,neutral,-0.8064516129032258,-5.2419354838712025,sell_pressure,4.5,True,shock,2,passive_two_sided,mm_inside,0,0,0,6,11,0,11,0,sell_take1_16,take1,593611.0,hold,19.0,593592.0,19.0,,,,
worse,round1-day-2,-2,825700,69,69,long_60_plus,9988,9998,10,9993.0,9995.894736842105,-7.0,cheap,0.5789473684210527,2.894736842104976,buy_pressure,-4.5,True,shock,2,passive_two_sided,mm_inside,0,0,0,6,11,6,0,0,hold,hold,693512.0,mm_join_12,0.0,693512.0,0.0,,,,
worse,round1-day-2,-2,827200,69,69,long_60_plus,9989,9998,9,9993.5,9996.941176470587,-6.5,cheap,0.7647058823529411,3.4411764705873793,buy_pressure,-2.5,True,shock,2,passive_two_sided,mm_inside,0,0,0,6,11,6,0,0,hold,hold,693512.0,mm_join_12,0.0,693512.0,0.0,,,,
worse,round1-day-2,-2,828600,69,69,long_60_plus,9995,10006,11,10000.5,9996.833333333334,0.5,neutral,-0.6666666666666666,-3.6666666666660603,sell_pressure,2.5,False,steady,2,passive_two_sided,mm_inside,0,0,0,9,14,0,14,0,hold,hold,693512.0,mm_join_12,0.0,693512.0,0.0,,,,
worse,round1-day-2,-2,828800,69,69,long_60_plus,9990,9999,9,9994.5,9996.6,-5.5,cheap,0.4666666666666667,2.100000000000364,buy_pressure,-5.0,True,shock,2,passive_two_sided,mm_inside,0,0,0,6,11,6,0,0,hold,hold,693512.0,mm_join_12,0.0,693512.0,0.0,,,,
worse,round1-day-2,-2,830300,74,74,long_60_plus,9992,10002,10,9997.0,10000.333333333334,-3.0,cheap,0.6666666666666666,3.3333333333339397,buy_pressure,-2.0,False,steady,1,passive_one_sided_buy,one_sided_mm,0,0,0,6,0,6,0,0,hold,hold,743443.0,mm_join_12,0.0,743443.0,0.0,passive_inside_buy,,,
worse,round1-day-2,-2,831300,80,80,long_60_plus,9999,10012,13,10005.5,10000.969696969696,5.5,rich,-0.696969696969697,-4.530303030303912,sell_pressure,3.0,False,steady,1,passive_one_sided_sell,one_sided_mm,0,0,0,0,14,0,14,0,sell_take1_16,take1,803435.0,sell_take2_32,0.0,803416.0,19.0,passive_inside_sell,,,
worse,round1-day-2,-2,833400,80,76,long_60_plus,10001,10012,11,10006.5,10003.588235294117,6.5,rich,-0.5294117647058824,-2.911764705882888,sell_pressure,2.5,True,shock,2,clear_sell,take1,0,4,4,0,11,0,11,1,sell_take1_16,take1,803360.0,hold,4.0,803360.0,0.0,take_b1,,,
worse,round1-day-2,-2,834500,71,71,long_60_plus,9995,10005,10,10000.0,10002.142857142857,0.0,neutral,0.42857142857142855,2.142857142856883,buy_pressure,-3.0,False,steady,1,passive_one_sided_buy,one_sided_mm,0,0,0,9,0,9,0,0,hold,hold,713306.0,mm_join_12,0.0,713306.0,0.0,passive_inside_buy,,,
worse,round1-day-2,-2,834900,71,71,long_60_plus,10000,10013,13,10006.5,10001.925925925925,6.5,rich,-0.7037037037037037,-4.574074074074815,sell_pressure,2.0,True,shock,1,passive_one_sided_sell,one_sided_mm,0,0,0,0,11,0,11,0,hold,hold,713306.0,mm_join_12,0.0,713306.0,0.0,passive_inside_sell,,,
worse,round1-day-2,-2,836200,69,69,long_60_plus,9994,10004,10,9999.0,10001.368421052632,-1.0,neutral,0.47368421052631576,2.3684210526316747,buy_pressure,-1.5,False,steady,2,passive_two_sided,mm_inside,0,0,0,9,14,9,14,0,hold,hold,693286.0,mm_join_12,0.0,693286.0,0.0,,,,
worse,round1-day-2,-2,840300,73,69,long_60_plus,10001,10011,10,10006.0,10003.5,6.0,rich,-0.5,-2.5,sell_pressure,2.5,True,shock,2,clear_sell,take1,0,4,4,0,11,0,11,1,sell_take1_16,take1,733161.0,hold,19.0,733161.0,0.0,take_b1,,,
worse,round1-day-2,-2,845400,74,70,long_60_plus,10005,10014,9,10009.5,10006.285714285714,9.5,rich,-0.7142857142857143,-3.214285714286234,sell_pressure,6.5,True,shock,3,clear_sell,take1,0,8,8,0,11,0,11,1,sell_take1_16,take1,743092.0,hold,20.0,743092.0,0.0,take_b1,,,
worse,round1-day-2,-2,845800,70,70,long_60_plus,9995,10004,9,9999.5,10001.882352941177,-0.5,neutral,0.5294117647058824,2.3823529411765776,buy_pressure,-3.5,True,shock,1,passive_one_sided_buy,one_sided_mm,0,0,0,6,0,6,0,0,hold,hold,703072.0,mm_join_12,0.0,703072.0,0.0,passive_inside_buy,,,
worse,round1-day-2,-2,847900,57,53,long_40_59,10003,10013,10,10008.0,10005.857142857143,8.0,rich,-0.42857142857142855,-2.142857142856883,sell_pressure,4.0,True,shock,2,clear_sell,take1,0,4,4,0,11,0,11,1,sell_take1_16,take1,572982.0,hold,12.0,572982.0,0.0,take_b1,,,
worse,round1-day-2,-2,848800,53,53,long_40_59,9997,10007,10,10002.0,10005.57142857143,2.0,rich,0.7142857142857143,3.571428571429351,buy_pressure,-3.0,False,steady,1,passive_one_sided_buy,one_sided_mm,0,0,0,9,0,9,0,0,hold,hold,532970.0,mm_join_12,0.0,532970.0,0.0,passive_inside_buy,,,
worse,round1-day-2,-2,851000,66,66,long_60_plus,10000,10013,13,10006.5,10001.3,6.5,rich,-0.8,-5.200000000000728,sell_pressure,4.5,True,shock,1,passive_one_sided_sell,one_sided_mm,0,0,0,0,11,0,11,0,hold,hold,662919.0,mm_join_12,0.0,662919.0,0.0,passive_inside_sell,,,
worse,round1-day-2,-2,851500,60,56,long_60_plus,10001,10011,10,10006.0,10003.666666666666,6.0,rich,-0.4666666666666667,-2.3333333333339397,sell_pressure,-4.0,True,shock,2,clear_sell,take1,0,4,4,0,11,0,11,1,sell_take1_16,take1,602859.0,hold,4.0,602859.0,0.0,take_b1,,,
worse,round1-day-2,-2,852300,56,56,long_40_59,9994,10004,10,9999.0,10002.333333333334,-1.0,neutral,0.6666666666666666,3.3333333333339397,buy_pressure,-3.0,False,steady,1,passive_one_sided_buy,one_sided_mm,0,0,0,9,0,9,0,0,hold,hold,562855.0,mm_join_12,0.0,562855.0,0.0,passive_inside_buy,,,
worse,round1-day-2,-2,857100,52,52,long_40_59,10000,10010,10,10005.0,10002.941176470587,5.0,rich,-0.4117647058823529,-2.0588235294126207,sell_pressure,2.0,False,steady,1,passive_one_sided_sell,one_sided_mm,0,0,0,0,14,0,14,0,hold,hold,522791.0,mm_join_12,0.0,522791.0,0.0,passive_inside_sell,,,
worse,round1-day-2,-2,858100,43,43,long_40_59,9994,10003,9,9998.5,10001.3125,-1.5,neutral,0.625,2.8125,buy_pressure,-3.5,True,shock,1,passive_one_sided_buy,one_sided_mm,0,0,0,6,0,6,0,0,hold,hold,432755.0,mm_join_12,0.0,432755.0,0.0,passive_inside_buy,,,
worse,round1-day-2,-2,860600,58,58,long_40_59,9995,10004,9,9999.5,10001.75,-0.5,neutral,0.5,2.25,buy_pressure,-4.5,True,shock,1,passive_one_sided_buy,one_sided_mm,0,0,0,6,0,6,0,0,hold,hold,582665.0,mm_join_12,0.0,582665.0,0.0,passive_inside_buy,,,
worse,round1-day-2,-2,861400,58,58,long_40_59,9994,10003,9,9998.5,10001.0,-1.5,neutral,0.5555555555555556,2.5,buy_pressure,-3.5,True,shock,1,passive_one_sided_buy,one_sided_mm,0,0,0,6,0,6,0,0,hold,hold,582665.0,mm_join_12,0.0,582665.0,0.0,passive_inside_buy,,,
worse,round1-day-2,-2,861700,58,58,long_40_59,9995,10005,10,10000.0,10003.0,0.0,neutral,0.6,3.0,buy_pressure,-2.5,False,steady,1,passive_one_sided_buy,one_sided_mm,0,0,0,9,0,9,0,0,hold,hold,582665.0,mm_join_12,0.0,582665.0,0.0,passive_inside_buy,,,
worse,round1-day-2,-2,867100,58,54,long_40_59,10002,10013,11,10007.5,10004.444444444445,7.5,rich,-0.5555555555555556,-3.055555555554747,sell_pressure,-4.5,True,shock,2,clear_sell,take1,0,4,4,0,11,0,11,1,sell_take1_16,take1,582665.0,hold,8.0,582665.0,0.0,take_b1,,,
worse,round1-day-2,-2,867400,62,57,long_60_plus,10002,10013,11,10007.5,10004.75,7.5,rich,-0.5,-2.75,sell_pressure,1.5,True,shock,2,clear_sell,take1,0,5,5,0,11,0,11,1,sell_take1_16,take1,622641.0,hold,10.0,622641.0,0.0,take_b1,,,
worse,round1-day-2,-2,868500,62,62,long_60_plus,9996,10005,9,10000.5,10002.6,0.5,neutral,0.4666666666666667,2.100000000000364,buy_pressure,2.0,False,steady,2,passive_two_sided,mm_inside,0,0,0,9,14,0,14,0,hold,hold,622631.0,mm_join_12,0.0,622631.0,0.0,,,,
worse,round1-day-2,-2,873100,52,52,long_40_59,10002,10012,10,10007.0,10004.941176470587,7.0,rich,-0.4117647058823529,-2.0588235294126207,sell_pressure,3.0,True,shock,1,passive_one_sided_sell,one_sided_mm,0,0,0,0,11,0,11,0,sell_take1_16,take1,522581.0,hold,10.0,522571.0,10.0,passive_inside_sell,,,
worse,round1-day-2,-2,873800,52,52,long_40_59,10001,10014,13,10007.5,10002.529411764706,7.5,rich,-0.7647058823529411,-4.97058823529369,sell_pressure,3.5,True,shock,1,passive_one_sided_sell,one_sided_mm,0,0,0,0,11,0,11,0,sell_take1_16,take1,522571.0,hold,4.0,522567.0,4.0,passive_inside_sell,,,
worse,round1-day-2,-2,874400,52,52,long_40_59,10002,10012,10,10007.0,10005.333333333334,7.0,rich,-0.3333333333333333,-1.6666666666660603,mixed_pressure,3.0,True,shock,1,passive_one_sided_buy,one_sided_mm,0,0,0,6,0,0,0,0,sell_take1_16,take1,522567.0,hold,10.0,522557.0,10.0,passive_inside_buy,,,
worse,round1-day-2,-2,876700,48,48,long_40_59,9996,10006,10,10001.0,10004.125,1.0,neutral,0.625,3.125,buy_pressure,-4.0,True,shock,1,passive_one_sided_buy,one_sided_mm,0,0,0,6,0,6,0,0,hold,hold,482533.0,mm_join_12,0.0,482533.0,0.0,passive_inside_buy,,,
worse,round1-day-2,-2,877200,48,48,long_40_59,9997,10007,10,10002.0,10004.222222222223,2.0,rich,0.4444444444444444,2.2222222222226264,buy_pressure,-3.0,False,steady,1,passive_one_sided_buy,one_sided_mm,0,0,0,9,0,0,0,0,hold,hold,482533.0,mm_join_12,0.0,482533.0,0.0,passive_inside_buy,,,
worse,round1-day-2,-2,877900,48,48,long_40_59,10002,10012,10,10007.0,10004.631578947368,7.0,rich,-0.47368421052631576,-2.3684210526316747,sell_pressure,3.0,True,shock,1,passive_one_sided_sell,one_sided_mm,0,0,0,0,11,0,11,0,sell_take1_16,take1,482533.0,hold,10.0,482523.0,10.0,passive_inside_sell,,,
worse,round1-day-2,-2,878700,40,40,long_40_59,10002,10012,10,10007.0,10003.875,7.0,rich,-0.625,-3.125,sell_pressure,3.0,True,shock,1,passive_one_sided_sell,one_sided_mm,0,0,0,0,9,0,9,0,sell_take1_16,take1,402455.0,hold,6.0,402449.0,6.0,passive_inside_sell,,,
worse,round1-day-2,-2,878900,40,40,long_40_59,10001,10014,13,10007.5,10002.344827586207,7.5,rich,-0.7931034482758621,-5.15517241379348,sell_pressure,14.5,True,shock,1,passive_one_sided_sell,one_sided_mm,0,0,0,0,9,0,9,0,sell_take1_16,take1,402449.0,hold,3.0,402446.0,3.0,passive_inside_sell,,,
worse,round1-day-2,-2,883400,40,40,long_40_59,9993,10003,10,9998.0,10000.368421052632,-2.0,cheap,0.47368421052631576,2.3684210526316747,buy_pressure,-3.0,False,steady,0,hold,hold,0,0,0,0,0,0,0,0,hold,hold,402446.0,mm_join_12,0.0,402446.0,0.0,,,,
worse,round1-day-2,-2,884500,40,40,long_40_59,9994,10003,9,9998.5,10001.2,-1.5,neutral,0.6,2.7000000000007276,buy_pressure,-3.5,True,shock,1,passive_one_sided_buy,one_sided_mm,0,0,0,9,0,9,0,0,hold,hold,402446.0,mm_join_12,0.0,402446.0,0.0,passive_inside_buy,,,
worse,round1-day-2,-2,885900,40,40,long_40_59,9997,10007,10,10002.0,9998.538461538461,2.0,rich,-0.6923076923076923,-3.4615384615390212,sell_pressure,3.0,False,steady,1,passive_one_sided_buy,one_sided_mm,0,0,0,12,0,0,0,0,hold,hold,402446.0,mm_join_12,0.0,402446.0,0.0,passive_inside_buy,,,
worse,round1-day-2,-2,886300,40,40,long_40_59,9991,10001,10,9996.0,9999.0,-4.0,cheap,0.6,3.0,buy_pressure,-4.0,True,shock,1,passive_one_sided_buy,one_sided_mm,0,0,0,10,0,10,0,0,hold,hold,402446.0,mm_join_12,0.0,402446.0,0.0,passive_inside_buy,,,
worse,round1-day-2,-2,889300,46,46,long_40_59,9993,10003,10,9998.0,10000.5,-2.0,cheap,0.5,2.5,buy_pressure,-4.5,True,shock,0,hold,hold,0,0,0,0,0,0,0,0,hold,hold,462428.0,mm_join_12,0.0,462428.0,0.0,,,,
worse,round1-day-2,-2,891800,36,36,long_20_39,9993,10003,10,9998.0,10000.142857142857,-2.0,cheap,0.42857142857142855,2.142857142856883,buy_pressure,-4.5,True,shock,0,hold,hold,0,0,0,0,0,0,0,0,hold,hold,362358.0,mm_join_12,0.0,362358.0,0.0,,,,
worse,round1-day-2,-2,893200,31,31,long_20_39,9998,10011,13,10004.5,9998.8125,4.5,rich,-0.875,-5.6875,sell_pressure,3.0,False,steady,1,passive_one_sided_sell,one_sided_mm,0,0,0,0,12,0,12,0,hold,hold,312323.0,mm_join_12,0.0,312323.0,0.0,passive_inside_sell,,,
worse,round1-day-2,-2,893600,31,31,long_20_39,9993,10002,9,9997.5,9999.75,-2.5,cheap,0.5,2.25,buy_pressure,-3.5,True,shock,1,passive_one_sided_buy,one_sided_mm,0,0,0,10,0,10,0,0,hold,hold,312323.0,mm_join_12,0.0,312323.0,0.0,passive_inside_buy,,,
worse,round1-day-2,-2,894800,31,31,long_20_39,9993,10003,10,9998.0,10001.0,-2.0,cheap,0.6,3.0,buy_pressure,-3.0,False,steady,0,hold,hold,0,0,0,0,0,0,0,0,hold,hold,312323.0,mm_join_12,0.0,312323.0,0.0,,,,
worse,round1-day-2,-2,896000,27,27,long_20_39,10000,10010,10,10005.0,10002.222222222223,5.0,rich,-0.5555555555555556,-2.7777777777773736,sell_pressure,1.5,False,steady,1,passive_one_sided_sell,one_sided_mm,0,0,0,0,12,0,12,0,hold,hold,272287.0,mm_join_12,0.0,272287.0,0.0,passive_inside_sell,,,
worse,round1-day-2,-2,898600,28,28,long_20_39,10002,10012,10,10007.0,10003.666666666666,7.0,rich,-0.6666666666666666,-3.3333333333339397,sell_pressure,2.0,True,shock,1,passive_one_sided_sell,one_sided_mm,0,0,0,0,9,0,9,0,sell_take1_16,take1,282219.0,hold,6.0,282213.0,6.0,passive_inside_sell,,,
worse,round1-day-2,-2,899500,28,28,long_20_39,10001,10011,10,10006.0,10002.538461538461,6.0,rich,-0.6923076923076923,-3.4615384615390212,sell_pressure,3.0,True,shock,1,passive_one_sided_sell,one_sided_mm,0,0,0,0,9,0,9,0,sell_take1_16,take1,282213.0,hold,2.0,282211.0,2.0,passive_inside_sell,,,
worse,round1-day-2,-2,899900,28,28,long_20_39,9995,10005,10,10000.0,10001.666666666666,0.0,neutral,0.3333333333333333,1.6666666666660603,mixed_pressure,-3.0,False,steady,1,passive_one_sided_buy,one_sided_mm,0,0,0,12,0,12,0,0,hold,hold,282211.0,mm_join_12,0.0,282211.0,0.0,passive_inside_buy,,,
worse,round1-day-2,-2,900500,28,28,long_20_39,10001,10012,11,10006.5,10003.933333333332,6.5,rich,-0.4666666666666667,-2.5666666666675155,sell_pressure,2.5,True,shock,1,passive_one_sided_sell,one_sided_mm,0,0,0,0,9,0,9,0,sell_take1_16,take1,282211.0,hold,4.0,282207.0,4.0,passive_inside_sell,,,
worse,round1-day-2,-2,905200,38,38,long_20_39,9994,10004,10,9999.0,10001.5,-1.0,neutral,0.5,2.5,buy_pressure,-3.0,False,steady,1,passive_one_sided_buy,one_sided_mm,0,0,0,12,0,12,0,0,hold,hold,382127.0,mm_join_12,0.0,382127.0,0.0,passive_inside_buy,,,
worse,round1-day-2,-2,908300,34,34,long_20_39,9994,10003,9,9998.5,10000.631578947368,-1.5,neutral,0.47368421052631576,2.1315789473683253,buy_pressure,-3.5,True,shock,1,passive_one_sided_buy,one_sided_mm,0,0,0,9,0,9,0,0,hold,hold,342065.0,mm_join_12,0.0,342065.0,0.0,passive_inside_buy,,,
worse,round1-day-2,-2,908700,34,34,long_20_39,9999,10010,11,10004.5,10001.75,4.5,rich,-0.5,-2.75,sell_pressure,1.5,False,steady,1,passive_one_sided_sell,one_sided_mm,0,0,0,0,12,0,12,0,hold,hold,342065.0,mm_join_12,0.0,342065.0,0.0,passive_inside_sell,,,
worse,round1-day-2,-2,909200,34,34,long_20_39,9993,10002,9,9997.5,10000.105263157895,-2.5,cheap,0.5789473684210527,2.605263157895024,buy_pressure,-4.0,True,shock,1,passive_one_sided_buy,one_sided_mm,0,0,0,10,0,10,0,0,hold,hold,342065.0,mm_join_12,0.0,342065.0,0.0,passive_inside_buy,,,
worse,round1-day-2,-2,914200,41,41,long_40_59,9993,10002,9,9997.5,10000.105263157895,-2.5,cheap,0.5789473684210527,2.605263157895024,buy_pressure,-3.5,True,shock,1,passive_one_sided_buy,one_sided_mm,0,0,0,10,0,10,0,0,hold,hold,412030.0,mm_join_12,0.0,412030.0,0.0,passive_inside_buy,,,
worse,round1-day-2,-2,914500,45,45,long_40_59,9998,10009,11,10003.5,10000.588235294117,3.5,rich,-0.5294117647058824,-2.911764705882888,sell_pressure,4.0,True,shock,1,passive_one_sided_sell,one_sided_mm,0,0,0,0,11,0,11,0,hold,hold,452006.0,mm_join_12,0.0,452006.0,0.0,passive_inside_sell,,,
worse,round1-day-2,-2,914600,45,45,long_40_59,9990,10002,12,9996.0,10000.875,-4.0,cheap,0.8125,4.875,buy_pressure,-7.5,True,shock,1,passive_one_sided_buy,one_sided_mm,0,0,0,7,0,7,0,0,hold,hold,452006.0,mm_join_12,0.0,452006.0,0.0,passive_inside_buy,,,
worse,round1-day-2,-2,915900,45,45,long_40_59,9993,10003,10,9998.0,10000.058823529413,-2.0,cheap,0.4117647058823529,2.0588235294126207,buy_pressure,-3.0,False,steady,0,hold,hold,0,0,0,0,0,0,0,0,hold,hold,452006.0,mm_join_12,0.0,452006.0,0.0,,,,
worse,round1-day-2,-2,916600,45,45,long_40_59,9999,10009,10,10004.0,10001.105263157895,4.0,rich,-0.5789473684210527,-2.894736842104976,sell_pressure,3.0,False,steady,1,passive_one_sided_sell,one_sided_mm,0,0,0,0,14,0,14,0,hold,hold,452006.0,mm_join_12,0.0,452006.0,0.0,passive_inside_sell,,,
worse,round1-day-2,-2,918500,50,50,long_40_59,10000,10013,13,10006.5,10001.392857142857,6.5,rich,-0.7857142857142857,-5.107142857143117,sell_pressure,3.5,True,shock,1,passive_one_sided_sell,one_sided_mm,0,0,0,0,11,0,11,0,hold,hold,501981.0,mm_join_12,0.0,501981.0,0.0,passive_inside_sell,,,
worse,round1-day-2,-2,919300,50,50,long_40_59,9996,10006,10,10001.0,10003.333333333334,1.0,neutral,0.4666666666666667,2.3333333333339397,buy_pressure,-3.0,False,steady,1,passive_one_sided_buy,one_sided_mm,0,0,0,9,0,9,0,0,hold,hold,501981.0,mm_join_12,0.0,501981.0,0.0,passive_inside_buy,,,
worse,round1-day-2,-2,920200,50,50,long_40_59,9996,10005,9,10000.5,10003.8,0.5,neutral,0.7333333333333333,3.2999999999992724,buy_pressure,4.5,True,shock,2,passive_two_sided,mm_inside,0,0,0,9,14,0,14,0,hold,hold,501981.0,mm_join_12,0.0,501981.0,0.0,,,,
worse,round1-day-2,-2,920500,50,50,long_40_59,10001,10014,13,10007.5,10003.407407407407,7.5,rich,-0.6296296296296297,-4.092592592593064,sell_pressure,3.5,True,shock,1,passive_one_sided_sell,one_sided_mm,0,0,0,0,11,0,11,0,sell_take1_16,take1,501981.0,hold,5.0,501976.0,5.0,passive_inside_sell,,,
worse,round1-day-2,-2,923300,56,56,long_40_59,9996,10006,10,10001.0,10003.857142857143,1.0,neutral,0.5714285714285714,2.857142857143117,buy_pressure,-4.5,True,shock,1,passive_one_sided_buy,one_sided_mm,0,0,0,6,0,6,0,0,mm_inside_12,mm_inside,561976.0,mm_inside_20,0.0,561976.0,0.0,passive_inside_buy,,,
worse,round1-day-2,-2,926400,54,54,long_40_59,10003,10014,11,10008.5,10005.315789473685,8.5,rich,-0.5789473684210527,-3.184210526314928,sell_pressure,-2.0,True,shock,1,passive_one_sided_sell,one_sided_mm,0,0,0,0,11,0,11,0,sell_take1_16,take1,541917.0,hold,12.0,541905.0,12.0,passive_inside_sell,,,
worse,round1-day-2,-2,928000,54,54,long_40_59,10002,10013,11,10007.5,10005.142857142857,7.5,rich,-0.42857142857142855,-2.357142857143117,sell_pressure,2.5,True,shock,1,passive_one_sided_sell,one_sided_mm,0,0,0,0,11,0,11,0,sell_take1_16,take1,541905.0,hold,8.0,541897.0,8.0,passive_inside_sell,,,
worse,round1-day-2,-2,932800,54,54,long_40_59,9997,10006,9,10001.5,10004.105263157895,1.5,neutral,0.5789473684210527,2.605263157895024,buy_pressure,-3.5,True,shock,2,passive_two_sided,mm_inside,0,0,0,6,11,6,11,0,hold,hold,541769.0,mm_join_12,0.0,541769.0,0.0,,,,
worse,round1-day-2,-2,933000,54,54,long_40_59,10002,10015,13,10008.5,10004.32142857143,8.5,rich,-0.6428571428571429,-4.178571428570649,sell_pressure,11.5,True,shock,1,passive_one_sided_sell,one_sided_mm,0,0,0,0,11,0,11,0,sell_take1_16,take1,541769.0,hold,11.0,541758.0,11.0,passive_inside_sell,,,
worse,round1-day-2,-2,935700,44,44,long_40_59,10003,10013,10,10008.0,10004.176470588236,8.0,rich,-0.7647058823529411,-3.823529411763957,sell_pressure,1.0,True,shock,1,passive_one_sided_sell,one_sided_mm,0,0,0,0,11,0,11,0,sell_take1_16,take1,441585.0,sell_take2_32,0.0,441579.0,6.0,passive_inside_sell,,,
worse,round1-day-2,-2,936500,48,48,long_40_59,10003,10014,11,10008.5,10005.538461538461,8.5,rich,-0.5384615384615384,-2.9615384615390212,sell_pressure,2.5,True,shock,1,passive_one_sided_sell,one_sided_mm,0,0,0,0,11,0,11,0,sell_take1_16,take1,481563.0,hold,10.0,481553.0,10.0,passive_inside_sell,,,
worse,round1-day-2,-2,940400,55,53,long_40_59,10004,10015,11,10009.5,10005.29411764706,9.5,rich,-0.7647058823529411,-4.2058823529405345,sell_pressure,1.0,True,shock,2,clear_sell,take1,0,2,2,0,11,0,11,1,sell_take2_32,take2,551447.0,sell_take1_16,8.0,551439.0,8.0,take_b1,,,
worse,round1-day-2,-2,941600,59,55,long_40_59,10003,10013,10,10008.0,10005.105263157895,8.0,rich,-0.5789473684210527,-2.894736842104976,sell_pressure,-5.0,True,shock,2,clear_sell,take1,0,4,4,0,11,0,11,1,sell_take1_16,take1,591399.0,sell_take2_32,16.0,591399.0,0.0,take_b1,,,
worse,round1-day-2,-2,943600,61,58,long_60_plus,10004,10014,10,10009.0,10005.666666666666,9.0,rich,-0.6666666666666666,-3.3333333333339397,sell_pressure,3.0,True,shock,3,clear_sell,take1,0,6,6,0,11,0,11,1,sell_take1_16,take1,611364.0,hold,18.0,611364.0,0.0,take_b1,,,
worse,round1-day-2,-2,943900,58,58,long_40_59,9998,10008,10,10003.0,10005.692307692309,3.0,rich,0.5384615384615384,2.692307692308532,buy_pressure,-3.0,False,steady,1,passive_one_sided_buy,one_sided_mm,0,0,0,9,0,0,0,0,hold,hold,581338.0,mm_join_12,0.0,581338.0,0.0,passive_inside_buy,,,
worse,round1-day-2,-2,944800,58,53,long_40_59,10004,10017,13,10010.5,10006.09677419355,10.5,rich,-0.6774193548387096,-4.403225806450791,sell_pressure,4.5,True,shock,2,clear_sell,take1,0,5,5,0,11,0,11,1,sell_take1_16,take1,581301.0,sell_take2_32,0.0,581301.0,0.0,take_b1,,,
worse,round1-day-2,-2,945100,53,51,long_40_59,10003,10014,11,10008.5,10004.692307692309,8.5,rich,-0.6923076923076923,-3.807692307691468,sell_pressure,-5.5,True,shock,2,clear_sell,take1,0,2,2,0,11,0,11,1,sell_take1_16,take1,531281.0,hold,10.0,531281.0,0.0,take_b1,,,
worse,round1-day-2,-2,946800,56,53,long_40_59,10003,10016,13,10009.5,10004.695652173914,9.5,rich,-0.7391304347826086,-4.804347826086087,sell_pressure,3.0,True,shock,2,clear_sell,take1,0,3,3,0,11,0,11,1,sell_take2_32,take2,561210.0,sell_take1_16,13.0,561197.0,13.0,take_b1,,,
worse,round1-day-2,-2,947400,53,53,long_40_59,10003,10016,13,10009.5,10004.344827586207,9.5,rich,-0.7931034482758621,-5.15517241379348,sell_pressure,4.0,True,shock,1,passive_one_sided_sell,one_sided_mm,0,0,0,0,11,0,11,0,sell_take2_32,take2,531156.0,sell_take1_16,26.0,531109.0,47.0,passive_inside_sell,,,
worse,round1-day-2,-2,947600,53,53,long_40_59,9997,10006,9,10001.5,10003.6,1.5,neutral,0.4666666666666667,2.100000000000364,buy_pressure,-3.5,True,shock,2,passive_two_sided,mm_inside,0,0,0,6,11,6,11,0,sell_take1_16,take1,531099.0,sell_take2_32,0.0,531088.0,11.0,,,,
worse,round1-day-2,-2,948700,48,48,long_40_59,10001,10012,11,10006.5,10003.75,6.5,rich,-0.5,-2.75,sell_pressure,2.5,True,shock,1,passive_one_sided_sell,one_sided_mm,0,0,0,0,11,0,11,0,sell_take2_32,take2,480978.0,sell_take1_16,12.0,480942.0,36.0,passive_inside_sell,,,
worse,round1-day-2,-2,949300,48,48,long_40_59,10001,10011,10,10006.0,10003.105263157895,6.0,rich,-0.5789473684210527,-2.894736842104976,sell_pressure,3.0,True,shock,1,passive_one_sided_sell,one_sided_mm,0,0,0,0,11,0,11,0,sell_take1_16,take1,480920.0,sell_take2_32,0.0,480896.0,24.0,passive_inside_sell,,,
worse,round1-day-2,-2,951000,48,48,long_40_59,9995,10005,10,10000.0,10003.125,0.0,neutral,0.625,3.125,buy_pressure,-2.5,False,steady,1,passive_one_sided_buy,one_sided_mm,0,0,0,9,0,9,0,0,sell_take1_16,take1,480873.0,hold,1.5,480871.5,1.5,passive_inside_buy,,,
worse,round1-day-2,-2,954700,58,58,long_40_59,9993,10002,9,9997.5,10000.615384615385,-2.5,cheap,0.6923076923076923,3.1153846153847553,buy_pressure,-11.5,True,shock,1,passive_one_sided_buy,one_sided_mm,0,0,0,9,0,9,0,0,sell_take1_16,take1,580661.5,sell_take2_32,0.0,580661.0,0.5,passive_inside_buy,,,
worse,round1-day-2,-2,956800,52,52,long_40_59,9987,9999,12,9993.0,9998.142857142857,-7.0,cheap,0.8571428571428571,5.142857142856883,buy_pressure,-5.0,True,shock,1,passive_one_sided_buy,one_sided_mm,0,0,0,6,0,6,0,0,hold,hold,520607.0,mm_join_12,0.0,520607.0,0.0,passive_inside_buy,,,
worse,round1-day-2,-2,958500,48,48,long_40_59,9995,10005,10,10000.0,9996.176470588236,0.0,neutral,-0.7647058823529411,-3.823529411763957,sell_pressure,2.0,False,steady,1,passive_one_sided_sell,one_sided_mm,0,0,0,0,14,0,14,0,sell_take1_16,take1,480587.0,hold,3.0,480584.0,3.0,passive_inside_sell,,,
worse,round1-day-2,-2,959300,48,48,long_40_59,9995,10006,11,10000.5,9997.933333333332,0.5,neutral,-0.4666666666666667,-2.5666666666675155,sell_pressure,2.5,False,steady,1,passive_one_sided_sell,one_sided_mm,0,0,0,0,14,0,14,0,sell_take1_16,take1,480584.0,hold,18.5,480565.5,18.5,passive_inside_sell,,,
worse,round1-day-2,-2,963100,50,50,long_40_59,9995,10005,10,10000.0,9997.857142857143,0.0,neutral,-0.42857142857142855,-2.142857142856883,sell_pressure,2.0,False,steady,2,passive_two_sided,mm_inside,0,0,0,9,14,0,14,0,sell_take1_16,take1,500485.5,hold,10.5,500475.0,10.5,,,,
worse,round1-day-2,-2,965000,38,38,long_20_39,9987,9997,10,9992.0,9994.777777777777,-8.0,cheap,0.5555555555555556,2.7777777777773736,buy_pressure,-4.0,True,shock,1,passive_one_sided_buy,one_sided_mm,0,0,0,10,0,10,0,0,hold,hold,380476.0,mm_join_12,0.0,380476.0,0.0,passive_inside_buy,,,
worse,round1-day-2,-2,967300,36,36,long_20_39,9986,9998,12,9992.0,9997.2,-8.0,cheap,0.8666666666666667,5.200000000000728,buy_pressure,-4.0,True,shock,1,passive_one_sided_buy,one_sided_mm,0,0,0,10,0,10,0,0,hold,hold,360380.0,mm_join_12,0.0,360380.0,0.0,passive_inside_buy,,,
worse,round1-day-2,-2,968000,36,36,long_20_39,9989,9998,9,9993.5,9996.615384615385,-6.5,cheap,0.6923076923076923,3.1153846153847553,buy_pressure,-2.5,True,shock,1,passive_one_sided_buy,one_sided_mm,0,0,0,10,0,10,0,0,hold,hold,360380.0,mm_join_12,0.0,360380.0,0.0,passive_inside_buy,,,
worse,round1-day-2,-2,977500,47,47,long_40_59,9989,10000,11,9994.5,9990.692307692309,-5.5,cheap,-0.6923076923076923,-3.807692307691468,sell_pressure,2.5,False,steady,1,passive_one_sided_sell,one_sided_mm,0,0,0,0,14,0,14,0,hold,hold,470036.0,mm_join_12,0.0,470036.0,0.0,passive_inside_sell,,,
worse,round1-day-2,-2,978100,47,47,long_40_59,9984,9994,10,9989.0,9992.235294117647,-11.0,cheap,0.6470588235294118,3.235294117646845,buy_pressure,-2.0,True,shock,1,passive_one_sided_buy,one_sided_mm,0,0,0,7,0,7,0,0,hold,hold,469996.0,mm_join_12,0.0,469996.0,0.0,passive_inside_buy,,,
worse,round1-day-2,-2,979300,64,64,long_60_plus,9987,9998,11,9992.5,9988.57142857143,-7.5,cheap,-0.7142857142857143,-3.928571428570649,sell_pressure,2.5,True,shock,2,passive_two_sided,mm_inside,0,0,0,6,11,6,11,0,hold,hold,639814.5,mm_join_12,0.0,639814.5,0.0,,,,
worse,round1-day-2,-2,980000,64,64,long_60_plus,9988,9999,11,9993.5,9991.666666666666,-6.5,cheap,-0.3333333333333333,-1.8333333333339397,mixed_pressure,2.5,True,shock,2,passive_two_sided,mm_inside,0,0,0,6,11,6,11,0,hold,hold,639814.5,mm_join_12,0.0,639814.5,0.0,,,,
worse,round1-day-2,-2,980900,61,61,long_60_plus,9989,9999,10,9994.0,9990.25,-6.0,cheap,-0.75,-3.75,sell_pressure,3.5,True,shock,2,passive_two_sided,mm_inside,0,0,0,6,11,0,11,0,hold,hold,609817.5,mm_join_12,0.0,609817.5,0.0,,,,
worse,round1-day-2,-2,981400,61,61,long_60_plus,9989,10002,13,9995.5,9990.181818181818,-4.5,cheap,-0.8181818181818182,-5.3181818181819835,sell_pressure,4.5,True,shock,2,passive_two_sided,mm_inside,0,0,0,6,11,0,11,0,hold,hold,609817.5,mm_join_12,0.0,609817.5,0.0,,,,
worse,round1-day-2,-2,982400,61,61,long_60_plus,9989,9999,10,9994.0,9991.777777777777,-6.0,cheap,-0.4444444444444444,-2.2222222222226264,sell_pressure,3.0,True,shock,2,passive_two_sided,mm_inside,0,0,0,6,11,0,11,0,hold,hold,609817.5,mm_join_12,0.0,609817.5,0.0,,,,
worse,round1-day-2,-2,983100,61,61,long_60_plus,9983,9992,9,9987.5,9990.07142857143,-12.5,cheap,0.5714285714285714,2.571428571429351,buy_pressure,-3.5,True,shock,1,passive_one_sided_buy,one_sided_mm,0,0,0,6,0,6,0,0,hold,hold,609817.5,mm_join_12,0.0,609817.5,0.0,passive_inside_buy,,,
worse,round1-day-2,-2,983200,61,61,long_60_plus,9983,9992,9,9987.5,9990.3125,-12.5,cheap,0.625,2.8125,buy_pressure,0.0,True,shock,2,passive_two_sided,mm_inside,0,0,0,6,11,6,0,0,hold,hold,609817.5,mm_join_12,0.0,609817.5,0.0,,,,
worse,round1-day-2,-2,986400,61,61,long_60_plus,9984,9993,9,9988.5,9990.923076923076,-11.5,cheap,0.5384615384615384,2.4230769230762235,buy_pressure,-3.5,True,shock,2,passive_two_sided,mm_inside,0,0,0,6,11,6,0,0,hold,hold,609817.5,mm_join_12,0.0,609817.5,0.0,,,,
worse,round1-day-2,-2,987800,61,61,long_60_plus,9990,10001,11,9995.5,9993.142857142857,-4.5,cheap,-0.42857142857142855,-2.357142857143117,sell_pressure,2.5,False,steady,2,passive_two_sided,mm_inside,0,0,0,9,14,0,14,0,sell_take1_16,take1,609817.5,hold,8.0,609809.5,8.0,,,,
worse,round1-day-2,-2,988900,72,72,long_60_plus,9988,9998,10,9993.0,9991.333333333334,-7.0,cheap,-0.3333333333333333,-1.6666666666660603,mixed_pressure,2.0,True,shock,2,passive_two_sided,mm_inside,0,0,0,6,11,0,11,0,hold,hold,719653.5,mm_join_12,0.0,719653.5,0.0,,,,
worse,round1-day-2,-2,990500,80,80,long_60_plus,9982,9991,9,9986.5,9988.1875,-13.5,cheap,0.375,1.6875,buy_pressure,-3.0,True,shock,0,hold,hold,0,0,0,0,0,0,0,0,hold,hold,799541.5,mm_join_12,0.0,799541.5,0.0,,,,
worse,round1-day-2,-2,993300,80,80,long_60_plus,9985,9994,9,9989.5,9992.5,-10.5,cheap,0.6666666666666666,3.0,buy_pressure,-2.5,True,shock,1,passive_one_sided_sell,one_sided_mm,0,0,0,0,11,0,0,0,hold,hold,799541.5,mm_join_12,0.0,799541.5,0.0,passive_inside_sell,,,
worse,round1-day-2,-2,993900,80,80,long_60_plus,9991,10001,10,9996.0,9993.5,-4.0,cheap,-0.5,-2.5,sell_pressure,8.5,True,shock,1,passive_one_sided_sell,one_sided_mm,0,0,0,0,11,0,11,0,sell_take1_16,take1,799541.5,hold,2.5,799539.0,2.5,passive_inside_sell,,,
worse,round1-day-2,-2,999100,74,74,long_60_plus,9989,10000,11,9994.5,9991.894736842105,-5.5,cheap,-0.47368421052631576,-2.605263157895024,sell_pressure,-5.5,True,shock,2,passive_two_sided,mm_inside,0,0,0,6,11,6,11,0,hold,hold,739519.0,mm_join_12,0.0,739519.0,0.0,,,,
